0.384221 10.9738 12.7901 111.994
0.225338 2.35484 3.86748 44.366
0.346919 3.92449 5.37181 55.6048
0.238078 4.01472 5.48236 57.0259
0.169994 2.01769 3.57068 42.1054
0.470774 8.29139 9.78311 87.5212
0.21499 4.30714 5.78737 59.3341
0.219062 2.78739 4.26066 47.3839
0.466524 4.5406 6.22486 61.0607
0.324062 3.45791 4.91667 52.1988
0.60535 6.8154 9.04025 80.1147
0.246063 3.06364 4.52255 49.4883
0.356955 5.34032 6.79188 66.461
0.435628 4.19512 5.8109 58.1615
0.294141 7.99827 9.6885 89.1422
0.253674 5.03823 6.54255 65.2365
0.395674 8.52639 10.1199 91.74
0.406257 6.37127 7.83182 73.877
0.410998 3.76461 5.38006 55.1799
0.132231 2.0673 3.61349 42.478
0.210115 2.15581 3.696 42.9443
0.255163 2.38057 3.91722 44.5751
0.475179 4.43386 6.20202 60.6539
0.549191 8.10873 9.69961 85.5004
0.365446 3.67097 5.16459 53.8148
0.67041 11.207 13.2895 109.383
0.33131 3.57868 5.03455 53.0027
0.301903 4.24121 5.68673 58.2969
0.356802 3.33445 4.86501 51.5432
0.396189 9.25714 10.9043 97.4927
0.12661 1.91436 3.48683 41.4052
0.418869 4.36407 5.88961 58.8027
0.311961 4.18363 5.62399 57.8923
0.395003 5.72016 7.16703 68.9354
0.239726 2.48943 3.98973 45.2083
0.57562 9.87559 11.4703 98.4267
0.357135 3.9181 5.3747 55.5432
0.488067 7.22544 8.71462 79.2831
0.643908 15.6321 17.3113 136.444
0.200457 2.04424 3.60333 42.2599
0.69713 15.4263 17.3806 136.768
0.480693 6.23224 7.74338 72.2659
0.344588 16.0437 18.4471 155.612
0.16356 2.08139 3.62364 42.4609
0.480908 4.55805 6.32532 61.5615
0.601211 27.4191 29.5521 224.239
0.425931 3.85412 5.51441 55.9439
0.126461 1.62624 3.27081 39.768
0.382919 3.94546 5.43893 55.7726
0.755784 13.5303 16.8236 132.036
0.454984 6.41821 7.88472 73.9162
0.552912 5.59438 7.62437 70.3677
0.348109 5.63702 7.10755 69.0392
0.549554 6.17687 8.01024 73.1571
0.771434 13.2032 17.2329 135.885
0.685281 11.2935 13.5494 111.294
0.236592 2.60648 4.09179 46.1235
0.355903 3.14993 4.72283 50.3808
0.449199 4.1555 5.84977 58.3372
0.409059 8.49774 10.0671 91.1171
0.132261 1.64479 3.28442 39.8542
0.331174 3.7113 5.15899 53.9863
0.186798 1.99664 3.55863 41.9413
0.144253 1.69523 3.32195 40.1367
0.239263 2.30023 3.83497 43.9849
0.144978 1.86221 3.44465 41.1329
0.0385674 1.20021 3.03754 37.9383
0.0958393 1.62582 3.26952 39.715
0.258524 2.56636 4.06888 45.7637
0.193701 3.20999 4.67764 50.8006
0.332403 3.51353 4.97557 52.6348
0.417284 7.7268 9.2382 84.5498
0.727544 27.2598 29.131 214.735
0.473094 7.0546 8.53053 78.0519
0.301728 3.42338 4.87162 51.9029
0.33073 4.34659 5.78399 58.9047
0.303195 3.61115 5.05352 53.3261
0.227806 2.71072 4.18711 46.8664
0.546635 7.16249 8.82045 79.1716
0.643591 51.269 54.3426 391.491
0.389704 3.47641 5.08235 52.9289
0.241422 5.31359 6.83508 67.3581
0.192779 2.1252 3.66318 42.7995
0.245889 3.12598 4.58339 50.0032
0.877758 38.9925 43.8537 305.639
0.769588 36.2144 38.2183 268.206
0.695771 9.86018 12.6423 104.18
0.504737 10.4408 11.984 103.44
0.431843 7.55987 9.04898 82.9201
0.619704 194.684 206.848 1449.24
0.330933 4.22626 5.66289 58.0803
0.634542 7.28606 9.78291 85.0804
0.231602 5.15326 6.66728 66.371
0.317297 3.36779 4.82808 51.5443
0.578349 17.8241 19.5651 154.977
0.310723 5.40236 6.89198 67.831
0.399866 3.57083 5.19243 53.6939
0.465292 6.36335 7.84201 73.2124
0.778523 25.692 27.9802 205.897
0.205537 2.67042 4.15167 46.6894
0.402214 4.74582 6.20486 61.4543
0.442431 14.4154 16.3649 137.165
0.494517 5.35477 7.01118 66.6386
0.491931 6.29565 7.83043 72.7232
0.332828 4.05805 5.49565 56.6078
0.55714 6.38315 8.22944 74.9182
0.246369 2.3178 3.85748 44.1339
0.14716 1.88369 3.46158 41.2653
0.315515 4.34084 5.78283 59.0609
0.26924 4.96221 6.45597 64.426
0.550701 5.70382 7.67436 70.8567
0.416573 3.97491 5.56168 56.4061
0.655808 8.56096 10.9787 92.9943
0.499556 4.93747 6.71939 64.3921
0.166523 1.79677 3.40203 40.7266
0.591541 10.4239 12.0487 101.177
0.194216 2.77579 4.25402 47.5278
0.214203 2.489 3.98254 45.2967
0.36757 3.39444 4.94256 52.0818
0.0961567 1.42623 3.14388 38.7539
0.491882 6.4101 7.93705 73.9056
0.535996 11.8206 13.3876 113.293
0.528313 5.19297 7.12397 66.9587
0.798523 26.3192 28.922 208.807
0.315839 3.95036 5.38843 55.9069
0.461805 13.6833 15.51 130.82
0.427515 10.931 12.6399 110.245
0.455827 5.96202 7.44032 70.377
0.36632 4.67983 6.11727 61.2945
0.434361 6.43972 7.89636 74.4179
0.21628 3.70674 5.17287 54.6467
0.26731 7.381 9.0339 84.2153
0.694269 10.1834 12.8354 105.955
0.410422 13.4496 15.4187 131.37
0.344236 3.89854 5.34528 55.4331
0.264944 3.02191 4.48179 49.012
0.567393 12.1202 13.6891 113.594
0.661425 20.4465 22.1752 169.151
0.582746 44.0735 47.3669 351.506
0.182451 1.90658 3.48937 41.4449
0.168988 2.22809 3.75036 43.56
0.316147 3.90594 5.34427 55.5271
0.589661 6.57974 8.68607 77.7183
0.511404 4.95138 6.81866 64.8791
0.420162 3.82474 5.46524 55.5601
0.257967 2.56218 4.06486 45.7631
0.319115 3.25581 4.72869 50.6269
0.187845 2.03525 3.58907 42.234
0.327843 10.1684 12.0161 107.038
0.141015 2.1823 3.71224 43.1649
0.367845 5.22488 6.66803 65.7041
0.626335 11.1126 12.8527 106.427
0.589578 16.7196 18.3974 146.195
0.346792 4.72715 6.16616 61.8688
0.207062 2.07692 3.63316 42.5018
0.363878 7.59051 9.16618 84.6044
0.664276 9.09372 11.4994 96.4131
0.364468 3.52729 5.04073 52.7797
0.227953 2.17994 3.73128 43.178
0.50358 4.98688 6.78301 64.7389
0.292727 2.66003 4.19343 46.6636
0.178168 2.49929 3.99531 45.4969
0.662625 18.8985 20.6142 158.833
0.500993 4.79428 6.63098 63.6945
0.18031 1.92586 3.50197 41.5207
0.796954 14.6289 19.4527 150.141
0.288354 3.37954 4.82694 51.735
0.176006 1.96459 3.52945 41.7675
0.137537 1.63725 3.28128 39.8467
0.501671 7.5528 9.05423 81.7293
0.310741 4.32433 5.76793 58.8296
0.396064 3.84913 5.39061 55.3773
0.290631 2.70245 4.22185 46.8291
0.419692 5.22489 6.68375 65.0408
0.145077 1.81846 3.41089 40.8631
0.221085 2.28484 3.80684 43.86
0.326688 3.21351 4.70215 50.5079
0.668053 8.33375 11.0577 93.7207
0.167001 1.825 3.42185 40.9251
0.377744 3.55279 5.09713 53.1213
0.0496789 1.3198 3.08703 38.3361
0.39494 3.58586 5.18246 53.7226
0.303701 3.03717 4.51848 49.1146
0.433653 5.4965 6.96192 67.0248
0.424084 5.55521 7.00935 67.4778
0.281022 2.54862 4.0871 45.8831
0.361077 3.9739 5.4309 55.9565
0.367742 4.09923 5.55522 56.7817
0.400341 3.5768 5.19872 53.8401
0.105974 1.50233 3.1889 39.0907
0.863732 25.8092 32.0997 233.849
0.54023 10.9323 12.4752 106.321
0.756378 122.903 127.1 843.102
0.586094 6.64635 8.69305 77.6317
0.318552 2.82925 4.37899 47.8937
0.42824 4.00758 5.63596 56.8726
0.582842 6.14379 8.31656 75.288
0.494914 11.158 12.7437 109.268
0.66547 10.7213 12.8168 105.469
0.492809 9.63669 11.16 97.6231
0.460422 14.7793 16.6965 139.372
0.170041 1.84836 3.44006 41.0223
0.401484 4.79609 6.25195 62.1294
0.518073 5.4171 7.20021 67.7629
0.333034 2.95898 4.51331 48.9674
0.391331 5.89662 7.34909 70.4972
0.434477 7.88306 9.38409 85.2122
0.364883 18.0074 20.5684 171.305
0.732355 10.8266 14.2719 115.66
0.722708 14.7924 17.0951 133.558
0.556916 5.97979 7.92545 72.8429
0.487918 6.65647 8.16166 75.3129
0.533751 6.60351 8.26507 75.7395
0.504267 5.9011 7.51817 70.3769
0.312361 7.0597 8.66002 81.3422
0.836442 66.3685 68.6501 456.063
0.218273 2.18538 3.72527 43.1827
0.633876 7.34742 9.80878 85.2862
0.181777 2.79505 4.27423 47.5745
0.185964 2.15428 3.68611 42.9317
0.60844 8.43889 10.3231 88.838
0.295719 2.84917 4.34826 47.8318
0.416189 3.74977 5.39327 55.1693
0.543649 5.55157 7.50405 69.5285
0.0446735 1.20259 3.03837 37.9476
0.663576 17.9558 19.6717 151.996
0.389888 3.49395 5.0956 53.0085
0.398917 4.30345 5.78934 58.5437
0.536321 5.38385 7.32329 68.3918
0.211495 2.61623 4.09991 46.2376
0.332037 6.18454 7.70198 73.956
0.609304 10.6002 12.2859 102.448
0.256506 2.64013 4.13022 46.3214
0.179909 1.95176 3.52112 41.7104
0.281015 2.57825 4.10913 46.0091
0.124159 1.63279 3.27483 39.8013
0.687271 18.9264 20.7052 159.599
0.440662 7.01171 8.47818 78.6889
0.428394 4.11003 5.7142 57.4627
0.298562 3.62443 5.06643 53.5361
0.282687 3.50153 4.94651 52.556
0.0756968 1.40017 3.12827 38.658
0.2281 4.32503 5.80471 59.5546
0.206286 3.55339 5.01923 53.4573
0.486976 4.65078 6.4307 62.2858
0.397332 4.10054 5.60614 56.9822
0.275678 4.00968 5.4616 56.8207
0.342012 3.40313 4.89021 51.8784
0.455679 4.33581 6.01461 59.5034
0.358954 3.50759 5.01177 52.6599
0.601684 6.93102 9.07227 80.2608
0.57834 10.7906 12.3712 103.788
0.190477 3.33464 4.80145 51.8311
0.188091 2.39461 3.89787 44.7044
0.303527 2.74862 4.28288 47.2347
0.410064 3.9693 5.53327 56.2104
0.40487 3.68273 5.29406 54.5139
0.151354 1.90261 3.47668 41.3586
0.44882 4.33948 5.98217 59.2691
0.638093 9.1365 11.1851 95.2749
0.654266 8.7124 11.0628 94.0106
0.377609 4.07299 5.54369 56.678
0.594704 6.7508 8.86336 78.9403
0.303691 3.47263 4.91936 52.372
0.276119 4.49841 5.96668 60.6827
0.138244 1.80019 3.3966 40.7588
0.428865 7.76441 9.26533 84.5063
0.204607 2.45425 3.95096 45.0361
0.29608 2.89608 4.38802 48.2411
0.639096 9.42095 11.4324 96.3125
0.428925 7.74557 9.24554 84.5372
0.689758 22.1847 23.9602 179.82
0.150419 1.84731 3.43344 40.979
0.405985 3.78108 5.37154 55.0259
0.462465 88.3366 97.4086 731.726
0.779664 18.7169 21.6514 164.544
0.484404 12.9431 14.6532 124.042
0.382259 3.51344 5.0813 52.9661
0.543103 6.1007 7.903 72.5786
0.34035 5.02915 6.47914 64.35
0.645708 15.3695 17.0554 135.721
0.779581 13.5245 17.8264 139.23
0.661371 11.5085 13.464 109.904
0.125883 1.82207 3.4136 40.8893
0.195161 2.36412 3.86982 44.3716
0.452943 6.98532 8.45122 78.3012
0.481759 6.13747 7.6569 71.6225
0.0730974 1.31515 3.08518 38.2957
0.52327 5.56011 7.34455 68.7788
0.594717 8.48406 10.2615 89.2905
0.393752 4.48953 5.95222 59.8702
0.619808 7.70109 9.84757 85.518
0.510025 8.50201 10.0044 88.4217
0.421978 10.0016 11.6529 102.701
0.474849 4.55424 6.28343 61.3987
0.56178 19.8867 21.7796 172.955
0.483264 5.69988 7.26087 68.4807
0.275951 3.2183 4.67034 50.6091
0.184148 1.90495 3.48949 41.3904
0.490069 8.99226 10.497 92.7063
0.235855 2.3038 3.83395 44.0677
0.373926 3.40241 4.96908 52.1138
0.44359 4.84751 6.38113 62.5031
0.395625 4.14578 5.64194 57.1827
0.178427 2.91985 4.39476 48.6446
0.643119 11.8461 13.6364 111.507
0.307574 2.8609 4.37773 48.0817
0.44469 4.22125 5.87317 58.4562
0.542278 8.78404 10.3288 90.6134
0.485565 6.55591 8.06086 74.3376
0.391041 5.44613 6.88892 67.1874
0.263631 6.64122 8.24118 78.3024
0.66709 31.9577 33.9875 251.205
0.288404 2.60793 4.14578 46.3239
0.534951 5.60794 7.46774 69.4036
0.237235 2.96049 4.42402 48.6562
0.552326 5.99248 7.89349 72.5786
0.266645 3.6471 5.09631 53.9394
0.307617 4.48278 5.93238 60.2051
0.279368 2.87569 4.35332 47.928
0.532061 7.72872 9.28778 83.2257
0.335659 5.50558 6.97985 68.0496
0.288116 5.93075 7.47056 72.139
0.288231 4.42519 5.88369 59.9063
0.197546 1.9874 3.55931 41.9656
0.350956 3.14679 4.70447 50.3457
0.326588 3.14783 4.64647 50.0106
0.317542 2.82078 4.37017 47.9353
0.307722 3.25422 4.71631 50.7471
0.454161 7.00907 8.47549 78.0283
0.169737 2.52133 4.01673 45.6782
0.315487 5.12668 6.59791 65.4912
0.641118 7.53467 10.0493 87.009
0.284295 2.57734 4.1148 46.0058
0.181294 1.87999 3.46983 41.2456
0.306943 2.75843 4.29801 47.3494
0.34472 6.92278 8.47599 79.7227
0.116201 1.59874 3.25114 39.618
0.593259 10.4237 12.0542 101.963
0.2815 4.39593 5.85713 59.8015
0.649455 13.3517 15.0993 122.139
0.252267 6.51876 8.11201 77.1881
0.283437 3.24545 4.69725 50.5887
0.555379 7.25256 8.94437 79.7983
0.648196 8.0765 10.5195 89.8615
0.293684 2.68132 4.21139 46.8014
0.291772 3.00656 4.47959 48.9345
0.322428 2.85922 4.41116 48.1619
0.145328 1.72318 3.34141 40.2784
0.571091 6.0646 8.12727 73.8359
0.389619 3.46681 5.07522 52.8792
0.358817 3.37798 4.90497 51.7716
0.263582 3.57252 5.02221 53.2365
0.293458 2.67022 4.20257 46.6921
0.511077 6.31107 7.9073 73.0136
0.362802 3.60405 5.10172 53.4004
0.175927 1.86665 3.45658 41.1574
0.228744 2.17354 3.72766 43.2265
0.212458 3.58659 5.05186 53.7983
0.425237 7.22648 8.70693 80.3321
0.180716 2.25547 3.77369 43.7045
0.611347 13.9276 15.5495 125.741
0.238093 2.45945 3.96316 45.0882
0.117758 1.68212 3.30894 40.0142
0.285181 4.32553 5.78215 59.293
0.426416 5.34396 6.80619 65.9262
0.426731 7.30339 8.78584 81.1052
0.363709 4.40655 5.84676 59.2579
0.528675 5.48026 7.32523 68.3924
0.335882 12.2269 14.2589 123.764
0.108317 1.84231 3.42997 41.0324
0.360892 5.09178 6.5341 64.4832
0.252297 4.13934 5.60567 58.0799
0.612343 27.9126 30.0154 226.167
0.412866 4.64996 6.13113 60.879
0.495032 4.70429 6.52532 62.9362
0.761871 18.8801 21.3852 160.897
0.249028 2.37201 3.90209 44.4823
0.681539 14.2893 16.1883 127.633
0.452472 4.6805 6.26907 61.3928
0.314691 13.2534 15.4134 132.349
0.205226 2.90013 4.37196 48.4032
0.313894 4.00628 5.44453 56.5364
0.232888 2.24227 3.78347 43.6552
0.256301 2.54656 4.05029 45.697
0.278185 2.79788 4.28417 47.508
0.418829 4.1549 5.7136 57.7367
0.559858 7.19056 8.91537 79.8945
0.343875 3.8766 5.32416 55.211
0.360537 3.37845 4.9099 51.8342
0.582292 8.53914 10.2382 88.648
0.418372 3.85878 5.4815 55.6926
0.162305 2.13225 3.66721 42.7994
0.402431 6.95468 8.44205 78.5814
0.243932 5.49959 7.03086 69.0427
0.51201 5.19866 6.99574 66.1536
0.56306 6.22266 8.15775 74.1366
0.800734 36.0892 38.3165 267.694
0.139705 1.80876 3.40318 40.7523
0.362766 3.27478 4.83674 51.171
0.50952 4.92057 6.7828 64.7973
0.565534 11.837 13.4013 112.244
0.582747 10.198 11.803 100.573
0.711352 20.0387 21.9096 167.351
0.141886 1.67002 3.30428 40.0239
0.411768 4.29594 5.81159 58.4272
0.465408 4.4221 6.13199 60.3454
0.581317 6.27131 8.38046 75.4819
0.340908 24.4206 27.7357 225.639
0.589926 8.9593 10.6614 92.067
0.228193 2.73505 4.20993 47.0671
0.341205 6.35045 7.86883 75.0021
0.437414 4.15843 5.79111 58.0171
0.555727 11.4846 13.04 109.895
0.182923 2.80452 4.28319 47.6441
0.44598 5.5345 7.01622 67.2673
0.504247 4.84348 6.68925 64.1215
0.540661 5.96415 7.7789 71.8031
0.210021 2.78546 4.26041 47.4312
0.306243 7.18661 8.80248 82.3201
0.548992 5.98974 7.86333 72.5032
0.248742 3.63929 5.09504 53.8989
0.578972 15.0854 16.7216 135.558
0.336985 3.57476 5.03633 52.9783
0.358803 6.5766 8.08961 76.6727
0.225259 2.35803 3.87013 44.335
0.615764 6.84668 9.20937 81.1439
0.678469 37.1868 39.3534 285.413
0.338683 13.5677 15.7283 134.533
0.226033 4.58209 6.07135 61.625
0.399713 6.38329 7.84791 74.0876
0.255624 2.89891 4.36468 48.1781
0.464668 10.2215 11.8055 103.342
0.200791 2.02182 3.58705 42.1161
0.566641 16.8377 18.5611 148.965
0.19235 2.72637 4.20705 47.121
0.309241 3.39171 4.84477 51.7371
0.417634 5.53831 6.9882 67.4942
0.185677 1.90541 3.49106 41.3901
0.330983 4.11074 5.54764 57.148
0.40405 3.63594 5.25692 54.2365
0.678038 8.99968 11.6871 97.9043
0.230253 3.8696 5.3358 55.9982
0.40428 14.0153 16.0555 136.467
0.438922 3.99121 5.67831 57.0968
0.767082 15.7579 18.8574 146.48
0.819849 44.0632 46.3614 321.932
0.464474 4.46192 6.15539 60.6345
0.481491 19.6799 21.9104 177.395
0.941087 47.7414 72.0373 507.173
0.66375 8.84067 11.3089 95.7667
0.230411 4.98284 6.48882 64.7435
0.330364 5.00102 6.45604 64.1575
0.372731 3.35181 4.92745 51.8488
0.129989 1.69021 3.31524 40.0669
0.433322 4.05671 5.69609 57.4241
0.0598664 1.40094 3.12876 38.6173
0.140997 1.66501 3.30064 39.9987
0.173746 1.99854 3.5557 41.9488
0.373882 3.96701 5.44165 55.8712
0.33222 9.11734 10.8645 97.8617
0.382114 3.48834 5.06189 52.9004
0.364729 6.70661 8.22088 77.6338
0.472637 7.26591 8.74107 79.9736
0.265659 2.74165 4.22513 47.0965
0.179599 3.08864 4.55902 49.8006
0.632762 135.205 143.245 1006.44
0.572892 6.00629 8.1093 73.6292
0.247002 2.79905 4.27029 47.4902
0.284918 2.56593 4.10774 45.9461
0.646832 9.71987 11.7639 98.5423
0.581953 10.9771 12.5625 105.955
0.597964 10.7923 12.4254 103.852
0.207927 2.05068 3.61476 42.343
0.32273 5.95009 7.46186 72.1709
0.393446 8.88496 10.5088 94.8326
0.434481 6.28585 7.74126 72.913
0.661157 7.99255 10.7097 91.451
0.328202 8.97008 10.7097 96.8797
0.504671 9.10818 10.614 93.0418
0.0797913 1.48223 3.17582 39.0265
0.321094 4.79295 6.24571 62.7007
0.285059 2.99755 4.46654 48.7897
0.17348 2.2913 3.80613 43.8989
0.739499 12.5255 15.6067 124.544
0.693045 16.1925 18.0748 140.246
0.629619 7.48613 9.82964 85.4139
0.295994 2.87373 4.3691 48.0891
0.782788 16.1579 19.7051 152.051
0.307314 6.6458 8.22004 77.8708
0.286676 2.57877 4.12081 46.0606
0.541002 7.71907 9.30641 82.6453
0.26419 3.2974 4.74813 51.1567
0.453302 4.39537 6.04656 59.6504
0.27694 8.57742 10.3232 94.3583
0.532109 7.24184 8.83201 79.2643
0.56005 7.91586 9.56275 84.1941
0.774618 42.8855 44.9241 311.237
0.273017 3.68546 5.13278 54.1988
0.534761 15.7756 17.5239 142.907
0.574472 7.52314 9.29239 82.0212
0.42484 3.91278 5.55066 56.2367
0.52076 5.80049 7.5175 69.8872
0.708129 24.238 26.057 193.375
0.632989 9.85769 11.7528 99.3126
0.422669 14.6666 16.7063 140.887
0.196727 2.88493 4.35879 48.2866
0.640751 9.33552 11.3781 95.9081
0.504749 4.85106 6.69827 64.1833
0.422793 20.9002 23.5349 192.217
0.245964 2.67972 4.16047 46.5655
0.283897 2.57321 4.11095 45.9772
0.347652 3.89433 5.34374 55.3136
0.194931 2.09944 3.64301 42.6364
0.348383 3.3373 4.84693 51.4099
0.270759 2.61411 4.12156 46.1757
0.244202 4.77755 6.27203 63.0608
0.578004 6.14583 8.25921 74.769
0.105234 1.67367 3.30311 40.0434
0.226707 2.2042 3.7478 43.3901
0.361155 3.20299 4.77891 50.8524
0.422135 4.43374 5.9589 59.4714
0.471203 12.602 14.3232 121.222
0.325118 5.70877 7.20356 69.9129
0.590966 6.73808 8.81177 78.7038
0.398143 7.81188 9.35297 85.7215
0.593872 6.37286 8.60272 76.9962
0.30812 3.92854 5.36761 55.9069
0.634577 8.86605 10.9259 92.8818
0.26977 3.85232 5.30333 55.5145
0.163894 1.85439 3.44171 41.0218
0.232923 2.41795 3.92491 44.706
0.49804 7.34895 8.84936 79.9842
0.452159 4.22632 5.91635 58.8279
0.182248 2.75637 4.23714 47.3691
0.646737 8.89865 11.0967 94.4924
0.500514 7.73949 9.23647 82.803
0.138485 1.92655 3.49612 41.5672
0.287303 3.77581 5.21922 54.8529
0.038088 1.15939 3.02467 37.8394
0.621124 7.61741 9.8027 85.7025
0.269817 3.94327 5.39623 56.1835
0.437328 15.4566 17.5146 146.142
0.505243 4.99668 6.80198 64.8438
0.409806 3.80729 5.40661 55.1915
0.205019 3.25926 4.72502 51.1544
0.480796 4.5332 6.30757 61.4862
0.437163 5.1063 6.59876 64.0091
0.300048 7.91538 9.59456 88.5507
0.595773 7.54167 9.47174 83.189
0.812164 15.3159 20.9338 160.389
0.672035 9.33744 11.8071 99.1938
0.489698 5.65906 7.24796 68.6257
0.636335 10.9076 12.7228 105.871
0.239584 3.94543 5.41072 56.387
0.204973 2.02649 3.5944 42.1854
0.613486 15.2154 16.8487 134.232
0.371433 6.14737 7.62323 72.6546
0.122849 1.93031 3.49991 41.5776
0.40008 3.85726 5.40984 55.394
0.538295 14.9799 16.6774 136.009
0.147035 1.78664 3.38729 40.6213
0.218777 2.87546 4.34529 48.1505
0.23579 2.44926 3.95315 44.9922
0.550246 5.62984 7.62023 70.5581
0.470054 4.4094 6.15161 60.4703
0.746859 21.7488 23.8379 179.051
0.616809 7.7555 9.85288 85.398
0.412639 4.31987 5.83464 58.6719
0.174198 2.03807 3.58783 42.2105
0.31269 4.88847 6.35058 63.5207
0.578825 6.11221 8.24722 74.7084
0.302841 2.78424 4.3085 47.451
0.399085 3.96183 5.49245 56.0964
0.277082 6.04958 7.60395 73.3699
0.182307 2.76421 4.24462 47.4598
0.194536 2.47078 3.96685 45.2269
0.50686 6.94765 8.48083 77.4964
0.399896 3.66071 5.25733 54.1321
0.25393 6.87872 8.4965 80.2759
0.702836 9.80598 12.7766 105.423
0.312381 2.86937 4.39417 48.0649
0.284474 2.90053 4.3794 48.121
0.500493 9.58123 11.0988 96.9803
0.257148 2.91639 4.38128 48.2486
0.538777 10.2906 11.8233 100.879
0.319057 3.19525 4.6753 50.2966
0.643114 9.81619 11.8078 98.8883
0.347509 13.4364 15.5679 133.805
0.482579 5.96479 7.49896 70.3838
0.462483 6.52914 8.00104 74.3678
0.494644 5.52016 7.14938 67.7203
0.249884 2.47324 3.98364 45.2045
0.287782 3.95505 5.4005 56.28
0.473607 7.14477 8.62066 79.141
0.142928 1.94325 3.5095 41.575
0.384663 3.83206 5.34508 54.9841
0.558545 7.30993 9.01189 80.2381
0.357676 4.62175 6.05837 60.7209
0.349223 5.31611 6.77148 66.3757
0.441244 4.31772 5.93056 59.0458
0.491031 4.7215 6.50784 62.8384
0.158125 1.93615 3.50375 41.6055
0.392767 17.6521 20.0869 167.135
0.270108 3.01792 4.47895 49.0578
0.572605 8.60976 10.2571 89.1259
0.466313 4.41926 6.13535 60.3977
0.427427 4.39815 5.94423 59.2991
0.26591 5.97223 7.52659 72.9307
0.188415 1.95305 3.52709 41.6788
0.26136 2.86579 4.33508 47.9161
0.40093 8.71018 10.3078 93.1046
0.439972 7.16643 8.63703 79.4817
0.706959 9.542 12.7325 104.936
0.279261 2.99445 4.46043 48.8625
0.433765 4.45941 6.01661 59.8537
0.186723 2.01607 3.57359 42.0446
0.3542 6.04726 7.53382 72.3749
0.338358 3.5342 5.00096 52.7598
0.82806 42.9241 45.365 311.141
0.580743 16.9185 18.6172 148.054
0.386826 3.71889 5.25714 54.3299
0.458897 5.72397 7.21885 68.5075
0.49728 8.97794 10.481 92.2285
0.427343 5.56528 7.02198 67.3556
0.587948 7.49588 9.36774 83.0457
0.322282 2.89602 4.43771 48.3569
0.713477 14.2013 16.4415 129.219
0.512023 4.96553 6.83314 65.1415
0.476075 7.71069 9.19027 83.2593
0.387599 4.16559 5.64409 57.3956
0.362136 3.86939 5.33574 55.0588
0.320072 2.84411 4.39382 48.0965
0.218842 4.43955 5.92398 60.5087
0.550625 6.98441 8.68433 77.9957
0.172755 2.12816 3.66326 42.8127
0.431855 6.70669 8.16783 76.2158
0.269246 2.47534 4.01091 45.2542
0.30667 3.89501 5.33428 55.5105
0.398172 10.5663 12.3151 107.969
0.261043 4.90765 6.40252 64.1317
0.468372 8.07366 9.56017 86.1523
0.314751 5.84127 7.35365 71.143
0.232154 2.39994 3.90923 44.6602
0.450379 4.23944 5.91598 58.8918
0.419041 4.90579 6.37927 62.8393
0.64822 17.371 19.058 148.42
0.213621 2.41393 3.9151 44.7614
0.248481 5.1549 6.66676 66.2079
0.206248 3.11082 4.57786 49.8984
0.439936 5.45352 6.92953 66.6641
0.36776 3.99756 5.46073 56.0424
0.228217 2.88171 4.34955 48.0934
0.391087 3.53731 5.13171 53.2613
0.357627 8.55671 10.2173 93.1261
0.380884 20.7695 23.5708 193.55
0.413707 4.94161 6.40532 62.9942
0.453495 8.46636 9.97564 89.2342
0.303109 4.60113 6.05754 61.2465
0.482703 8.42419 9.91647 88.2719
0.255008 2.7276 4.20689 46.8768
0.750287 18.6016 20.9346 158.006
0.304146 9.27432 11.0662 99.9475
0.512257 5.4688 7.2017 67.8029
0.563885 11.2933 12.8514 108.31
0.537607 7.13459 8.7551 78.8786
0.329136 3.54248 4.99914 52.841
0.454718 5.95456 7.43152 70.1474
0.421963 3.85935 5.49853 55.8677
0.353289 3.92854 5.38072 55.6224
0.770252 20.219 22.7504 171.56
0.38988 16.7819 19.1387 159.401
0.3324 3.03885 4.57133 49.427
0.299026 3.38461 4.83379 51.6427
0.0311421 1.14532 3.02073 37.7877
0.419974 37.8302 42.2366 330.713
0.374175 3.59481 5.12074 53.3778
0.367129 3.50782 5.03133 52.7166
0.168263 2.07034 3.61425 42.4296
0.410404 9.99331 11.6685 102.808
0.585566 11.6899 13.2752 110.837
0.353322 8.54693 10.2137 93.0727
0.224801 3.10435 4.56721 49.9451
0.475841 6.61372 8.10003 75.1835
0.64631 412.592 435.824 3009.47
0.773884 19.0331 21.7755 163.753
0.313879 2.85028 4.3829 47.9418
0.201778 2.64323 4.12659 46.4851
0.272094 2.4755 4.01623 45.355
0.24227 2.68795 4.16704 46.6334
0.288202 3.7567 5.19974 54.6941
0.171278 1.83951 3.43453 41.0266
0.499752 4.9247 6.71165 64.3669
0.311924 2.86293 4.38821 48.1036
0.477983 5.26604 6.86238 65.6754
0.608784 6.76203 9.05322 80.1939
0.728645 11.44 14.5412 117.417
0.588825 10.9373 12.5394 105.502
0.491547 8.70681 10.2045 90.496
0.26874 2.44708 3.98923 45.1632
0.168579 1.93173 3.5018 41.5034
0.518173 6.55628 8.15478 74.7721
0.356504 3.384 4.90397 51.8234
0.119617 1.54255 3.21606 39.3068
0.33267 4.90146 6.35133 63.261
0.470943 11.0273 12.6472 109.007
0.531703 17.4007 19.2534 155.572
0.366983 3.27 4.84758 51.2602
0.418986 26.778 30.0295 239.573
0.359385 12.7494 14.7886 127.479
0.605906 8.18461 10.0877 87.7567
0.553053 7.35366 9.02199 80.5331
0.426011 5.14894 6.61919 64.5123
0.38215 3.55407 5.11203 53.2032
0.365493 4.18051 5.62979 57.5271
0.270158 2.6062 4.11436 46.1221
0.0952382 1.42516 3.14315 38.7762
0.453686 4.26402 5.95176 59.0297
0.633115 7.25774 9.74117 84.7898
0.590789 8.402 10.1638 87.964
0.508242 5.12519 6.91551 65.742
0.321295 4.64355 6.09101 61.4277
0.364737 6.36926 7.86337 74.572
0.836495 22.7364 27.4108 201.528
0.241282 2.3361 3.86498 44.2486
0.383395 3.40653 5.00717 52.3911
0.527493 5.2411 7.14848 67.1123
0.51556 5.66887 7.38055 69.3577
0.173847 1.84923 3.44298 41.0858
0.297115 5.55957 7.06928 69.1503
0.178957 2.67685 4.16181 46.7587
0.546773 9.91804 11.4556 98.0147
0.413755 3.79185 5.41203 55.3319
0.301023 2.69468 4.23731 46.9679
0.185153 2.20786 3.73196 43.3862
0.330213 4.27037 5.70725 58.2189
0.313323 2.96283 4.47017 48.7069
0.415029 22.8918 25.7654 208.934
0.238149 2.23843 3.78748 43.6027
0.496038 5.83263 7.42467 69.4543
0.573364 28.3137 30.6557 234.834
0.506218 5.14154 6.91344 65.5694
0.238408 4.31471 5.79183 59.5301
0.368265 4.83074 6.26833 62.4061
0.310569 2.78041 4.32292 47.5459
0.517377 19.8907 21.967 175.335
0.428777 6.48138 7.93838 74.5425
0.720147 15.624 17.8036 138.216
0.59085 8.65608 10.391 90.1145
0.354675 4.30539 5.74412 58.3052
0.322692 30.6336 34.6703 276.681
0.2813 3.9823 5.43103 56.5038
0.458691 8.2958 9.79404 87.9331
0.260674 5.08809 6.5924 65.5051
0.309516 3.02003 4.5114 49.0135
0.226855 3.48509 4.94626 52.8827
0.327387 2.9013 4.45539 48.5493
0.316181 3.31641 4.78015 51.0507
0.228874 4.56672 6.05511 61.5198
0.530144 8.04264 9.58325 85.5868
0.327494 3.41979 4.88515 52.0144
0.276585 2.65039 4.15858 46.3934
0.513565 7.33156 8.86217 80.5122
0.322229 3.86536 5.30459 55.1287
0.0816137 1.47789 3.17316 39.0218
0.338028 3.2396 4.74447 50.6759
0.259959 6.48536 8.07538 77.1679
0.404364 5.14525 6.5928 64.5248
0.43932 5.31185 6.79452 65.9005
0.556611 11.3671 12.9212 109.448
0.293212 2.64413 4.18267 46.5754
0.419166 16.3881 18.6002 154.67
0.692775 9.77273 12.5167 103.9
0.087706 1.5296 3.20535 39.2699
0.340328 4.97167 6.4197 63.9052
0.375256 3.55244 5.08951 53.1258
0.295871 5.79597 7.32139 71.1358
0.113554 1.67117 3.30113 40.0148
0.379476 3.77223 5.28183 54.534
0.101913 1.73378 3.34712 40.3986
0.436816 4.48768 6.05077 60.0232
0.250999 2.32783 3.87183 44.2137
0.203763 2.96564 4.43597 48.9435
0.253343 3.70603 5.16106 54.5548
0.316206 5.6214 7.11904 69.559
0.571013 6.25943 8.26057 74.9053
0.370414 4.7693 6.20712 61.8048
0.393693 3.7401 5.29553 54.5753
0.349152 13.6165 15.7628 134.673
0.548471 5.76022 7.69243 71.2154
0.318496 3.53825 4.98781 52.8272
0.752979 176.618 182.636 1203.41
0.395153 5.57928 7.02365 67.7757
0.150665 1.70881 3.33386 40.2486
0.508991 20.5009 22.6616 181.277
0.323613 2.89282 4.43883 48.4369
0.728285 13.6868 16.2439 129.072
0.754137 12.3353 15.9695 126.626
0.380165 4.16316 5.63014 57.1859
0.544408 9.58067 11.1167 95.6204
0.368582 3.40632 4.95483 52.071
0.17073 1.8214 3.42164 40.8831
0.730302 11.1291 14.3875 116.501
0.358275 3.82528 5.29037 54.9187
0.365288 3.62267 5.1228 53.5462
0.220465 2.14804 3.69909 42.9665
0.406322 6.18927 7.64432 72.6541
0.482597 5.22464 6.84713 65.6603
0.146676 2.18297 3.71252 43.2838
0.426816 7.4422 8.93038 82.1689
0.682081 20.7513 22.5075 172.034
0.273701 2.49153 4.03099 45.4043
0.410821 3.75271 5.37063 55.0392
0.486875 5.10037 6.76635 64.731
0.310286 10.0008 11.8527 105.468
0.474565 4.42652 6.19292 60.59
0.507532 6.76345 8.30942 75.9034
0.43002 3.89283 5.56245 56.3532
0.360721 3.4096 4.93528 52.1472
0.292808 2.7148 4.2354 46.9982
0.196274 2.83337 4.30904 47.8054
0.672274 13.3143 15.2062 122.8
0.685109 11.4692 13.694 111.986
0.27797 3.19156 4.64489 50.2031
0.126555 1.72257 3.33835 40.286
0.39474 4.05905 5.56401 56.6576
0.529809 8.93398 10.4555 91.6636
0.466444 9.01277 10.5335 93.3102
0.531038 7.45703 9.02855 80.9722
0.410829 9.73274 11.3871 101.124
0.343784 3.10336 4.65079 49.9001
0.556741 12.6337 14.2132 117.594
0.339573 3.40655 4.8892 51.8528
0.297978 2.67343 4.21476 46.8049
0.604966 10.685 12.3481 103.08
0.247839 3.68426 5.14102 54.4044
0.162175 1.77005 3.3812 40.5728
0.492739 5.8143 7.39598 69.36
0.494303 6.41256 7.94561 73.8504
0.333458 3.24638 4.74146 50.6725
0.612375 7.27334 9.4452 82.6269
0.207096 2.8029 4.2777 47.6258
0.60624 16.2536 17.9041 143.535
0.310133 5.47885 6.97332 68.3276
0.577924 6.1983 8.29282 75.0428
0.538691 6.22616 7.97374 73.1485
0.410803 4.24203 5.76244 58.0745
0.388391 24.7996 28.0007 225.609
0.668834 34.7669 36.8918 268.604
0.201761 2.01771 3.58496 42.0975
0.396204 3.63671 5.22497 54.0494
0.522248 8.26895 9.78815 86.6641
0.504771 15.5823 17.408 142.949
0.379603 3.48763 5.05262 52.8471
0.832099 18.3723 24.2235 181.872
0.697469 13.8526 15.9327 125.798
0.632638 9.43747 11.3845 95.7874
0.541114 7.85158 9.4311 84.1866
0.690947 11.03 13.4197 110.336
0.417065 8.98852 10.5775 94.5226
0.501617 7.68003 9.17919 82.4328
0.686132 10.8197 13.1748 108.534
0.420137 4.00626 5.60008 56.6888
0.633165 7.42387 9.84484 85.5357
0.357255 7.52727 9.10778 84.2336
0.213531 2.31389 3.82782 44.0668
0.282664 3.72723 5.17171 54.3681
0.330595 3.69788 5.14591 53.8245
0.351205 11.522 13.4594 117.827
0.573296 6.23832 8.26927 75.1571
0.498278 26.9515 29.6936 233.051
0.190524 2.4554 3.95317 45.138
0.300409 7.75194 9.41755 87.195
0.262748 2.93948 4.40386 48.5421
0.0660705 1.31291 3.08378 38.2751
0.400363 5.71441 7.16044 69.008
0.436481 4.02096 5.68599 57.2571
0.287662 4.1006 5.54921 57.4507
0.259296 2.37988 3.92345 44.6009
0.293473 3.60112 5.04371 53.3056
0.497346 5.46591 7.11681 67.4016
0.254824 2.65947 4.14612 46.3831
0.437551 4.2989 5.90006 58.6949
0.685151 13.2095 15.2223 122.456
0.239417 3.66268 5.12208 54.2936
0.151849 2.28078 3.79869 43.9198
0.273184 6.28322 7.85519 75.3163
0.324939 2.97877 4.50696 48.9135
0.448001 5.04582 6.56945 63.7217
0.225212 2.55281 4.04126 45.6934
0.174326 1.85393 3.44659 41.0491
0.361521 4.79431 6.23172 62.3605
0.590501 13.238 14.8334 121.385
0.38094 5.93171 7.39087 71.0419
0.243628 3.6239 5.08128 53.9465
0.383377 7.63051 9.18072 84.7689
0.383573 12.9024 14.8977 127.901
0.270401 3.26294 4.71362 50.9023
0.416469 3.78048 5.41626 55.3997
0.254986 3.74179 5.1968 54.8201
0.320262 3.29115 4.76149 51.0209
0.291418 5.11232 6.60054 65.6576
0.780026 13.1988 17.6794 138.472
0.516096 5.10882 6.96313 65.8801
0.312446 6.12373 7.65661 73.756
0.321379 36.5582 41.2686 326.577
0.394588 5.44992 6.89275 67.0136
0.494141 7.09559 8.59642 78.2917
0.226366 2.60194 4.08619 45.9871
0.254606 5.67355 7.21289 70.4135
0.554386 8.67625 10.2547 89.7448
0.272957 2.51851 4.04968 45.6235
0.214236 2.09322 3.65217 42.6671
0.328746 3.07418 4.59053 49.6452
0.393968 6.91662 8.41039 78.3965
0.677076 13.7553 15.6542 124.593
0.46768 9.63812 11.1865 98.1593
0.712967 10.2503 13.3253 109.309
0.429984 6.47585 7.93271 74.5164
0.324263 3.65938 5.10583 53.7247
0.20771 2.47954 3.9739 45.1704
0.696795 10.5877 13.1817 108.48
0.45294 6.14052 7.60979 71.8568
0.340062 5.068 6.51956 64.6863
0.428974 5.4356 6.89759 66.6599
0.455206 9.08888 10.6256 94.1328
0.182743 2.02578 3.57974 42.0819
0.584667 8.54187 10.2533 88.8494
0.0997348 1.74226 3.35347 40.4503
0.352838 3.20354 4.75253 50.6386
0.541422 6.91486 8.57574 77.337
0.180112 2.08313 3.62576 42.4968
0.524226 5.13447 7.04895 66.6052
0.383328 5.51507 6.9603 67.5988
0.39596 4.51016 5.97453 59.8182
0.109131 1.54392 3.21492 39.344
0.238537 3.27502 4.7324 51.214
0.63795 8.89609 10.9877 93.6605
0.229481 4.34227 5.82231 59.5985
0.288244 4.02251 5.46906 56.6256
0.240772 2.32213 3.85357 44.1858
0.375586 13.4921 15.5651 132.845
0.347664 8.80055 10.4975 94.9244
0.344392 4.024 5.46581 56.4002
0.452916 19.8141 22.1973 180.087
0.0891331 1.62618 3.26988 39.7169
0.13285 1.79957 3.39606 40.7732
0.355075 4.62306 6.05967 60.7547
0.421729 5.58455 7.03647 67.7744
0.196869 1.9946 3.56388 41.9703
0.438066 5.36491 6.84246 66.0251
0.310735 3.2283 4.69532 50.5479
0.609616 6.77529 9.07353 80.2724
0.167948 2.08056 3.62286 42.4574
0.329688 3.69565 5.14326 53.9559
0.289021 4.16268 5.61225 57.9462
0.190659 1.93776 3.51797 41.6507
0.645655 15.6403 17.3237 137.843
0.0451623 1.23162 3.04895 38.0347
0.132514 1.61599 3.26578 39.6777
0.385406 8.24217 9.83224 89.6314
0.390057 3.47049 5.07964 52.9004
0.233987 4.64705 6.13796 62.2306
0.407835 7.26953 8.76731 80.9769
0.651446 36.3764 38.6621 283.345
0.804611 15.026 20.1919 155.348
0.307158 2.85223 4.37009 47.9296
0.466931 17.9041 20.0537 163.685
0.201929 2.00557 3.57644 42.095
0.140889 2.13521 3.6713 42.9606
0.594815 31.6473 34.0538 257.054
0.201651 2.0163 3.58384 42.1506
0.161522 1.76884 3.37998 40.5536
0.390479 3.87538 5.39646 55.4763
0.325078 4.48411 5.92548 60.0579
0.254591 4.72665 6.21544 62.6967
0.177675 3.0067 4.47909 49.3075
0.214984 2.33136 3.84324 44.1861
0.255812 5.63372 7.17039 70.2375
0.682173 11.5839 13.7531 112.554
0.512129 4.94479 6.8203 65.0224
0.272589 2.47439 4.01637 45.3631
0.303973 6.76608 8.35213 79.0056
0.406557 5.33106 6.77712 65.9635
0.450642 4.22197 5.90485 58.64
0.479201 23.288 25.8381 205.987
0.725387 33.341 35.2641 252.282
0.624583 18.8011 20.5036 159.485
0.638917 8.83257 10.948 93.5438
0.559091 5.91135 7.89833 72.4006
0.026943 1.11545 3.01344 37.7399
0.136269 1.86082 3.4436 41.0713
0.434604 31.9551 35.6359 280.98
0.300524 7.00551 8.61244 80.8953
0.491124 5.22499 6.88838 65.7244
0.415636 3.73304 5.37892 55.0962
0.378775 6.19498 7.66688 73.0409
0.0260479 1.12195 3.01491 37.7445
0.411152 3.99386 5.55672 56.4755
0.55189 6.58268 8.35184 75.9077
