0.3717 54.4466 96.3897 1848.44
0.312534 45.2642 76.9938 1602.23
0.448112 80.3695 121.368 2097.62
0.315889 56.4438 102.684 1993.7
0.40812 897.799 1026.43 9198.28
0.392636 51.8605 96.1914 1888.52
0.428802 48.6556 90.4783 1792.47
0.37486 49.6697 91.1264 1828.49
0.427444 44.3829 109.638 2173.53
0.369118 302.99 357.653 4208.23
0.355332 43.1729 99.5065 2065.76
0.428115 78.1185 151.248 2613.9
0.388655 138.218 174.895 2593.78
0.329475 64.8778 116.63 2248.8
0.40966 111.557 184.067 2955.94
0.361753 56.3612 101.833 1954.2
0.357316 57.1029 101.327 2068.56
0.251723 35.7022 71.1906 1608.83
0.487556 70.0288 133.069 2358.9
0.432582 61.7117 130.012 2331.75
0.370717 150.146 244.826 3931.44
0.435367 167.359 219.979 3116.58
0.543935 221.21 269.085 3479.73
0.48839 91.4086 165.948 2802.17
0.538759 67.1867 152.913 2557.05
0.461395 57.0337 101.272 1926.51
0.437944 79.7991 135.998 2295.38
0.358556 39.1538 78.4106 1675.36
0.285546 30.1885 73.4728 1707.93
0.18947 31.0456 56.831 1369.48
0.395167 59.7349 123.028 2412.32
0.362006 55.996 100.525 1976.24
0.428631 134.359 224.374 3378.22
0.393736 120.294 214.336 3369.69
0.529722 570.955 678.841 7209.85
0.397038 63.1213 106.971 2008.38
0.489934 87.6055 161.096 2661.52
0.397519 66.1254 130.276 2292.37
0.264789 27.4497 60.7652 1412.75
0.409269 65.1426 112.184 2093.43
0.33264 204.846 264.178 3787.78
0.359318 36.7295 83.53 1755.47
0.344231 26.1663 67.6426 1537.23
0.455386 99.1656 143.343 2424.71
0.377279 44.8121 98.3167 1991.52
0.37974 30.4982 73.0856 1588.32
0.446559 116.935 164.279 2637.81
0.518898 274.102 322.327 3882.54
0.382634 1206.43 1365.21 11875.6
0.333564 33.0293 67.5926 1501.13
0.481371 99.5295 154.786 2572.74
0.345496 182.964 237.782 3242.27
0.396601 186.867 225.419 3025.87
0.463264 96.7207 144.992 2435.58
0.275063 26.7656 61.77 1508.22
0.573158 98.5818 204.353 3346.45
0.427534 161.758 205.218 2913.66
0.365212 54.8611 93.7206 1801.9
0.381989 52.5388 92.9195 1832.68
0.458442 119.612 177.162 2812.2
0.406671 30.037 73.7415 1533.55
0.370006 32.7179 70.5259 1568.62
0.354955 140.336 181.86 2828.46
0.439964 94.5054 188.831 3184.19
0.354749 45.1122 81.6101 1638.02
0.482128 119.414 205.481 3197.45
0.460272 169.467 240.939 3677.22
0.471384 62.3801 124.868 2195.94
0.440394 79.9818 147.223 2535.6
0.352203 108.336 181.401 3216.43
0.496024 54.3833 122.697 2261.24
0.422097 42.019 93.0765 1836.15
0.318868 39.8696 81.9198 1755.74
0.311438 49.2842 91.0386 1840.17
0.299777 83.1467 115.218 2049.31
0.466791 142.45 213.88 3426.25
0.436849 88.6581 145.163 2431.47
0.355586 70.6702 110.413 2050.59
0.472367 82.709 150.518 2498.34
0.305412 97.4069 129.714 2115.67
0.42356 41.3715 89.4172 1803.01
0.363761 63.4217 119.729 2258.49
0.250011 26.9088 58.9844 1440.41
0.414684 37.0475 75.3531 1563.05
0.371823 43.0267 80.9171 1698.75
0.515736 325.212 382.516 4467.72
0.477089 216.857 266.519 3567.68
0.442039 116.031 161.2 2581.95
0.349119 115.569 173.75 3013.55
0.245544 141.667 182.867 2698.66
0.435615 65.3659 108.668 2031.84
0.397172 54.7744 110.476 2135.81
0.463953 90.3079 138.607 2360.18
0.310927 51.1018 117.44 2372.43
0.345259 50.9127 89.9064 1827.41
0.307949 34.2739 70.5067 1551.74
0.455987 108.796 164.69 2757.39
0.431291 102.084 177.212 3158.08
0.297618 32.3919 65.9018 1494.11
0.539656 218.865 303.108 3971.02
0.409988 40.2445 86.1952 1761.52
0.457209 122.067 222.755 3540.2
0.611514 81.0702 158.184 2575.35
0.488933 160.653 213.422 3070.01
0.327174 38.5202 78.8141 1634.99
0.494587 72.3773 150.075 2612.74
0.375791 84.985 128.905 2261.6
0.432639 65.0813 125.114 2334.41
0.319866 36.8182 86.3179 1863.74
0.389523 45.7913 112.538 2232.47
0.287142 54.957 93.1612 1854.53
0.399198 111.203 154.394 2541
0.324056 34.1171 69.3233 1548.86
0.337083 43.2512 86.8593 1792.66
0.500248 223.036 344.824 5110.75
0.462963 97.6622 168.971 2761.4
0.409566 46.1437 86.8724 1750.77
0.417169 81.6092 139.924 2382.17
0.426922 82.4902 124.85 2241.81
0.380522 160.19 212.272 3221.3
0.350287 48.9515 96.3476 1928.15
0.404513 169.705 227.492 3424.52
0.399272 71.6789 126.202 2186.09
0.362164 69.9127 106.091 1984.79
0.452378 106.116 175.046 2815.8
0.409431 94.0733 172.86 2846.05
0.320683 39.2886 89.8875 1941.13
0.429582 33.0556 74.1952 1572.11
0.354306 66.8462 101.32 1882.51
0.419857 50.3303 97.7739 1877.56
0.403855 54.7356 104.677 1955.91
0.448942 251.768 304.057 3808.99
0.488826 114.726 185.606 3056.72
0.362328 77.2222 124.601 2270.59
0.364044 37.8964 72.2835 1529.04
0.412284 35.8535 81.5254 1715.32
0.448846 83.7559 160.785 2814.6
0.46345 84.6993 150.472 2634.78
0.376869 133.061 166.942 2498.77
0.416735 124.119 156.183 2337.42
0.331543 54.8619 112.041 2193.51
0.440972 68.4535 118.616 2169.83
0.527468 49.5665 107.702 1972.85
0.407498 37.3076 87.2498 1813.9
0.366726 120.43 170.003 2808.52
0.311878 38.744 74.1423 1647.64
0.410885 31.9954 78.7408 1619.55
0.382796 68.8355 109.452 1999.84
0.322215 25.5366 57.7775 1364.69
0.340454 78.2945 138.533 2505.78
0.390335 46.1778 87.67 1768.78
0.408063 286.418 331.844 3921.33
0.411149 51.18 96.4446 1873.46
0.404802 76.5862 140.895 2466.59
0.377066 96.2621 173.194 2879.14
0.343487 93.6497 129.495 2260.59
0.393178 48.0885 94.568 1911.32
0.323122 93.693 157.022 2772.86
0.334904 63.1303 98.2252 1918.06
0.333693 78.3767 112.827 2057.39
0.474108 505.951 557.235 5495.79
0.270004 24.1582 55.8743 1350.54
0.417531 34.0431 79.8748 1631.16
0.38958 55.6818 104.28 2035.92
0.416246 81.942 125.992 2257.04
0.390622 39.3119 83.8383 1660.22
0.334817 196.262 233.654 3024.22
0.368678 71.4936 159.11 3003.83
0.373526 49.7843 101.93 2052.33
0.46683 128.363 191.098 2889.3
0.293196 65.4921 109.77 2150.92
0.397655 92.1131 144.053 2579.04
0.368597 41.4338 80.7767 1669.51
0.437582 88.2638 153.552 2667.54
0.458976 136.758 180.099 2727.69
0.393827 29.8878 67.4704 1475.32
0.372717 120.588 174.208 2881.72
0.381711 40.9892 89.4044 1750.04
0.270306 47.9154 100.497 2132.89
0.362208 78.1387 119.714 2249.74
0.308475 75.3698 135.207 2583.29
0.45332 51.496 116.744 2218.84
0.459277 586.392 686.557 7276.08
0.378177 68.7312 108.445 2049.1
0.441574 203.663 259.511 3611.35
0.44409 67.151 111.198 1984.61
0.555825 299.03 376.463 4672.39
0.372481 101.898 159.573 2813.47
0.445597 127.618 194.604 3129.2
0.374532 68.7543 128.083 2423.58
0.518327 63.3383 131.23 2276.44
0.485399 90.3034 146.662 2498.27
0.436983 59.3916 104.584 1970.99
0.416361 293.291 365.509 4654.88
0.342902 39.0001 89.1274 1926.61
0.556949 241.96 385.713 4796.83
0.486779 158.118 220.704 3077.31
0.330465 55.9199 103.095 2060.99
0.461197 101.655 147.306 2412.45
0.388862 46.045 101.948 2006.18
0.543871 159.36 221.405 3185.43
0.412638 112.036 162.476 2688.1
0.376963 67.1242 110.812 2105.9
0.453189 81.5385 151.86 2628.81
0.329035 34.9779 66.074 1480.55
0.438287 139.652 177.448 2646.37
0.449084 117.422 187.2 2994.6
0.315922 115.564 153.341 2449.71
0.379583 378.473 455.852 5304.21
0.378655 68.8758 107.702 2003.25
0.441556 126.377 195.234 3001.95
0.579136 119.844 207.502 3144.55
0.502437 121.396 214.481 3349.77
0.305351 23.5202 57.7986 1391.61
0.363929 57.4129 98.3252 1903.39
0.517694 110.19 193.706 3099.87
0.384165 94.2213 163.921 2844.04
0.418349 55.7843 115.676 2165.48
0.333982 49.2216 94.0234 1888.08
0.309977 37.5166 73.5005 1530.27
0.429549 52.0291 108.892 2089.49
0.461503 123.657 177.884 2859.4
0.343457 203.443 281.627 4281.78
0.407195 166.744 210.771 3068.06
0.429025 68.8582 123.553 2374.36
0.412053 84.757 119.059 1998.54
0.242917 26.2681 56.5528 1397.58
0.333911 42.2862 82.197 1760.99
0.351156 44.3314 84.9788 1742.43
0.37495 296.769 367.559 4313.58
0.483348 43.3517 98.8593 1858.9
0.422161 32.1505 86.3285 1779.05
0.239978 21.6929 56.1229 1414.44
0.336075 34.9287 71.6405 1560.44
0.377916 56.4489 102.291 1980.81
0.446154 64.3284 138.792 2537.04
0.50884 119.568 198.211 3102.6
0.486737 93.9701 161.003 2620.15
0.373819 84.4633 134.963 2413.48
0.330359 34.8588 79.4922 1701.37
0.279787 38.5663 66.5337 1456.21
0.370052 121.746 161.898 2510.69
0.401931 132.917 166.397 2449.06
0.430087 49.8223 117.903 2251.94
0.396516 51.5237 111.846 2184.42
0.382362 89.4869 129.903 2244.94
0.306855 64.3128 125.543 2394.19
0.33562 1378.19 1628.89 14646.3
0.462539 92.1362 142.714 2371.7
0.364801 130.744 175.314 2701.83
0.571419 111.833 198.566 3176.59
0.402291 42.8391 88.8145 1724.97
0.395672 53.8558 100.811 1996.26
0.379391 259.668 313.821 3917.63
0.320909 62.7883 101.318 1951.63
0.451774 64.1724 117.949 2140.77
0.395221 38.8204 79.523 1658
0.351602 126.619 171.69 2827.77
0.439342 63.5432 111.478 2040.43
0.26491 27.6039 53.6754 1274.98
0.450178 63.3259 132.053 2369.95
0.394264 36.3313 75.7548 1577.85
0.310456 74.4796 123.752 2315.58
0.302257 45.6375 79.5985 1684.1
0.349392 86.2634 132.929 2366.52
0.351673 43.2798 90.6084 1922.11
0.358346 30.4371 67.4638 1498.54
0.530405 43.3052 112.727 2085.63
0.349695 133.047 192.852 3042.98
0.397867 31.6644 76.223 1641.34
0.317341 41.217 74.4261 1620.15
0.321332 43.5758 88.5208 1902.7
0.378648 55.3742 98.7809 1918.7
0.331883 69.0364 116.158 2215.56
0.514012 90.3997 162.075 2575.26
0.561066 120.963 180.545 2797.33
0.369443 357.751 413.782 4592.12
0.320598 54.9992 94.1592 1845.41
0.332333 20.7395 52.8847 1289.56
0.435962 79.0258 135.908 2340.67
0.391065 54.6013 107.33 2066.11
0.32304 161.389 206.326 2964.6
0.445194 200.471 272.896 3788.72
0.43057 94.1828 148.448 2571.57
0.423145 53.1382 104.324 1959.54
0.432084 82.0121 126.336 2245.68
0.381881 44.1456 79.2017 1628.74
0.410075 63.8912 113.898 2202.82
0.321578 86.4148 137.286 2593.38
0.246702 53.5277 78.3964 1575.93
0.416192 195.348 301.908 4348.43
0.367047 56.3663 91.4325 1799.79
0.382722 159.747 206.232 3071.7
0.445646 129.053 178.779 2788.59
0.479094 69.5658 125.609 2265.47
0.417844 69.8895 115.881 2075.51
0.362017 130.672 174.186 2673.43
0.33787 42.9127 84.6462 1800.79
0.396501 55.9038 102.14 1942.95
0.481931 139.016 175.246 2556.32
0.329786 42.3012 82.0391 1750.73
0.471794 134.01 200.553 3136.54
0.317691 24.8809 59.8041 1405.56
0.434482 51.4841 107.104 2068.55
0.406183 267.509 334.312 4259.36
0.392722 49.8902 100.023 1957.54
0.52516 174.921 217.261 2953.03
0.487869 56.144 102.977 1922.17
0.360837 75.2007 112.749 2026.64
0.415059 75.9698 129.025 2330.84
0.376991 66.9681 113.264 2162.44
0.441267 111.264 160.933 2593.71
0.328608 58.2732 107.886 2116.81
0.408005 259.474 321.001 4203.16
0.33984 92.41 134.795 2315.96
0.497179 74.9188 138.349 2349.52
0.380127 46.3487 83.0938 1691.27
0.49526 90.8265 150.586 2527.71
0.349613 77.5576 123.888 2236.63
0.433704 116.745 168.591 2705.8
0.409884 71.8986 113.577 2058.91
0.370098 1042.24 1178.28 10402.6
0.33643 202.229 289.025 4301.61
0.320469 39.0706 89.5365 1921.99
0.41782 154.875 211.858 2965.94
0.390181 86.6 130.032 2342.79
0.412371 57.6099 115.708 2247.49
0.452901 94.6982 170.148 2707.4
0.461266 82.2823 137.999 2339.86
0.449353 33.4655 81.9374 1681.81
0.395071 89.8356 144.826 2606.68
0.3115 88.8822 121.886 2109.77
0.350101 45.1618 88.3861 1851.2
0.42753 1046.85 1201.79 10629.9
0.335987 152.46 202.704 2939.11
0.375808 150.824 185.791 2595.88
0.611358 89.4792 162.064 2565.14
0.435503 66.4189 107.295 1961.99
0.409314 119.332 200.356 3223.28
0.395385 71.8088 114.764 2072.1
0.452371 54.28 102.953 1915.04
0.441496 63.7316 112.666 2038.18
0.384771 66.3356 107.655 2073.8
0.362684 74.5462 114.951 2077.61
0.447082 115.403 159.062 2558.42
0.425419 214.46 310.135 4564.32
0.331721 130.699 170.481 2631.24
0.377541 83.9666 145.332 2602.21
0.352157 133.979 180.528 2752.85
0.416074 54.548 100.497 1925.67
0.265181 31.487 59.8236 1398.59
0.43226 67.3625 135.045 2480.86
0.51591 158.828 230.362 3202.74
0.334964 38.554 80.7976 1763.88
0.429148 63.1655 103.489 1916.85
0.52055 96.0237 182.304 2929.23
0.375659 47.1995 108.984 2181.05
0.288478 48.1874 102.118 2170.53
0.379525 67.1989 112.24 2171.32
0.405486 84.839 142.694 2564.24
0.450438 93.6612 160.007 2590.51
0.503162 127.673 198.563 3103.55
0.512348 135.41 226.345 3553.83
0.34639 56.7345 107.564 2140.46
0.564402 79.3309 170.986 2932.14
0.374945 34.7417 80.0683 1675.16
0.526595 170.524 238.954 3410.05
0.400296 47.39 107.747 2109.65
0.387103 45.625 83.7211 1665.81
0.451512 110.305 148.368 2311.16
0.433117 57.1609 117.799 2175.58
0.496142 347.138 420.971 5322.4
0.388956 42.5917 89.7571 1820.73
0.335374 42.0909 79.3862 1704.19
0.335725 43.9633 90.7407 1859.11
0.387859 92.5898 165.304 2754.81
0.374176 121.441 162.959 2597.84
0.357802 57.2271 97.3675 1924.24
0.359852 40.439 84.3223 1780.76
0.391705 47.6663 91.3989 1812.37
0.35976 42.5908 84.2428 1735.88
0.319758 149.121 199.801 3017.2
0.36885 34.091 78.6068 1650.49
0.328824 31.643 68.2542 1512.46
0.422702 77.9965 124.231 2223.19
0.360666 356.213 442.502 4951.68
0.540341 255.794 335.043 4540.88
0.424611 42.798 97.6281 1879.94
0.346062 379.919 482.096 5778.18
0.422142 84.3595 141.211 2454.56
0.4444 42.5418 92.4908 1786.69
0.470718 174.743 241.695 3482.68
0.317401 32.1409 69.4551 1538.15
0.429889 264.018 353.543 4665.13
0.372344 56.4279 118.642 2215.62
0.261783 16.2423 47.306 1243.27
0.313599 34.6454 73.7219 1643.67
0.390072 75.6643 122.76 2321.57
0.410356 45.4888 92.2747 1805.69
0.431886 80.8398 143.749 2499.42
0.409135 88.3962 141.125 2388.81
0.419182 95.495 126.819 2081.77
0.368724 100.798 156.557 2792.37
0.467365 60.4353 107.905 1968.43
0.377317 53.6856 83.9122 1655.79
0.447631 100.725 154.146 2415.62
0.395517 86.9237 135.497 2363.98
0.468467 50.446 104.862 2015.03
0.369767 85.0026 118.655 2058.21
0.413689 76.4079 113.364 2050.03
0.328645 64.1924 121.138 2312.65
0.408777 67.3165 129.318 2416.66
0.397791 78.3423 122.625 2213.45
0.380363 59.6374 96.5632 1851.48
0.451799 114.986 174.751 2936
0.399722 42.0619 95.158 1983.74
0.439517 91.5683 137.943 2390.07
0.32724 61.188 101.852 1995.82
0.468338 80.9867 125.394 2179.28
0.410203 610.003 703.744 7310.63
0.449652 132.217 182.329 2801.82
0.286512 43.9528 79.5791 1693.31
0.358203 41.4313 91.4787 1924.38
0.444133 88.047 145.503 2536.96
0.382046 124.875 186.277 3033.55
0.48617 71.2318 154.914 2862.67
0.644394 81.5597 174.355 2726.37
0.552637 143.322 226.474 3317.77
0.405314 29.9225 71.3498 1539.42
0.41308 45.5271 104.229 2040.09
0.337406 62.8544 97.1212 1884.89
0.306832 30.4667 62.7877 1416.2
0.293736 50.1973 90.8649 1897.16
0.400755 109.432 149.31 2447.63
0.377756 138.217 228.731 3525.55
0.367749 51.1878 95.666 1928.94
0.321489 64.9275 110.141 2162.88
0.437732 146.976 205.636 3158.21
0.440924 76.2863 129.703 2358.87
0.352688 44.9817 86.8463 1771.03
0.391108 181.548 235.253 3492.52
0.385473 139.161 178.83 2717.3
0.280714 23.6636 56.0919 1362.81
0.528723 91.9424 183.237 2959.49
0.520138 65.1195 148.997 2617.75
0.493168 261.571 349.106 4777.72
0.4197 156.714 226.631 3500.69
0.308058 121 160.684 2527.7
0.307585 62.4497 96.647 1877
0.302271 23.265 55.3567 1345.27
0.424793 48.1781 98.6155 1877.4
0.381211 107.538 148.139 2445.37
0.354911 68.5262 124.961 2291.23
0.407523 114.466 150.09 2347.92
0.437174 75.743 115.694 2078.76
0.427037 295.37 344.324 4055.59
0.450128 54.0102 119.983 2267.47
0.359163 89.3555 125.781 2154
0.359474 86.9475 115.063 1948.65
0.391976 70.892 123.29 2198.07
0.319012 32.0621 64.8675 1472.31
0.28665 84.0843 131.198 2318.33
0.39323 113.125 193.994 3418.24
0.297998 40.5721 74.1162 1623.17
0.298293 35.2222 76.4626 1697.62
0.27971 28.7633 65.819 1530.81
0.393809 170.864 225.864 3332.58
0.467568 66.3114 129.818 2365.74
0.431862 148.866 191.496 2881.87
0.310424 36.6634 97.9874 2130.64
0.355338 83.5705 133.839 2423.49
0.364425 29.8516 75.9856 1679.34
0.591497 150.153 209.292 3003.53
0.355668 35.5855 71.2805 1521.03
0.372376 130.245 198.542 3262.33
0.364343 47.5283 93.0231 1870.77
0.38562 60.8925 105.298 2030.41
0.28239 30.3023 66.9037 1530.8
0.517344 242.779 305.037 3908.28
0.341627 43.2965 78.381 1636.01
0.297657 61.829 90.9498 1753.42
0.284504 60.484 112.013 2207.7
0.447801 535.343 596.58 5962.81
0.401261 117.13 184.275 3247.8
0.645086 535.201 602.91 6127.59
0.252153 86.3747 152.699 2842.77
0.355788 122.856 195.581 3002.79
0.494127 119.254 168.174 2577.32
0.31771 54.0791 101.925 2083.52
0.520361 94.3087 141.269 2335.18
0.446526 73.0798 149.001 2582.94
0.272062 17.9689 51.8778 1331.91
0.510768 182.34 269.289 3908.24
0.378824 99.165 197.33 3569.48
0.448338 216.396 258.696 3388.58
0.395994 34.3466 79.6252 1664.88
0.400105 58.4833 91.9208 1747.89
0.338992 105.514 152.176 2505.64
0.373278 38.4034 79.3588 1677.97
0.497624 130.548 192.321 3089.24
0.389791 219.939 304.349 4554.42
0.350281 75.8182 110.471 1967.38
0.419172 130.67 192.48 3188.63
0.391641 41.018 87.5528 1748.76
0.396425 81.282 151.123 2572.62
0.418293 65.6607 128.907 2428.29
0.328879 41.2619 95.3983 2053.01
0.525655 296.5 387.371 5053.41
0.404287 74.7333 117.966 2118.56
0.350673 39.2736 80.0041 1709.86
0.293355 48.4924 86.8507 1771.31
0.406085 138.459 213.852 3308.92
0.317297 39.852 70.4741 1502.46
0.564224 210.894 282.092 3777.26
0.453891 94.8865 172.651 2883.63
0.299629 34.0886 70.2885 1503.33
0.35098 111.661 173.318 3001.34
0.44893 91.4381 153.389 2636.4
0.566265 159.565 302.911 4243.23
0.434125 53.5531 94.9707 1802.44
0.475732 122.278 159.675 2465.75
0.353341 72.6923 129.233 2387.95
0.465846 180.402 236.44 3404.91
0.391635 94.4079 132.353 2268.72
0.303763 67.0049 130.384 2512.82
0.43172 49.7059 107.805 2044.79
0.354677 68.2816 122.95 2291.74
0.342223 33.2838 76.075 1629.41
0.329658 110.597 141.306 2165.04
0.30834 29.5096 69.7228 1592.41
0.498672 45.275 106.839 2035.98
0.309858 31.9007 66.1031 1449.51
0.423665 372.827 426.099 4590.25
0.43697 88.0991 124.394 2097.4
0.40436 90.8348 125.478 2103.78
0.445005 166.857 227.295 3317.06
0.353895 41.1169 83.9953 1699.42
0.380478 270.689 340.586 4405.19
0.305565 53.1618 105.988 2159.83
0.418195 139.927 197.348 3058.47
0.438031 84.3396 183.732 3092.16
0.353752 49.4653 98.1763 1916.49
0.345294 76.295 121.123 2210.32
0.474647 328.996 397.753 4855.21
0.498301 149.323 229.426 3370.2
0.445958 95.7149 147.217 2602.78
0.489384 103.132 155.078 2528.5
0.438295 65.9783 125.117 2232.93
0.302203 30.0696 75.2177 1688.16
0.472292 86.9291 143.468 2451.76
0.46365 76.6976 132.83 2405.81
0.420672 93.7023 148.475 2393.24
0.294821 72.7137 134.779 2562.79
0.352418 99.7383 128.883 2075.96
0.280099 70.5218 112.72 2191.07
0.488984 318.338 368.67 4330.65
0.336439 139.947 179.181 2682.75
0.368823 117.868 178.272 2953.24
0.503002 357.048 464.181 5768.08
0.329938 34.8626 76.3512 1648.25
0.334947 54.8107 92.7166 1855.75
0.52586 181.089 251.776 3598.26
0.404593 46.4082 87.5725 1779.04
0.385818 631.635 794.896 7982.11
0.331271 31.5012 65.0389 1443.64
0.35089 97.0981 179.327 3100.37
0.434342 88.2921 169.174 2870.05
0.376354 123.624 163.951 2529.42
0.36739 55.9437 96.0071 1857.04
0.340078 44.8479 94.4467 1947.22
0.246318 21.4341 55.7228 1397.58
0.472157 160.794 219.275 3215.72
0.319605 99.5098 134.255 2258.97
0.356918 40.4581 81.2946 1726.88
0.433881 110.379 165.64 2680.72
0.419729 105.873 135.737 2127.53
0.515152 125.652 227.218 3366.58
0.365655 53.7595 96.8638 1933.64
0.386279 69.9868 129.084 2389.28
0.330669 41.7459 83.3473 1767.75
0.395746 33.4832 75.5932 1625.11
0.484322 117.916 169.13 2695.82
0.622016 110.397 187.612 2936.23
0.495476 69.6104 142.617 2463.43
0.443437 60.5254 103.544 1890.29
0.418778 69.3552 140.092 2491.28
0.372372 92.6494 179.354 3059.51
0.359577 97.4171 159.214 2778.02
0.358425 84.0497 149.835 2639.9
0.340186 30.2218 67.7731 1526.03
0.445132 60.8057 115.379 2149.5
0.540644 286.438 339.026 3934.65
0.379513 66.9032 110.494 2113.69
0.419482 107.21 158.478 2538.7
0.43106 95.3366 160.283 2639.61
0.406325 122.572 163.376 2514.63
0.397742 47.1593 87.6306 1737.17
0.443858 74.0394 139.477 2439.09
0.45607 49.5089 106.473 2009.75
0.313016 38.2261 70.0689 1533.54
0.361531 35.5867 74.4234 1576.76
0.310628 17.1977 50.8581 1284.51
0.383225 97.3801 133.124 2253.48
0.39443 145.052 218.328 3405.33
0.367733 88.8977 127.576 2261.42
0.348216 128.172 163.258 2503.01
0.608065 83.8267 164.336 2669.76
0.436145 94.4995 154.227 2764.23
0.455436 239.66 296.747 3977.74
0.385941 68.3402 124.811 2338.71
0.361243 41.0034 95.238 2021.63
0.449491 33.0039 80.4883 1651.18
0.333172 40.4055 74.5547 1604.57
0.342924 52.2929 94.4135 1835.2
0.384327 47.6361 94.1581 1862.44
0.403628 69.4545 122.015 2244.11
0.470107 68.1878 126.581 2319.51
0.422398 59.9802 117.144 2120.14
0.497301 115.015 167.478 2614.6
0.376798 46.5311 85.422 1743.92
0.394872 78.0402 130.34 2319.49
0.431289 40.6365 93.6256 1904.81
0.286515 47.1864 92.9259 1952
0.41878 60.4989 107.549 1980.06
0.547359 122.37 191.409 2891.34
0.418541 49.8728 109.303 2122.96
0.366594 86.1672 128.696 2234.05
0.486407 64.8744 114.406 2081.92
0.270514 25.0641 54.9424 1336.28
0.383082 90.5588 142.491 2462.37
0.283973 63.036 109.082 2096.92
0.47343 46.5401 102.34 1877.86
0.491258 65.3548 113.972 2039.35
0.437082 102.315 171.247 2848.95
0.37493 177.348 240.984 3713.42
0.403063 158.106 198.724 2943.48
0.406635 56.1141 123.293 2269.56
0.43092 59.9654 113.941 2138.65
0.425703 78.2585 114.009 2025.89
0.446761 99.5423 168.523 2843.29
0.263388 25.6974 62.7312 1468.49
0.447132 54.1667 114.808 2114.63
0.400284 37.226 76.695 1589.83
0.360841 217.671 287.215 3915.74
0.320507 49.6005 77.8275 1599.32
0.397579 172.24 225.59 3340.32
0.44189 46.4905 106.338 2008.67
0.412917 95.0251 138.392 2372.98
0.419386 168.857 219.453 3283.26
0.344522 100.072 151.494 2645.05
0.529127 190.151 300.872 4433.14
0.50238 283.789 344.471 4325.86
0.373652 68.9464 134.213 2411.61
0.369106 31.417 69.1107 1501.69
0.386777 563.615 682.587 7535.39
0.411283 49.0412 90.0735 1761.62
0.420001 64.7652 123.868 2236.09
0.345647 35.6778 77.331 1639.6
0.3491 35.7864 75.9459 1598.99
0.320329 297.569 368.842 4389.69
0.332084 61.5065 118.125 2290.54
0.462214 98.8699 149.783 2567.73
0.368937 28.7906 73.5335 1623.37
0.43213 48.173 102.064 1979.82
0.446761 64.3071 125.492 2353.85
0.374267 53.219 102.184 2060.84
0.400008 48.3222 92.6595 1795.82
0.415625 300.509 381.249 4859.98
0.43587 46.871 98.8383 1862.54
0.533424 97.0538 170.784 2848.2
0.394616 100.823 148.967 2591
0.442411 217.985 261.045 3346.75
0.335433 136.022 214.168 3476.97
0.376684 94.6629 152.321 2611.38
0.449276 81.5261 151.752 2633.47
0.381775 36.925 96.0568 1942.15
0.407704 90.5168 158.251 2745.44
0.289498 25.8375 56.9689 1360.08
0.419266 50.0842 89.7415 1768.44
0.32497 50.4578 90.0672 1820.78
0.460885 176.108 219.922 2973.08
0.313159 75.7963 121.985 2316.04
0.259921 132.68 181.071 2649.18
0.40242 53.8525 93.9266 1806.04
0.328116 45.6755 93.5775 1948.91
0.336894 35.8865 73.0444 1586.98
0.36979 66.5607 106.809 2052.75
0.424203 56.6723 110.718 2145.68
0.359522 370.569 427.989 4625.72
0.362141 36.8589 83.2879 1705.53
0.470236 165.512 252.708 3608.77
0.365982 37.2205 90.0407 1922.33
0.408967 141.894 183.797 2814.52
0.413602 55.3757 110.601 2086.53
0.361959 58.1946 96.3204 1887.8
0.457231 103.078 177.579 2801.83
0.499003 51.079 111.436 2029.43
0.438306 100.511 160.885 2705.25
0.270291 75.1455 116.04 2247.48
0.393755 51.2877 94.3226 1779.89
0.395608 298.726 357.817 4273.8
0.353951 99.4778 149.319 2590.13
0.274258 46.97 99.0263 2111.6
0.463774 70.6005 118.994 2140.22
0.356017 137.501 189.28 2989.37
0.440736 146.556 184.462 2665.51
0.365243 205.119 251.774 3288.09
0.255118 19.4428 48.019 1245.96
0.34023 25.9914 65.6386 1498.96
0.35063 669.147 812.255 7970.41
0.314001 37.4607 87.2427 1921.38
0.291839 73.963 104.072 1902.46
0.446983 48.7887 106.86 2069.36
0.311009 73.9779 107.661 2030.9
0.385406 82.7841 119.379 2132.15
0.249637 33.8601 59.675 1370.82
0.354487 79.1857 120.082 2115.93
0.328047 29.7593 70.6372 1589.77
0.372292 102.166 134.076 2189.91
0.333066 143.64 211.513 3553.73
0.405964 76.7863 142.202 2492.03
0.385582 46.3778 86.3257 1740.55
0.504736 116.623 191.998 3075.22
0.446652 77.6453 161.776 2712.78
0.331594 66.1867 118.397 2270.87
0.503505 88.4999 154.333 2505.84
0.277759 45.05 80.2571 1740.5
0.411717 53.6802 90.7206 1766.61
0.424755 78.7524 128.891 2258.64
0.534638 47.2061 106.568 1915.33
0.42366 387.489 457.333 5022.97
0.459314 52.7869 114.179 2135.32
0.375934 39.3042 87.1545 1869.24
0.401252 195.366 248.541 3498.1
0.389614 78.4508 120.073 2176.92
0.445094 64.1815 114.218 2035.32
0.399017 175.011 275.219 3878.81
0.455542 152.255 189.19 2695.82
0.311976 27.711 63.9265 1446.46
0.309133 160.673 238.151 3939.05
0.415806 77.342 134.428 2403.77
0.477422 102.419 175.288 2807.49
0.387257 45.3509 90.3647 1864.93
0.510228 395.263 452.621 4772.33
0.382649 49.1756 92.8554 1804.92
0.36765 172.694 212.66 2971.91
0.486372 45.8295 105.752 1996.62
0.492667 1015.84 1092.03 9162.52
0.381186 139.739 199.863 3047.79
0.342744 42.707 91.8879 1866.58
0.458978 139.577 190.783 2959.91
0.313631 45.8876 78.5262 1665.81
0.300611 45.7144 77.6726 1656.48
0.337476 32.7154 69.0599 1497.13
0.494665 199.133 271.15 3901.04
0.400503 65.5875 127.119 2362.17
0.288915 143.778 192.056 2897.41
0.372166 78.3215 124.674 2364.67
0.499943 180.375 245.072 3647.89
0.454867 55.7849 103.114 1977.67
0.34683 33.9812 76.7114 1698
0.308888 27.37 66.6984 1573.68
0.455339 96.4149 170.897 3002.05
0.30249 33.8296 65.1571 1468.99
0.35886 39.5802 73.6279 1597.59
0.493501 128.179 198.427 3228.15
0.386579 482.534 572.035 6561.21
0.575359 104.86 172.678 2701
0.433858 48.4129 95.2174 1819.2
0.394887 109.239 182.987 3096.24
0.513194 191.203 234.228 3091.11
0.402873 44.9685 94.1188 1932.07
0.451122 130.517 181.586 2874.88
0.380206 183.05 236.371 3533.38
0.468187 473.608 529.63 5372.85
0.333751 44.5457 86.4821 1796.38
0.422673 105.673 155.59 2483.1
0.341963 128.342 179.233 2959.32
0.47831 67.6231 120.19 2167.49
0.299152 149.66 200.515 2930.95
0.283013 113.702 174.467 2890.51
0.506156 106.708 204.762 3166.87
0.287672 31.8997 62.1035 1449.58
0.402092 47.856 92.5063 1854.49
0.371312 85.876 121.474 2103.5
0.476771 46.8586 100.123 1949.22
0.353911 236.534 285.945 3526.74
0.461834 77.8934 126.301 2254.45
0.234883 53.3182 89.5132 1789.18
0.423338 57.324 106.569 2037.89
0.407763 100.557 138.326 2202.95
0.34671 242.918 308.196 4211.07
0.417257 91.8449 149.139 2642.5
0.415906 69.7499 127.196 2296.72
0.514551 83.7522 149.844 2527.46
0.387411 99.8672 150.507 2619.55
0.384698 220.09 266.937 3429.06
0.531633 95.9741 157.456 2470.2
0.380326 59.3414 98.4704 1924.37
0.448829 120.078 200.812 3393.07
0.355354 105.147 194.956 3521.38
0.418555 83.7465 127.264 2176.47
0.430014 83.5685 153.763 2743.2
0.475825 228.444 308.927 4342.83
0.286383 29.8268 61.3347 1432.1
0.474699 74.3015 149.591 2659.05
0.487752 77.1814 141.98 2475.51
0.417734 38.9817 91.6471 1812.59
0.374987 43.2478 92.38 1884.9
0.444774 78.2526 129.675 2271.31
0.359248 42.7474 85.0028 1728.56
0.419065 70.4706 120.076 2249.1
0.491818 111.705 213.21 3329.19
0.382471 68.6149 114.514 2165.07
0.369699 32.0576 67.9554 1479.44
0.426472 95.2498 141.251 2444.7
0.373553 34.4521 79.6384 1730.96
0.568279 67.7678 150.024 2518.72
0.357741 68.2941 112.948 2000.18
0.410674 114.185 190.146 3271.35
0.386035 100.327 135.854 2214.31
0.387095 104.295 141.459 2313.39
0.375941 35.9145 82.9365 1721.12
0.361693 225.868 276.46 3630.35
0.299828 29.103 60.884 1421.4
0.496652 250.328 288.355 3429.78
0.324368 90.8672 132.919 2436.37
0.322436 569.051 684.095 6956.48
0.350266 22.5901 67.0852 1539.83
0.392645 1470.29 1700.6 14951.9
0.334784 32.8606 67.73 1479.98
0.493579 163.818 214.195 3129.29
0.452038 172.04 278.506 4188.7
0.376221 96.0895 153.62 2579.35
0.399145 31.4741 81.753 1723.71
0.376485 46.9945 81.1529 1680.92
0.336847 56.0054 87.3482 1748.56
0.361682 74.8791 116.01 2183.93
0.262677 43.701 73.8382 1609.17
0.389464 75.4692 117.636 2030.23
0.422182 81.2345 134.94 2298.69
0.353761 86.7914 136.123 2417.33
0.641462 146.472 267.806 3872.5
0.304672 38.8714 68.7426 1552.13
0.51894 61.8963 136.621 2368.94
0.355649 35.5574 69.0832 1488.46
0.482934 81.2798 160.467 2658.01
0.370024 56.1555 117.265 2148.01
0.483299 61.7292 111.666 2031.88
0.44673 52.3609 108.64 1964.36
0.448607 83.7539 140.229 2368.04
0.291709 200.584 253.245 3358.26
0.392749 161.93 203.956 2995.75
0.334039 31.9197 67.5584 1494.79
0.363169 33.8229 71.4611 1569.86
0.382213 44.034 86.1566 1750.17
0.438491 87.4997 131.844 2341.44
0.404694 42.0365 91.007 1868.97
0.444005 61.7922 105.653 1990.57
0.366448 39.15 83.0906 1683.5
0.368163 66.7578 130.083 2437.32
0.432872 57.9428 99.8721 1883.67
0.503587 93.5106 154.338 2605.53
0.377789 30.2754 73.2543 1614.94
0.318335 56.3079 100.93 2037.88
0.399817 44.915 89.5658 1750.37
0.504636 54.1405 111.928 2024.76
0.399308 55.6156 118.879 2235.6
0.335661 37.2097 81.6986 1716.02
0.382025 547.992 663.137 7030.85
0.468774 209.909 266.736 3660.62
0.431661 70.9466 109.766 1982.4
0.367051 75.3869 107.652 1949.18
0.430419 37.2355 86.8444 1718.11
0.477901 85.2528 147.635 2416.27
0.313174 29.1705 71.0768 1611.19
0.37933 80.4818 115.288 2082.64
0.493929 78.0186 129.733 2263.5
0.278931 27.2853 62.4148 1468.49
0.347347 29.5943 74.4146 1623.47
0.367832 140.832 229.617 3506.73
0.349319 65.8071 96.4914 1816.85
0.33484 85.3629 127.386 2244.64
0.472467 690.466 793.895 7575.61
0.388409 183.041 316.688 4655.75
0.416546 95.1941 136.653 2333.49
0.470879 75.9326 149.099 2699.04
0.368803 23.9453 62.8788 1435.26
0.327979 45.8791 87.277 1851.61
0.376526 58.8049 112.767 2227.18
0.364591 173.191 224.219 3256.94
0.395176 64.9659 110.298 2069.04
0.351141 34.5447 81.4615 1769.67
0.360474 51.0308 96.8572 1958.08
0.27075 68.7436 105.529 2007.85
0.396566 140.053 205.823 3153.92
0.281301 45.3919 86.2407 1811.61
0.25579 52.2942 82.0867 1668.28
0.472479 127.039 180.824 2857.16
0.347992 50.5884 102.236 2091.14
0.318953 393.76 469.918 5182.79
0.391317 79.3115 124.777 2223.7
0.354842 57.2967 93.8172 1805.26
0.557833 116.435 211.625 3374.72
0.420138 129.872 174.225 2753.86
0.362979 34.5885 78.9783 1725.2
0.395959 65.4634 110.873 2049.43
0.405643 33.3964 75.0733 1571.11
0.429738 125.317 165.443 2551.3
0.3352 75.4472 137.486 2501.94
0.35194 80.3637 116.483 2075.58
0.446741 53.7681 102.953 1946.39
0.455606 135.583 184.441 2833.94
0.382015 45.1888 99.938 2005.79
0.418405 46.4827 98.0175 1872.1
0.497903 227.703 308.607 3916.92
0.39422 35.4978 81.1219 1682.04
0.455268 179.756 222.312 3027.13
0.481247 46.1989 107.527 2039.77
0.471526 249.16 296.821 3677.21
0.412933 101.115 139.643 2293.25
0.4092 43.8399 93.9192 1874.23
0.437092 548.051 625.635 6629.98
0.358194 40.4808 78.2445 1625.95
0.405368 69.728 126.336 2362.67
0.27729 27.1293 61.4673 1451.42
0.418921 403.399 473.833 5404.24
0.460353 87.2283 153.093 2684.42
0.396841 88.8504 145.731 2590.55
0.409425 52.1716 95.4396 1910.39
0.425343 117.053 164.086 2629.3
0.382921 40.1777 89.4689 1783.22
0.45624 264.37 319.973 4039.27
0.602226 149.613 221.642 3100.55
0.456086 534.239 611.164 6196.29
0.33536 25.1944 57.3327 1332.9
0.377485 385.77 448.566 4817.05
0.376063 67.8397 119.159 2117.05
0.42509 50.5356 103.462 1968.29
0.368965 84.4933 142.282 2478.79
0.250513 20.2579 52.0694 1312.81
0.464386 283.683 334.915 4058.42
0.418299 74.8267 114.928 2049.12
0.49855 136.597 211.147 3193.59
0.320435 34.1251 69.018 1525.41
0.525368 67.7936 126.405 2208.25
0.464944 53.3605 111.95 2066.44
0.357964 52.8791 96.3931 1948.05
0.505464 86.1842 160.949 2680.43
0.486702 41.9154 96.3263 1848.56
0.385911 100.189 144.955 2463.38
0.296762 39.6961 75.554 1664.06
0.3734 34.0574 77.1741 1637.21
0.368062 44.902 94.7645 1816.1
0.423528 118.818 189.561 3238.92
0.344446 187.182 280.794 4160.89
0.372077 63.9567 122.189 2246.9
0.378284 42.5952 90.2456 1843.69
0.406877 114.736 183.463 2886.2
0.390431 31.1525 84.1863 1801.65
0.397767 241.106 318.104 4686.73
0.412508 61.0304 103.844 1929.86
0.489334 94.0024 149.814 2460.71
0.437284 353.702 423.875 4793.77
0.551529 213.053 322.678 4365.97
0.407296 59.6433 117.605 2140.69
0.459809 69.4744 138.054 2469.86
0.431933 80.0056 139.399 2482.74
0.405678 97.7969 154.993 2600.99
0.424144 120.119 182.174 2964.78
0.292427 39.5464 81.1285 1760.6
0.404148 35.7509 81.7699 1712.67
0.392818 155.972 199.407 2898.86
0.434181 82.5854 141.114 2446.28
0.387235 63.7618 112.239 2146.07
0.334809 88.4557 130.62 2331.77
0.498252 58.2291 135.778 2469.91
0.430557 94.5183 137.357 2348.61
0.290948 41.1848 68.8523 1511.26
0.387517 93.3187 145.406 2535.57
0.320206 83.6488 118.481 2119.29
0.431491 124.538 165.727 2614.77
0.401258 54.0342 94.8604 1831.57
0.450743 52.1697 112.05 2106.78
0.424788 61.5699 131.346 2398.65
0.321336 49.2495 95.8482 1971.22
0.491777 467.67 531.284 5465.47
0.350871 39.1906 84.002 1789.4
0.346596 58.0911 100.116 1984.76
0.379539 46.5305 80.0093 1634.56
0.356626 174.832 252.93 4058.58
0.333211 152.76 198.113 2872.16
0.362948 48.2675 86.2644 1684.86
0.321383 104.8 149.608 2458.67
0.293871 36.2435 66.1429 1441.8
0.383549 86.9812 155.752 2729.47
0.441992 34.9624 81.2946 1663.61
0.41527 93.9699 173.072 2995.82
0.398025 249.221 291.662 3661.13
0.492015 112.918 205.168 3417.75
