0.349477 19.472 34.8794 877.041
0.292742 12.962 25.8186 724.229
0.345996 31.859 43.0922 976.377
0.428513 43.0407 54.8545 1124.32
0.355139 20.2017 29.9981 759.028
0.450337 40.6452 51.8628 1069.83
0.226251 12.0609 23.72 692.751
0.436262 28.3462 41.6045 957.965
0.230724 8.37698 16.3537 533.776
0.419682 33.1669 45.7571 1028.34
0.512822 27.2001 41.5286 919.536
0.376509 28.677 38.9285 896.606
0.403739 20.1605 38.6504 953.464
0.378774 15.6287 28.3912 730.043
0.382108 22.8841 42.3353 1035.43
0.44474 72.5539 85.2118 1474.01
0.433915 219.257 246.293 3508.19
0.430149 24.0444 37.9784 899.826
0.312205 25.6055 48.723 1196.64
0.558089 51.7949 82.2258 1614.97
0.313514 11.2128 20.5797 596.775
0.33143 19.2998 32.4191 812.464
0.448007 48.5209 59.8193 1178.55
0.227107 15.7496 23.5561 655.711
0.4358 73.496 97.9809 1769.2
0.433304 13.8615 27.6943 727.736
0.51167 25.1139 41.6262 920.314
0.455477 41.9514 55.7377 1116.95
0.39082 17.7359 28.2928 739.538
0.288957 15.5024 28.5752 782.168
0.287013 18.1422 32.3035 867.591
0.263453 8.24299 18.3403 584.232
0.174944 10.0502 17.1277 546.835
0.230689 11.1514 23.4112 701.401
0.351393 34.6151 48.2299 1084.36
0.383455 24.0942 40.1898 971.838
0.325137 10.5329 21.7083 639.013
0.562329 92.274 111.916 1848.51
0.232556 8.31972 18.7126 591.914
0.388365 73.934 104.718 1931
0.589744 65.8002 85.2705 1560.56
0.493174 24.4469 42.2939 980.82
0.457338 35.9737 49.9857 1067.13
0.375307 113.833 129.794 2065.26
0.468279 41.1641 56.1095 1178.17
0.550679 43.3944 63.716 1297.22
0.285943 12.5799 25.8188 725.772
0.302774 113.532 137.677 2257.39
0.254629 12.1254 21.9011 636.568
0.526156 48.8457 70.7498 1419.43
0.420449 25.2568 35.8829 859.46
0.477334 24.8071 37.8096 867.937
0.338709 18.0162 28.9829 756.407
0.310313 40.0674 51.9141 1095.79
0.419868 127.085 146.281 2335.86
0.510242 33.7992 47.0653 1007.58
0.386205 16.9496 30.8792 783.972
0.263059 13.5059 23.505 672.489
0.29088 9.82547 19.9511 598.726
0.568672 53.0978 80.5001 1604.76
0.476025 55.3615 71.6585 1362.2
0.428227 19.8856 31.7157 794.079
0.317999 14.6303 25.7956 710.76
0.516639 370.831 397.825 4866.8
0.403663 22.7671 39.1466 960.714
0.483951 28.926 47.0496 1025.84
0.411511 74.5683 95.591 1793.03
0.307528 12.264 21.7392 626.151
0.567579 23.4758 42.3351 939.189
0.378291 21.069 33.959 870.639
0.339483 1303.12 1618.84 21126.1
0.292206 18.0796 32.7798 873.607
0.478449 35.9479 47.5802 1003.62
0.388046 53.9231 67.1177 1312.19
0.241444 6.92239 14.9346 504.568
0.454402 26.664 45.0395 1050.91
0.429961 21.3213 32.8385 812.031
0.413349 25.1581 38.5127 890.437
0.357552 12.6895 23.3069 651.98
0.431321 49.0673 61.2346 1218.09
0.395195 29.5913 40.4934 920.226
0.357001 19.9857 35.0721 884.265
0.2424 8.2329 17.0538 558.591
0.450771 17.0738 32.0885 789.686
0.435885 19.4872 37.4456 914.139
0.291161 11.4151 20.9708 622.018
0.498257 48.9553 74.417 1438.42
0.230115 7.01606 14.4575 497.11
0.274295 20.9104 39.2035 991.355
0.470291 15.998 29.2548 738.671
0.368332 13.068 23.8064 658.447
0.34416 27.0789 36.3345 853.811
0.625138 55.2457 89.6015 1744.2
0.454333 179.601 209.325 3010.26
0.532908 144.975 164.267 2437.4
0.528271 22.2911 43.9556 1014.25
0.434227 16.9492 28.9837 744.234
0.203219 6.95676 14.2131 495.142
0.458224 51.3883 65.5049 1293.99
0.298267 95.9247 124.714 2216.11
0.353536 22.8465 38.3409 955.409
0.426734 19.1424 30.0265 748.505
0.533728 65.2372 103.436 2028.85
0.535999 41.4721 62.7863 1240.5
0.581605 25.9285 44.3891 971.287
0.570626 28.5223 49.7248 1067.21
0.373403 83.5172 105.445 1929.84
0.401674 18.293 31.6802 775.74
0.357824 15.1011 27.4688 720.269
0.414054 28.0809 39.8779 926.842
0.328534 54.7476 66.1096 1273.6
0.468125 16.1667 32.9474 826.964
0.416398 17.7998 31.3255 788.046
0.313294 14.206 23.4092 663.085
0.33265 21.3834 39.9146 997.722
0.358663 31.5322 48.7366 1062.83
0.384024 29.6043 54.7592 1272.81
0.2094 8.64936 17.4959 565.436
0.326394 37.8308 51.8099 1145.62
0.461868 23.3877 38.4359 909.257
0.332661 10.2579 20.9168 610.021
0.330449 13.0632 23.3707 660.841
0.243881 7.68215 16.3313 541.716
0.340503 19.0489 29.6491 775.683
0.453242 53.5101 69.2461 1366.72
0.607251 69.5674 99.4177 1739.06
0.22126 7.83883 15.7224 519.524
0.50294 31.8488 57.7317 1294.5
0.245617 7.70135 15.8654 524.759
0.409018 13.5362 25.8039 691.222
0.412162 13.9158 26.1615 702.873
0.287209 12.2836 23.8505 683.856
0.352442 17.9472 29.0943 751.843
0.529732 21.1521 38.6166 877.03
0.318426 30.0754 40.3706 920.442
0.510609 174.009 193.855 2730.4
0.427711 22.3841 36.3329 890.487
0.434931 67.7642 81.0252 1448.96
0.478452 20.7933 39.7844 944.719
0.263745 10.0923 20.1368 614.222
0.406666 33.9199 46.6782 1038.51
0.313448 22.3219 31.7985 799.999
0.422986 15.7772 29.9422 769.769
0.458679 23.5425 43.2029 1039.69
0.526976 49.7374 83.26 1747.92
0.310364 9.37089 20.0926 610.138
0.557339 58.7124 87.0518 1744.45
0.391977 36.1573 51.5128 1156.31
0.403648 86.2636 102.937 1757.06
0.494784 86.4118 100.254 1672.65
0.317912 17.8858 28.19 753.115
0.485887 22.1767 39.7042 945.957
0.300752 16.562 27.4236 731.876
0.56535 93.5879 114.563 2000.72
0.316651 12.6104 24.6984 695.973
0.441512 50.8269 63.5501 1222.15
0.407104 43.0609 53.0721 1068.85
0.390816 65.8506 82.9033 1571.92
0.328082 12.3272 22.6128 644.757
0.301375 17.8351 28.9305 770.304
0.334883 25.7212 41.1386 1016.94
0.414305 19.6736 31.9289 792.294
0.3796 12.2511 24.6073 679.139
0.261784 9.38291 19.8231 607.97
0.277572 36.6844 49.567 1091.45
0.289907 11.8932 21.3552 621.877
0.385363 16.5862 31.5811 807.375
0.504114 50.6615 69.8474 1347.41
0.489672 23.2592 42.3388 969.777
0.248563 15.902 27.2575 729.937
0.322628 32.7592 42.2861 936.582
0.512453 23.5314 40.6451 924.775
0.41835 37.263 53.1761 1186
0.340069 23.7188 32.9394 795.365
0.368943 24.4794 40.9437 986.164
0.429143 18.2985 30.2359 768.444
0.363607 13.4937 23.3718 643.027
0.334873 74.8424 94.0571 1667.9
0.291155 65.504 83.5599 1583.17
0.42895 26.4985 44.8336 1007.61
0.190087 4.3291 12.2691 461.587
0.445322 44.0541 59.0073 1207.31
0.448242 18.9079 33.4327 828.433
0.217087 16.2516 29.5141 813.641
0.338885 49.2612 66.6452 1344.13
0.511235 31.3464 50.4596 1140.79
0.44803 33.4376 54.5398 1177.62
0.598041 70.4023 90.2928 1628.56
0.267834 68.8708 96.673 1825.5
0.322599 13.2451 24.0636 685.592
0.372526 16.7659 26.5663 709.932
0.50887 139.323 155.843 2297.84
0.418914 15.8497 28.527 728.269
0.249797 32.2631 43.2664 971.654
0.628675 186.215 204.179 2824.29
0.435773 57.4518 88.2697 1706.49
0.403228 18.5106 29.3211 757.224
0.417654 29.9068 53.5344 1218.73
0.494331 88.1117 124.104 2373.98
0.327226 34.4752 50.3921 1147.78
0.531366 28.9024 44.9571 964.327
0.444255 30.3029 45.9442 1054.85
0.36168 15.078 27.5307 722.77
0.484201 58.3437 86.9386 1617.43
0.343253 15.6356 28.2066 760.376
0.536436 105.878 125.987 2148.88
0.358963 16.6768 30.1707 786.092
0.32737 22.8128 32.2849 794.942
0.466801 25.726 42.586 960.887
0.412539 24.701 36.8991 877.713
0.37066 64.7453 80.1352 1456.53
0.540467 66.3329 80.5347 1457.67
0.382471 88.4828 107.093 1911.23
0.334491 15.7927 24.3308 661.895
0.363917 25.8935 37.6522 871.707
0.324652 17.4057 29.9766 779.734
0.371877 16.7843 28.1511 741.637
0.429032 32.1481 43.2965 942.587
0.351275 24.1904 35.7853 868.72
0.655342 81.5769 126.547 2253.75
0.491273 37.016 69.467 1501.79
0.570751 85.9836 125.272 2144.6
0.279476 13.2524 23.626 669.241
0.428044 18.8562 34.0902 841.915
0.411319 41.5665 59.3758 1220.61
0.381386 19.2309 35.4045 851.096
0.387808 18.2863 31.4232 789.618
0.207333 17.0431 24.8253 678.742
0.2654 10.5296 20.4667 630.425
0.333832 20.0455 34.6357 906.45
0.459054 22.5824 38.6751 913.643
0.263139 15.3708 24.6801 690.339
0.338179 180.131 224.764 3400.18
0.483698 19.9568 34.1064 806.633
0.578413 26.7654 52.2932 1144.72
0.406756 22.0291 42.2384 1023.64
0.569336 25.9171 46.6969 1000.94
0.183376 10.5159 25.683 773.313
0.348612 16.1508 27.6267 741.902
0.351444 17.9971 29.0016 738.041
0.485899 28.1299 45.4864 1007.02
0.385252 23.0925 39.4348 938.427
0.347262 28.9016 40.7951 948.989
0.45518 40.1148 61.6391 1243.85
0.432748 32.5776 51.0928 1134.23
0.467934 68.7029 106.317 2000.49
0.516772 32.4974 55.8939 1228.07
0.463226 50.1583 62.0288 1201.58
0.285129 19.2084 30.1837 793.447
0.285528 20.0218 32.6369 823.395
0.515465 27.906 52.6853 1205.08
0.631771 46.0799 73.1261 1406.58
0.345312 24.9133 34.192 804.927
0.406367 14.0969 25.8878 702.727
0.357212 23.6878 37.0221 913.708
0.353944 22.0007 31.4319 783.86
0.405776 29.0947 38.534 873.272
0.382838 43.718 56.6394 1182.98
0.243131 10.4774 17.8171 556.463
0.498434 25.425 39.5494 887.304
0.339616 20.7642 30.9371 777.343
0.395978 11.2578 23.3505 655.109
0.381989 24.3 35.3125 838.748
0.283164 9.45517 18.307 576.104
0.339134 16.3446 26.0962 695.471
0.484578 17.2149 33.7791 821.193
0.186765 6.0501 13.947 494.309
0.502665 42.4251 68.9089 1405.75
0.453363 28.7015 47.1008 1098.14
0.322208 11.3213 21.2009 610.096
0.410019 21.2375 35.6726 851.173
0.24852 18.208 27.5829 735.638
0.392171 33.8709 44.2094 972.036
0.296004 12.3305 21.4578 617.089
0.244733 12.0361 21.4191 638.386
0.630361 29.4503 52.4716 1091.37
0.40926 19.6246 32.1268 775.927
0.413822 239.654 273.146 3914.55
0.339112 19.6875 31.8758 797.698
0.393982 25.6131 42.8089 991.155
0.230616 6.45097 15.7968 532.507
0.431682 14.03 26.7668 709.513
0.570602 55.3053 76.6459 1420.59
0.303223 13.7628 29.4439 803.869
0.442282 36.1072 46.4408 979.915
0.396073 23.3239 35.4887 842.972
0.246686 16.6442 26.9159 743.518
0.410876 76.4028 91.4059 1635.75
0.422477 36.6385 47.7199 997.933
0.429164 59.8469 74.1007 1404.72
0.398725 113.102 135.131 2205.83
0.443947 26.837 40.0506 910.702
0.541411 135.169 156.817 2429.24
0.385403 27.6296 40.901 956.497
0.37975 13.6518 25.7847 686.579
0.391782 14.4811 26.4661 704.84
0.3989 40.1151 59.1317 1296.75
0.405971 55.5844 68.2158 1297.65
0.346253 28.9703 48.7255 1149.07
0.181886 5.75469 13.5625 486.772
0.367974 10.7812 21.5625 622.884
0.313422 27.3489 40.1091 935.843
0.474995 83.469 98.1492 1680.55
0.317725 17.8178 28.9317 739.155
0.373395 14.9313 26.6667 720.593
0.428177 14.96 28.9213 741.815
0.374808 13.9478 24.4574 664.508
0.335386 18.1149 29.2707 766.882
0.65292 77.9422 98.3532 1701.88
0.352654 9.94026 20.4003 601.52
0.499258 29.2844 43.9735 976.852
0.524622 109.655 124.792 1936.58
0.508366 35.1546 50.1542 1085.18
0.479423 38.2983 50.8739 1064.42
0.366461 27.4969 37.8958 877.874
0.375544 49.3225 63.7962 1308.94
0.391366 14.8735 27.4962 732.72
0.402193 26.7668 40.5032 929.507
0.357204 38.7684 56.0292 1241.65
0.4795 16.0782 31.2675 783.325
0.329378 76.3883 90.0484 1575.31
0.303522 11.3452 20.9209 609.303
0.365938 16.3045 26.2972 703.34
0.398249 36.2405 48.6061 1062.26
0.340529 11.2576 23.2887 668.104
0.455561 30.3785 40.8173 903.616
0.367497 15.6587 25.9159 686.36
0.433391 38.827 52.6932 1100.63
0.460829 81.1055 94.6525 1615.17
0.412888 51.9432 72.3842 1417.89
0.485104 43.044 64.529 1277.94
0.523484 23.8908 41.6038 953.713
0.430049 20.1451 33.1765 827.301
0.485271 73.1482 93.1467 1652.62
0.339109 25.9681 35.9005 854.511
0.259432 22.6308 36.5988 883.761
0.424844 16.4653 29.7628 755.9
0.329979 16.3653 27.9508 757.863
0.395245 18.7786 35.4075 896.532
0.431107 698.008 766.807 9516.67
0.410278 68.3023 85.25 1558.64
0.302507 22.3597 39.4418 954.695
0.321013 13.6493 23.6449 667.235
0.49038 113.83 128.797 1993.3
0.627 44.5021 65.7239 1276.92
0.572254 22.9876 43.0999 951.01
0.361434 37.4333 49.3541 1073.08
0.346772 28.3598 39.4567 920.545
0.483792 67.5589 85.4997 1608.55
0.296654 18.4139 28.2217 743.624
0.241619 11.2385 19.7371 590.496
0.24775 7.21113 16.1196 536.749
0.500504 47.3489 70.7847 1490.33
0.366749 41.3003 60.0672 1258.71
0.641894 38.578 60.0478 1174.68
0.511087 33.8374 58.6323 1280.92
0.312042 21.7283 30.1854 754.345
0.443368 39.1525 53.9828 1179.7
0.605662 21.4836 45.1478 991.096
0.450891 47.5842 64.7609 1272.22
0.362495 25.0223 39.8344 977.144
0.443365 35.5343 56.763 1236.13
0.201224 24.116 37.3852 918.103
0.503687 41.2887 57.233 1191.48
0.338333 14.434 25.619 700.504
0.425269 29.3474 45.898 1089.4
0.35514 47.145 61.8766 1261.62
0.549879 54.5731 67.263 1274.08
0.350154 15.6564 26.5861 698.48
0.464088 40.5572 66.4685 1425.15
0.583806 29.9549 51.1921 1085.32
0.464276 39.0048 61.8607 1391.48
0.344475 15.7468 25.7695 689.383
0.359945 36.5677 47.5806 1027.02
0.554413 48.7248 68.813 1405.03
0.313125 50.7956 63.2668 1238.06
0.355757 17.4988 28.7613 731.75
0.328251 13.5585 23.8534 658.288
0.307997 15.358 25.2764 690.134
0.426059 19.6627 37.6021 925.143
0.390421 26.1823 37.808 907.033
0.287872 13.5806 21.5822 618.1
0.277413 14.1264 24.2358 692.345
0.454417 22.3443 36.4063 854.796
0.444353 28.5243 48.2609 1108.97
0.25847 29.6833 44.1334 1067.22
0.285047 96.5003 117.704 1992.35
0.319642 13.5926 24.1506 667.364
0.477298 247.156 273.523 3660.06
0.237128 8.06338 16.9833 556.06
0.519129 28.1076 45.455 1011.62
0.37007 23.3752 33.0409 806.662
0.3889 242.224 287.844 4094.04
0.343939 22.5249 36.3084 909.033
0.471004 25.1783 42.2986 965.907
0.604703 66.75 93.9748 1715.28
0.430211 26.31 39.631 885.916
0.442879 281.185 327.461 4422.48
0.276527 56.2331 73.3102 1446.1
0.412644 41.1143 55.2084 1137.73
0.354978 51.1614 66.4064 1309.54
0.43249 17.3324 29.4082 742.1
0.373909 11.5685 23.4108 657.052
0.362702 64.4353 77.6433 1423.59
0.436824 31.8607 46.3754 1004.43
0.423469 34.8593 47.6893 1059.7
0.445619 27.6284 47.5147 1059.02
0.512542 41.8117 55.8948 1173.35
0.230056 7.87675 14.9403 505.011
0.667939 77.161 108.678 1863.42
0.257663 18.0207 26.4932 711.666
0.4989 17.9929 38.1437 921.833
0.465708 19.0213 32.9504 815.917
0.422758 20.678 41.1334 1004.7
0.36657 18.0585 30.6056 779.87
0.302112 29.8848 43.0825 1010.61
0.510848 54.05 65.86 1246.78
0.481307 47.4791 73.4521 1499.06
0.295714 21.5765 31.2305 800.317
0.627351 44.5199 67.3733 1347.28
0.336396 47.7699 81.775 1817.87
0.359052 12.5846 23.1185 652.492
0.403357 12.4767 26.7535 723.232
0.43177 43.2702 60.8037 1260.6
0.445825 34.9728 52.4254 1136.52
0.541415 28.6859 52.731 1154.31
0.52173 31.5906 50.1128 1065.55
0.703169 51.4871 81.1778 1523.06
0.56658 22.8182 42.8007 956.702
0.513236 85.4796 124.595 2276.8
0.538176 22.3969 39.4261 908.967
0.331171 12.1297 23.9989 683.616
0.395063 22.1817 34.3583 817.349
0.418501 47.0022 58.9488 1161.82
0.296924 15.5961 29.3558 797.001
0.27986 21.9644 36.7817 903.6
0.380145 11.1991 22.9848 648.81
0.329866 27.4446 38.7658 927.926
0.250098 12.8732 21.0717 623.282
0.451749 73.4937 86.527 1521.88
0.303259 23.3506 36.6894 908.521
0.352956 13.6359 24.6503 687.299
0.317535 10.8266 20.9158 620.921
0.433725 27.3851 50.3625 1178.6
0.279822 40.145 54.2872 1169.8
0.431814 28.2586 45.1319 1006.69
0.352325 46.9012 58.0788 1168.32
0.53969 56.6841 76.4091 1457.14
0.447196 27.9005 47.1999 1065.72
0.45041 15.1143 29.1522 751.23
0.381783 25.948 37.7358 893.418
0.507739 31.4503 47.1409 1033.37
0.27564 57.848 70.8082 1345.67
0.322902 31.6348 43.8043 1002.88
0.584903 55.5621 82.0765 1602.01
0.355337 11.5689 23.9637 683.025
0.459587 22.7284 36.722 871.018
0.521261 19.7412 38.6526 912.981
0.296882 7.58468 17.1182 549.231
0.543982 207.98 230.281 3119.8
0.410565 26.0262 38.5732 919.192
0.403166 17.4393 33.7881 855.93
0.321792 11.9605 24.4352 685.463
0.414359 24.6624 38.8222 914.242
0.436954 15.0252 27.9346 712.827
0.27656 12.7448 22.677 647.573
0.319373 23.6132 33.2989 814.228
0.280097 19.1494 29.0184 756.457
0.386233 16.7129 27.1893 702.008
0.324152 62.5634 81.634 1602.28
0.323003 21.426 31.3264 775.19
0.442496 78.7485 90.6096 1519.44
0.278509 14.3611 26.1482 735.118
0.314275 13.8755 23.9047 662.818
0.327114 20.391 30.3892 776.534
0.444333 33.074 56.7841 1270.78
0.328596 13.1129 24.2051 671.154
0.294578 13.4868 23.3011 667.891
0.248021 21.3068 34.5433 850.818
0.393119 15.7637 31.0483 811.869
0.330087 22.5584 34.3399 847.009
0.657288 76.3911 95.7604 1695.83
0.39184 30.141 44.4631 1039.22
0.407072 54.7075 86.085 1634.43
0.220227 5.45834 13.4014 480.066
0.289312 22.0557 31.5499 797.904
0.274133 34.5144 43.9145 954.722
0.541383 391.293 417.108 5075.68
0.351578 20.3133 29.9756 759.437
0.481771 40.2715 66.3431 1426.35
0.533886 57.203 84.9263 1632.91
0.67083 331.358 355.031 4305.99
0.226237 38.5616 56.9835 1288.21
0.357371 65.9492 105.388 2162.8
0.452092 24.2601 35.5828 847.812
0.257923 29.2294 38.7451 883.112
0.573773 43.5302 61.07 1220.66
0.342106 15.6792 30.241 819.818
0.303726 34.9652 59.6614 1375.73
0.473192 23.972 37.127 872.078
0.513152 67.5149 86.0297 1635.76
0.322883 9.80547 21.0098 624.989
0.312143 7.96655 18.27 570.728
0.390373 42.6425 54.5861 1142.84
0.411531 83.8684 103.144 1842.97
0.291581 11.9206 20.6268 606.786
0.336948 24.1184 34.2729 832.707
0.384661 19.7584 30.2281 764.468
0.433948 41.4832 55.4452 1152.73
0.564194 34.2207 60.0316 1247.25
0.292774 15.2993 29.1248 795.907
0.318688 24.6607 38.4218 896.973
0.54052 190.197 228.136 3577.01
0.614807 31.8562 57.6902 1180.48
0.39157 28.8806 43.5744 1002
0.472133 25.5663 38.8456 900.621
0.280287 21.4408 31.9512 813.426
0.314692 27.7215 39.105 921.984
0.267539 29.8738 38.8531 877.966
0.35431 80.7588 102.573 1938.62
0.354251 62.0177 76.8557 1483.76
0.285024 13.9889 22.2605 631.143
0.57507 29.8262 49.5592 1045.25
0.545216 129.725 153.301 2360.03
0.481713 56.6074 71.4013 1398.27
0.401566 17.1337 30.0162 752.052
0.50274 55.48 77.8885 1511.75
0.289786 16.9591 26.8711 719.195
0.310611 22.3408 37.7604 958.643
0.405394 23.2451 42.8637 995.431
0.36414 16.0088 30.5025 811.507
0.341914 14.1497 23.9273 657.58
0.229701 11.7575 19.8333 603.234
0.393376 13.2405 25.1044 681.499
0.561385 30.7423 49.9337 1048.32
0.411951 13.7364 25.9689 702.606
0.287634 18.8774 30.8674 786.268
0.308779 20.0052 30.371 756.293
0.599106 67.5056 89.1934 1615.72
0.319726 11.0632 20.6495 614.671
0.42466 22.8787 35.6527 834.012
0.422921 59.7605 76.8142 1492.28
0.482154 59.4714 71.0969 1309.09
0.433512 109.045 133.185 2332.77
0.311416 16.8667 28.0361 730.695
0.31714 11.975 23.3127 677.692
0.470745 193.518 224.856 3366.42
0.344867 66.9571 83.9858 1572.13
0.44027 44.7473 65.5234 1310.66
0.417361 88.4102 104.529 1778.35
0.426382 18.6587 36.7075 927.419
0.54277 23.2477 42.78 966.516
0.639302 72.9353 106.523 1879.48
0.32692 55.9884 73.67 1442.88
0.28942 15.9625 24.0905 666.816
0.316957 14.5541 23.9267 661.876
0.250713 14.0523 23.5567 667.086
0.256844 12.0508 27.7846 797.834
0.403056 21.267 37.0111 883.415
0.381788 35.3656 53.9505 1150.32
0.533268 51.3541 75.5678 1433.55
0.254489 7.71452 16.1332 529.434
0.286664 18.8087 27.4013 707.757
0.473751 44.4016 56.3468 1128.76
0.442355 89.7238 105.629 1825.63
0.483054 54.4834 67.9363 1284.37
0.356763 14.1944 26.2229 712.845
0.311345 13.8406 24.3477 672.137
0.307814 12.9663 26.8085 746.264
0.427703 45.7699 57.3931 1147.69
0.448887 22.3989 40.6221 977.852
0.531235 35.3003 57.2679 1248.01
0.4627 38.2184 52.4935 1079.75
0.506612 20.8109 37.5096 861.002
0.283843 11.9633 21.3189 619.319
0.325848 10.9287 20.6639 608.977
0.448166 18.7436 33.6477 828.749
0.558993 84.3552 129.135 2335.91
0.336203 15.8819 28.2757 755.198
0.439573 24.1782 38.8981 888.099
0.274508 20.2928 36.3202 930.671
0.470988 30.7876 48.5174 1036.71
0.392394 31.2468 45.816 1001.21
0.347616 12.1296 22.4741 634.652
0.415878 16.3636 30.6304 782.977
0.52522 80.0483 105.09 1945.82
0.451018 13.5314 30.0751 779.504
0.747894 77.4361 106.212 1843.61
0.649024 35.5107 63.9348 1265.31
0.522573 39.8009 59.3456 1200.83
0.421864 53.4811 67.2898 1315.48
0.440918 28.9321 42.9493 960.171
0.431117 33.801 56.8241 1263.43
0.478889 207.864 231.862 3341.91
0.447513 64.9236 92.542 1742.85
0.391163 202.557 238.288 3826.47
0.259423 10.1735 19.7095 599.256
0.544038 68.0333 93.7777 1760.41
0.307192 17.8975 30.1763 771.914
0.375999 19.2261 32.1533 805.076
0.425452 13.2463 26.0772 701.244
0.289959 37.4464 49.4721 1057.4
0.368049 12.1956 22.7853 639.21
0.298212 9.75474 19.2454 588.485
0.331172 19.0808 30.434 797.823
0.344693 11.7154 22.6197 635.375
0.386412 30.6357 40.3697 908.101
0.287907 11.846 20.9172 613.32
0.436688 63.3274 82.4049 1572.54
0.41355 14.1141 26.351 691.552
0.426476 26.0772 38.5758 891.148
0.590067 32.6532 51.2378 1076.54
0.421985 27.2789 52.0378 1210.78
0.428171 15.0688 27.5789 729.488
0.553078 53.6986 71.2591 1336.29
0.314801 15.1073 25.055 696.606
0.332661 34.64 52.1706 1209.06
0.329792 30.3507 45.5947 1088.39
0.461549 31.8301 45.7739 983.67
0.468415 19.6486 34.3647 843.402
0.413269 13.6816 27.0531 716.699
0.295452 10.712 21.4149 633.485
0.318211 26.7279 38.4872 907.395
0.492595 25.9163 38.9341 896.432
0.406318 24.6691 38.4506 944.475
0.47957 32.0013 58.2505 1292.68
0.410714 21.3846 40.168 986
0.272368 46.8889 61.0198 1239.3
0.451126 26.286 38.936 925.216
0.548436 26.7429 43.8538 972.823
0.206014 14.7468 23.5669 672.95
0.345599 16.0999 26.4318 719.32
0.434047 16.9527 31.5093 797.043
0.189014 20.7054 28.8429 734.495
0.322938 13.7878 23.4927 652.037
0.383912 13.6612 27.0792 713.324
0.497294 23.8015 39.2232 894.699
0.444133 14.2011 27.2735 710.895
0.454938 38.4522 53.6793 1138.24
0.485015 71.494 102.613 1889.13
0.424994 17.9004 34.4602 874.468
0.333847 106.413 134.035 2339.13
0.274875 10.156 18.6293 573.527
0.544219 30.0744 48.0649 1026.88
0.506334 37.8441 60.2417 1239.15
0.290763 21.2594 39.4016 982.89
0.507421 38.9433 63.3635 1296.69
0.392315 24.4377 34.8012 819.686
0.381478 14.0859 24.8006 661.943
0.489606 64.8796 87.1824 1716.16
0.49406 53.7116 69.5134 1367.46
0.506447 73.3925 93.4471 1731.54
0.421044 35.5578 63.645 1395.07
0.65024 43.4805 77.3868 1496.66
0.273973 7.20249 17.4701 565.146
0.403263 88.9872 103.019 1729.19
0.380531 17.5254 28.292 715.856
0.317599 14.8894 25.9222 715.036
0.369016 38.4798 48.9993 1039.08
0.420413 31.1647 49.6267 1130.4
0.363778 14.9097 29.9237 779.085
0.527034 42.5807 55.7872 1102.36
0.270493 10.0283 18.6196 566.93
0.37408 24.0541 42.4126 1023.99
0.397484 21.316 33.6868 821.925
0.400591 245.516 272.149 3822.05
0.324365 12.0248 22.447 651.231
0.325004 32.1327 42.9289 958.206
0.315006 37.1048 56.154 1307.92
0.52023 69.5187 84.3237 1510.07
0.484105 256.823 289.403 3898.1
0.309463 15.7157 27.2982 749.33
0.522001 97.8045 110.861 1758.11
0.379772 20.2436 30.2771 769.085
0.467393 41.4144 54.8638 1150.18
0.443984 21.7681 37.4079 873.57
0.258264 15.5938 26.7366 743.881
0.508465 66.2225 101.869 1931.99
0.386475 19.3729 35.1626 858.264
0.338479 9.06091 20.3402 607.812
0.398449 19.6251 31.4987 772.358
0.394499 30.6201 43.8434 986.218
0.373441 22.3699 35.8062 854.696
0.276436 10.5148 20.3032 614.119
0.441707 23.2351 36.0801 837.621
0.407899 22.51 36.8112 878.248
0.278627 47.513 60.0834 1217.06
0.254247 11.1539 21.1218 631.619
0.274459 40.0296 52.6803 1139.21
0.392673 24.3124 38.2326 893.244
0.427761 31.8449 47.0663 1075.45
0.236955 24.6525 33.3985 802.036
0.347903 28.0734 37.891 861.329
0.361088 18.9578 31.1114 809.394
0.427036 15.898 30.6337 788.957
0.406477 17.0132 31.0915 801.988
0.364618 21.0973 35.6797 897.263
0.409337 16.728 29.7695 750.335
0.327776 225.162 262.707 3817.07
0.501162 27.0548 48.7871 1065.13
0.402729 34.6295 54.3113 1213.91
0.300293 148.146 195.046 3078.37
0.463203 78.0292 105.658 2053.06
0.33819 19.2364 29.6826 772.324
0.28591 19.5394 28.4165 734.527
0.45153 28.0794 49.623 1137.7
0.458943 45.569 56.5664 1132.48
0.440944 103.192 128.821 2290.2
0.275798 37.4485 51.57 1108.34
0.462521 33.1822 43.4884 938.758
0.411939 18.8362 36.4699 899.177
0.357537 14.5045 24.1334 654.706
0.217492 5.03574 13.4072 483.321
0.278918 16.6018 30.2579 826.092
0.347404 16.5853 29.149 783.211
0.513034 29.7766 45.0537 996.373
0.289284 10.8901 21.1945 641.203
0.309635 57.7577 70.3039 1329.53
0.356732 24.6786 43.0608 1045.91
0.277886 8.50627 18.5152 588.164
0.340217 56.8078 69.5952 1350.24
0.378637 13.6266 24.2615 674.817
0.313284 15.2833 25.9181 704.664
0.355263 53.0646 66.9697 1333.16
0.473789 17.9139 30.8977 761.735
0.626663 62.2849 91.9633 1740.53
0.369309 15.0713 29.3804 783.133
0.304021 19.3125 27.7781 726.795
0.361924 59.1575 85.3234 1660.33
0.342653 14.6846 26.6313 732.379
0.527074 55.6223 68.7704 1301.66
0.334116 16.1148 28.7 754.791
0.564277 30.2918 48.9201 1034.74
0.341314 9.07174 19.4803 584.836
0.505237 44.1225 57.1934 1134.89
0.432448 18.5512 31.8796 800.914
0.523153 30.1185 47.7773 1052.49
0.337707 20.7959 31.8975 825.568
0.371443 30.2951 54.226 1264.26
0.473459 50.6207 68.1321 1349.21
0.285986 9.55756 18.8641 582.283
0.466328 53.611 74.7133 1514.48
0.484262 25.396 39.96 932.114
0.403381 31.1615 44.7689 1014.34
0.278544 12.386 21.5126 624.967
0.671347 43.0026 72.6233 1402.9
0.405199 90.408 106.726 1827.93
0.306386 55.774 67.335 1272.57
0.368466 18.0395 30.4775 789.818
0.24284 45.6622 66.5355 1379.72
0.515529 96.6885 116.622 2017.48
0.321903 11.7622 22.4063 641.91
0.331102 17.3008 28.0726 756.938
0.33715 34.2123 47.3526 1044.55
0.330182 34.9738 44.6204 961.276
0.331054 20.7702 34.0542 863.511
0.295699 17.9885 26.2159 688.04
0.547554 42.2173 62.8834 1257.9
0.581393 66.653 89.874 1625.17
0.337918 31.596 43.4353 978.176
0.389251 15.7493 26.369 695.122
0.284968 20.8474 31.099 780.459
0.344399 17.9233 33.0771 856.882
0.419994 56.0025 66.748 1243.01
0.398189 36.6301 59.7631 1323.8
0.449326 24.8548 39.7169 918.93
0.494284 38.2825 53.1759 1138.83
0.365473 27.4372 37.4606 883.395
0.316035 17.2517 31.8907 849.099
0.334559 14.1558 27.6753 746.35
0.558065 73.9998 90.7837 1584.11
0.460175 62.8204 86.2282 1686.96
0.312083 27.6583 36.6677 854.286
0.250937 7.65845 15.6495 517.65
0.361848 15.4331 28.0915 758.996
0.330916 13.076 23.3682 656.254
0.452309 36.3213 58.8908 1264.91
0.406759 42.7121 55.3532 1150.1
0.334923 9.14877 18.8995 573.795
0.344842 22.0914 35.584 897.186
0.575183 48.4365 70.8753 1357.76
0.496401 20.9485 37.0806 853.426
0.341615 112.571 133.246 2162.76
0.31464 22.201 37.3281 919.994
0.178093 8.03725 15.3819 521.581
0.392531 48.9047 64.2714 1283.99
0.44845 61.6295 74.2192 1371.24
0.336122 22.3594 35.3029 905.323
0.365835 13.8813 26.8097 710.396
0.386452 14.0067 26.9986 735.723
0.415087 16.9085 29.1572 741.733
0.257714 10.276 19.1716 589.198
0.431361 26.9288 42.8907 1030.43
0.385091 27.4536 41.19 957.909
0.458297 17.1031 30.343 754.142
0.412289 18.1454 29.9219 763.675
0.493115 52.8073 68.9453 1340.93
0.403891 35.6491 48.0192 1058.47
0.222666 20.0631 32.5113 847.302
0.530533 40.7112 62.9965 1341.03
0.370499 73.7416 89.167 1584.22
0.315801 36.4672 49.456 1059.31
0.545007 64.7607 86.2413 1541.22
0.445077 43.0753 64.0075 1383.41
0.385796 19.0655 31.042 795.047
0.397418 27.3772 41.6224 976.685
0.435492 54.7576 81.0786 1660.04
0.32503 11.703 22.173 632.921
0.363868 45.9555 61.9298 1278.84
0.386463 31.137 45.3809 1042.6
0.455053 34.4096 47.9721 1039.75
0.482725 29.8649 42.7213 945.998
0.48424 27.362 50.5447 1099.8
0.422373 32.5917 49.1912 1107.52
0.321094 11.9333 21.9098 633.931
0.31536 12.9261 24.0044 679.194
0.550041 54.6584 73.7862 1399.77
0.385971 41.8434 62.7858 1367.28
0.359282 11.1771 21.5317 614.896
0.369091 42.3484 55.7716 1156.62
0.539539 182.838 204.474 2848.5
0.402015 32.2968 51.3527 1165.67
0.355546 28.3797 43.791 1054.96
0.515283 52.7907 74.319 1466.38
0.297182 14.0754 25.1183 713.523
0.427747 20.7287 35.6664 850.705
0.442958 18.7639 32.9156 797.869
0.34332 64.65 81.3398 1584.96
0.400033 47.7461 63.038 1306.65
0.222649 15.6757 25.775 728.781
0.401465 16.209 27.6876 720.509
0.567775 27.4364 47.2373 1043.73
0.419085 993.604 1117.64 13828.2
0.338026 34.8858 45.1612 979.658
0.280287 8.47391 16.9033 536.367
0.432789 17.7958 32.0751 805.356
0.495987 34.4229 55.613 1179.12
0.531166 79.0113 115.174 2120.46
0.387183 12.7993 25.7595 693.837
0.386153 41.934 60.6572 1294.17
0.240287 7.85175 17.6609 567.732
0.446594 19.3693 38.1744 947.994
0.338875 12.7779 23.3948 667.873
0.371733 9.38555 20.9493 613.014
0.422666 19.6349 30.9481 767.853
0.242394 9.74455 20.0687 615.505
0.398025 51.8207 73.8908 1605.42
0.242029 25.0114 34.8721 839.051
0.310415 31.0558 46.1889 1080.65
0.28797 15.7999 25.5932 681.448
0.356541 47.7317 57.9701 1140.93
0.291214 12.8531 24.8116 700.555
0.477 21.8274 38.2499 905.369
0.248796 8.16317 18.4408 585.466
0.524071 118.776 135.555 2109.63
0.242005 10.1182 18.7168 586.233
0.444144 18.0347 35.0472 875.145
0.462625 25.2667 42.3889 1006.16
0.310827 41.4438 60.5874 1338.97
0.345277 11.1269 24.6127 701.996
0.462575 27.3191 42.4588 947.431
0.413596 52.7473 66.6605 1329.13
0.399049 14.8018 27.122 721.468
0.426795 17.1832 30.4006 763.828
0.393182 19.7564 32.0665 823.205
0.401741 22.8436 38.1031 926.913
0.410506 26.6086 43.031 989.071
0.302969 9.5305 19.9243 609.836
0.406649 23.4334 34.0171 825.245
0.396255 35.7237 47.915 1042.18
0.50706 54.8892 66.5978 1249.76
0.46442 22.4332 41.135 961.983
0.461449 38.1965 51.5751 1093.41
0.370475 18.8507 36.3163 950.378
0.273192 13.5248 30.6259 855.556
0.431204 23.6016 46.579 1104.2
0.253728 7.01755 16.8707 556.016
0.357383 15.5581 29.6939 790.223
0.347534 38.9096 56.1141 1274.17
0.55397 30.1743 46.2829 1011.57
0.372263 18.6016 33.8056 850.058
0.232712 14.7157 25.8247 738.64
0.315461 15.7528 30.5795 805.085
0.459623 26.3735 39.9412 931.522
0.334452 85.0531 104.101 1822.34
0.322927 121.232 145.846 2327.44
0.412172 16.5936 28.7761 730.674
0.704236 80.5588 107.241 1847.82
0.31169 18.974 30.1124 776.185
0.452412 23.321 38.0079 916.146
0.422737 19.426 33.0264 827.364
0.337846 18.8515 29.2111 764.343
0.389783 60.0942 70.9318 1291.04
0.504815 52.3823 76.5259 1555.18
0.403576 43.0902 61.2725 1359.4
0.417275 26.4896 36.7162 863.567
0.343116 14.3277 25.7455 704.65
0.352959 18.2391 31.0957 813.937
0.307658 21.0902 32.7223 817.214
0.318021 29.5508 39.778 925.716
0.346183 26.4852 41.0916 929.999
0.322028 43.0298 57.035 1177.45
0.327024 45.7702 57.8102 1166.8
0.349216 19.4021 33.258 824.569
0.445915 42.2511 54.4086 1101.3
0.560515 42.7822 68.0107 1364.02
0.405278 19.3929 33.4694 821.426
0.504441 34.18 56.2222 1171.47
0.444279 16.8015 33.2866 842.372
0.40075 22.4601 36.4608 891.894
0.331298 17.961 29.1614 768.592
0.368342 13.4515 27.7021 752.226
0.367999 17.8401 27.6399 711.028
0.496798 36.9279 57.0827 1169.85
0.460635 82.4852 96.8844 1634.43
0.245476 67.6998 87.873 1613.85
0.3296 16.6106 29.0634 767.63
0.403792 54.4881 68.7369 1363.27
0.297994 22.3559 32.1556 796.017
0.382647 15.6139 28.0769 747.752
0.56752 23.5754 42.9216 954.808
0.410849 80.018 95.3405 1701.32
0.570916 159.943 178.476 2544.24
0.347199 23.7376 35.7288 863.426
0.388661 28.1735 42.0429 937.727
0.316457 15.7095 25.1415 682.419
0.228268 15.4644 28.7602 809.977
0.447952 249.615 285.261 3919.88
0.450219 16.2268 35.0187 878.904
0.452923 23.7926 43.7144 996.99
0.388619 40.8078 54.8873 1174.82
0.425606 58.3041 73.8553 1403.27
0.407332 18.9232 29.9305 768.547
0.374568 26.0109 38.4857 904.273
0.435425 34.4633 53.4799 1195.41
0.373267 52.0589 63.6142 1229.79
0.391919 22.6443 35.2228 835.446
0.601074 27.4353 47.7615 1009.39
0.434219 159.765 226.946 4208.19
0.525271 42.2925 61.873 1212.91
0.522459 134.449 153.39 2365.98
0.536799 373.403 403.497 4909.23
0.282908 14.6679 25.253 707.647
0.359309 50.976 65.9138 1324.61
0.398834 20.2614 34.9335 861.752
0.358097 103.137 119.679 1938
0.264632 13.3483 23.2438 662.142
0.472839 33.8708 50.6996 1109.11
0.41437 31.0042 42.9683 959.454
0.325054 39.7881 62.4084 1312.61
0.397482 69.0346 81.516 1465.67
0.365313 32.9987 46.8136 1071.55
0.319645 15.9229 27.0039 727.185
0.228077 8.04847 17.1016 558.248
0.421175 23.5112 42.7131 999.009
0.266098 22.1292 31.5544 794.117
0.425904 17.2503 34.5413 870.591
0.414165 26.6737 37.2022 863.159
0.3065 12.7584 24.5456 694.969
0.387691 140.176 189.265 3226.14
0.396923 12.6349 24.9393 687.044
0.31275 31.438 48.4745 1118.26
0.388431 25.8065 37.3818 890.398
0.270297 7.41599 16.7041 544.606
0.708061 97.8259 140.565 2324.04
0.317366 22.8194 43.1011 1081.84
0.428648 19.0891 37.0294 912.326
0.410706 37.9319 64.9556 1438.01
0.37448 26.8362 39.9644 941.251
0.34954 11.3399 21.6133 626.771
0.585772 74.597 102.391 1878.87
0.518255 42.2529 61.1535 1251.6
0.40813 17.6584 32.5994 833.629
0.418386 23.6831 39.1124 936.542
0.606899 46.2862 68.0635 1311.55
0.360136 12.2186 22.5394 637.023
0.308876 23.4378 33.0145 792.682
0.483118 32.7849 52.4644 1169.87
0.390108 21.5716 31.405 769.278
0.398592 14.0659 25.6319 697.686
0.262919 9.59476 18.2854 570.734
0.442374 34.7597 47.9052 1060.84
0.250758 11.3476 21.7784 649.833
0.337115 28.5002 38.9516 883.884
0.359045 17.034 29.9929 785.818
0.354756 31.8145 43.5882 974.221
0.504713 88.1345 103.563 1755.93
0.351732 16.2063 27.1711 713.985
0.357845 12.1614 24.4681 684.359
0.631612 38.9987 60.2141 1188.56
0.399319 15.3578 30.2244 798.613
0.431699 39.1446 55.2519 1169.31
0.421964 25.3836 37.7644 895.619
0.312943 53.5885 82.0208 1624.26
0.610636 336.747 361.968 4414.53
0.312252 23.2303 34.7815 867.391
0.393956 19.835 37.6995 903.691
0.262866 11.9585 23.4298 692.256
0.438404 17.6341 32.7732 819.098
0.394732 30.7487 41.104 921.63
