0.33587 43.1457 71.9292 431.441
0.281508 17.0056 35.5037 264.225
0.42026 56.283 79.6873 446.884
0.425638 58.8636 97.6005 528.901
0.285751 34.3627 55.5836 362.662
0.367785 33.5997 62.8298 405.894
0.362988 41.5884 63.1553 402.042
0.506725 36.6206 76.1453 453.862
0.400978 86.8684 121.758 659.259
0.363029 22.1072 47.8313 320.46
0.401985 35.4584 77.2971 507.758
0.3809 270.78 312.363 1249.42
0.391801 38.6432 86.1797 559.734
0.490416 76.2907 135.901 703.268
0.358451 25.7164 49.9008 333.616
0.352177 27.5102 55.6232 379.397
0.294498 27.805 54.303 376.897
0.400779 61.7472 114.195 617.759
0.335632 38.8995 58.5235 374.965
0.41406 54.4343 105.921 633.448
0.318107 50.407 98.5114 609.06
0.361829 206.207 247.343 1012.48
0.564342 82.9297 148.733 748.185
0.38435 45.2377 82.6346 493.96
0.385363 136.305 211.645 1094.94
0.353283 26.2908 53.21 375.497
0.688045 103.275 184.285 857.545
0.392378 41.0754 67.6976 411.164
0.687215 316.111 380.603 1479.89
0.548109 58.449 113.48 581.384
0.517625 48.3484 83.0188 476.334
0.455767 41.5533 70.9165 424.729
0.219165 24.1214 48.871 353.416
0.453794 68.4243 120.333 660.524
0.496909 108.462 171.289 893.719
0.463436 153.291 194.78 889.681
0.309532 28.4093 49.546 350.836
0.428192 40.5654 78.4351 471.238
0.383627 54.4643 81.9389 490.293
0.363246 46.0179 88.534 551.815
0.260964 27.2207 48.9565 345.476
0.350575 30.9577 65.4408 442.682
0.395207 36.5693 70.5175 437.854
0.346102 70.1175 103.409 588.341
0.494892 74.9126 130.62 683.448
0.538596 76.1184 120.589 621.343
0.371198 43.6479 69.8351 431.636
0.404042 69.3844 95.6965 527.558
0.591155 137.755 200.403 954.432
0.402917 276.753 315.52 1239.01
0.439947 29.7625 59.0424 383.393
0.627792 85.6813 153.569 747.343
0.360329 26.5609 56.7455 391.612
0.31355 25.4735 53.3652 384.426
0.278476 31.0729 61.1178 433.381
0.165185 9.96544 24.0913 217.992
0.375225 48.1565 84.1962 529.184
0.385238 33.3632 58.5354 375.541
0.429642 109.654 138.499 634.067
0.250505 71.318 97.9306 548.996
0.640171 134.393 235.194 1046.08
0.51341 470.555 560.47 2127.49
0.362558 50.6757 78.936 473.592
0.536598 175.472 223.773 957.761
0.463068 82.8611 123.187 641.873
0.264281 42.3045 60.7095 369.884
0.292978 22.3863 43.5226 314.822
0.405522 35.056 65.6949 410.182
0.350603 179.206 223.907 1013.5
0.327856 54.58 87.0639 546.558
0.346434 22.3 51.644 374.796
0.426873 85.138 117.31 626.505
0.467552 32.5992 71.0784 439.295
0.354054 36.8815 75.5601 483.888
0.364089 25.3447 54.3138 371.095
0.386412 89.5548 125.667 673.282
0.526608 69.9442 120.575 671.982
0.418331 92.957 133.341 690.764
0.343358 927.331 1084.1 3735.47
0.381387 31.2664 60.991 402.378
0.41992 79.2813 122.894 693
0.315317 21.5459 45.4517 327.104
0.421741 69.0662 113.226 623.214
0.410283 50.7933 92.4633 578.938
0.405818 35.4404 73.4131 446.121
0.431096 37.1485 70.7149 443.178
0.435497 198.407 290.116 1228.48
0.30913 21.9923 42.0051 306.832
0.500211 342.484 384.346 1370.26
0.352899 41.487 65.4058 399.171
0.437859 67.8779 107.667 579.135
0.377288 62.8809 88.4692 525.306
0.510836 116.813 180.16 846.251
0.333882 66.8009 99.9924 606.648
0.474455 52.8731 110.638 647.126
0.485114 124.925 183.159 921.048
0.509329 212.647 245.489 969.314
0.434831 42.9942 85.796 513.412
0.319683 39.9022 59.4236 369.68
0.553305 111.207 161.078 787.456
0.459122 54.2477 85.3564 493.842
0.43111 192.304 224.731 913.081
0.307661 52.2216 75.0383 464.434
0.600927 202.149 280.982 1213.6
0.418778 75.0569 106.672 597.354
0.250809 21.1737 45.048 344.179
0.564279 72.7067 130.691 703.689
0.452923 69.8965 102.375 560.978
0.416886 32.9005 60.7746 388.926
0.481192 498.715 547.295 1847.89
0.415715 34.0738 66.0542 414.661
0.467691 105.688 149.927 738.477
0.369571 22.6767 50.6237 341.378
0.415122 31.9138 69.9306 460.658
0.299863 1669.22 2068.01 7133.19
0.433215 50.6865 83.4024 457.19
0.298437 61.6254 84.2632 490.012
0.481888 44.8884 78.2377 445.765
0.558921 108.482 166.777 790.022
0.416095 39.2608 69.3734 417.413
0.496238 65.5448 118.187 653.901
0.369154 78.2076 101.939 520.397
0.417443 38.7132 71.2697 436.372
0.338891 52.4045 86.0486 534.744
0.467275 39.3736 82.9407 512.445
0.418555 25.0173 56.5096 364.966
0.473695 40.9695 78.1988 464.661
0.382007 48.1627 83.2263 488.171
0.20547 12.0268 30.2828 252.367
0.370992 82.583 105.269 539.084
0.41524 41.5376 66.1521 399.594
0.363938 22.1756 43.7449 302.481
0.41326 49.0757 86.088 493.627
0.446289 67.9953 121.35 661.129
0.600068 77.3446 132.581 634.734
0.489931 88.1205 136.448 721.596
0.395497 96.2981 123.916 613.444
0.33394 27.8266 57.1547 383.737
0.496396 31.7185 69.0345 417.427
0.350393 36.5544 60.9067 386.362
0.447781 72.6227 121.548 643.192
0.584881 82.1972 140.318 712.584
0.356879 46.6303 74.8433 472.208
0.559253 124.048 153.666 700.724
0.289921 29.1221 58.6209 407.909
0.523871 50.2636 87.7038 477.333
0.360252 40.0386 75.7181 444.541
0.448736 27.0265 63.8266 408.271
0.289681 22.8409 48.0048 345.962
0.448866 44.2959 78.6323 461.013
0.476747 123.589 161.59 802.437
0.401553 56.1155 87.5327 512.848
0.429196 70.9938 102.588 539.861
0.382162 38.2826 65.7648 407.676
0.36265 31.8091 62.524 408.013
0.310753 89.4077 112.184 562.178
0.403897 24.8471 54.7014 364.241
0.341347 46.1619 67.7344 413.526
0.276713 13.5905 33.3026 260.54
0.333405 32.0753 76.6244 525.392
0.392318 30.2834 54.3113 352.599
0.364225 36.5519 61.2623 399.799
0.498922 265.391 312.468 1263.69
0.477151 183.901 214.214 888.977
0.469475 100.41 130.151 668.569
0.275414 20.1788 37.7521 286.203
0.478428 171.747 216.102 994.835
0.197703 14.7613 29.3562 241.28
0.424612 55.114 81.7817 478.857
0.458787 38.0186 82.9315 485.458
0.443559 21.2419 52.4688 345.449
0.346531 63.2253 90.2978 513.825
0.326956 40.0603 64.8051 403.92
0.31708 19.524 41.7323 309.151
0.378081 33.1601 63.1647 399.268
0.33363 73.9747 100.195 547.406
0.496099 55.0714 104.499 576.52
0.378806 78.2606 104.343 577.886
0.263883 15.6392 35.5782 277.189
0.51953 180.287 220.871 935.887
0.401279 164.46 218.138 1034.51
0.444134 33.8714 67.9881 418.896
0.342556 88.171 119.322 625.943
0.306576 41.1378 68.8736 465.272
0.564884 52.2686 97.2803 535.495
0.348871 42.4295 86.4136 566.207
0.514796 67.6566 112.071 581.535
0.339463 218.901 265.171 1102.78
0.380364 29.3417 54.9271 363.221
0.351322 51.9623 72.1847 430.989
0.36339 66.2446 111.991 648.895
0.570303 59.7626 109.202 579.865
0.531395 51.1383 90.8484 511.263
0.394838 184.625 274.524 1172.87
0.486938 92.7399 137.613 675.63
0.506364 460.655 516.716 1792.91
0.323028 24.8528 53.3481 357.255
0.472044 61.1167 115.647 674.224
0.456485 92.14 128.312 666.63
0.394547 69.7725 93.3948 509.369
0.388821 33.15 63.8286 414.658
0.450118 62.169 99.124 576.485
0.60726 99.6727 162.873 754.631
0.562572 126.834 179.906 900.781
0.420832 123.576 156.491 768.868
0.32496 33.5288 61.074 387.264
0.465719 42.5815 83.8567 496.063
0.373216 74.3583 99.7791 506.957
0.443642 35.599 71.8701 432.462
0.330662 37.0104 72.2787 478.941
0.349562 34.9742 67.2917 426.221
0.373014 38.7044 80.8745 512.086
0.24137 25.0837 47.815 339.472
0.470688 32.0693 69.1014 429.143
0.319953 14.7852 35.2063 266.037
0.281519 35.1158 57.8708 395.833
0.384725 35.8802 70.1668 452.186
0.562986 208.634 310.302 1484.25
0.428798 79.269 127.816 687.736
0.395774 33.5914 58.8944 382.612
0.460416 156.264 206.45 991.42
0.354247 56.7097 90.7217 528.432
0.525753 80.7909 108.339 546.563
0.391559 141.094 180.684 878.424
0.41007 47.3292 87.0122 505.601
0.449455 143.411 184.325 882.593
0.330033 779.789 873.493 2930.67
0.435067 99.5871 125.045 604.681
0.376867 65.7904 96.4428 542.528
0.417178 78.3356 118.605 637.573
0.408671 74.9204 133.707 755.066
0.400316 69.5902 121.907 670.563
0.378886 59.0709 92.8454 548.116
0.409406 57.5663 87.3256 501.9
0.475907 77.4632 100.948 506.188
0.427122 40.227 72.3725 427.762
0.285004 50.4408 77.9056 490.159
0.509983 152.674 188.831 863.081
0.535607 69.8904 111.336 609.915
0.363054 46.838 89.1316 548.082
0.588349 168.191 212.199 960.639
0.458241 176.95 212.277 941.16
0.399622 69.6234 102.773 580.386
0.421521 47.9777 84.9161 507.706
0.395573 48.6519 75.4765 457.422
0.417481 64.1244 96.7864 535.427
0.620565 187.844 282.615 1154.05
0.376482 30.473 53.3028 366.23
0.433429 73.7544 120.792 660.1
0.434761 103.891 128.524 620.754
0.486691 88.4601 133.999 636.143
0.394181 52.851 87.5639 512.077
0.286593 17.7239 37.3415 278.604
0.518518 35.4121 71.7364 417.027
0.32126 32.227 54.6994 366.295
0.414976 42.7955 74.6865 445.624
0.378234 45.1113 77.6991 465.153
0.442396 212.143 255.201 1082.83
0.427777 63.8104 89.237 499.923
0.391691 31.6824 68.2088 449.752
0.405414 69.2111 105.348 587.434
0.333998 30.9892 51.1217 346.137
0.409241 24.0714 52.8402 352.821
0.50671 65.862 121.132 680.869
0.370935 30.9646 66.6175 438.633
0.442415 70.9395 110.71 621.531
0.447266 127.516 153.908 709.141
0.392028 25.2782 48.687 324.307
0.307164 26.1571 50.6351 347.911
0.475643 62.3693 94.6855 504.059
0.4223 24.0671 56.0268 361.666
0.4414 62.4342 87.5576 481.299
0.352643 29.4407 54.2942 369.155
0.427379 116.121 154.008 785.779
0.363161 36.8769 64.1902 415.924
0.319195 20.1457 45.8034 331.593
0.354712 41.0122 63.9902 393.92
0.353076 52.6293 77.6835 461.02
0.269871 19.8886 37.7214 284.565
0.433115 77.5892 130.912 735.776
0.42823 82.9685 131.358 715.23
0.537138 183.348 215.308 899.753
0.391771 87.3023 113.791 584.35
0.437252 42.339 73.1748 435.427
0.449027 33.7057 68.2067 417.927
0.475608 65.408 103.358 542.315
0.432797 53.2474 95.8479 534.538
0.497386 80.9743 113.407 588.54
0.515658 83.7996 154.846 820.79
0.422113 58.2828 86.8624 498.81
0.361198 43.3673 69.6684 428.155
0.505145 63.0999 99.4001 554.979
0.350595 30.2852 53.8312 365.821
0.450879 64.6432 104.768 608.948
0.391668 35.7235 70.4736 457.692
0.347662 54.922 78.1797 470.967
0.343912 43.0635 69.0317 438.692
0.413209 57.8351 95.1254 544.809
0.434851 92.1484 132.117 683.307
0.529906 63.2012 121.299 634.457
0.391405 39.7251 70.6994 447.456
0.387204 244.085 278.986 1114.74
0.542342 125.256 162.123 774.944
0.36057 117.452 158.069 812.362
0.455624 342.883 389.026 1418.92
0.34588 69.1934 100.409 557.419
0.358055 84.0509 109.543 586.161
0.348272 34.5095 61.1359 417.099
0.399196 27.6028 60.3685 397.064
0.298907 114.656 142.66 679.46
0.319836 51.6597 75.1224 467.667
0.328933 67.9649 91.6888 513.066
0.454938 53.4466 92.7935 500.316
0.332803 251.675 293.762 1193.48
0.321511 42.8074 64.2279 409.911
0.436303 33.7277 69.1295 440.657
0.364029 32.4117 56.9352 376.916
0.440206 74.2607 102.057 548.294
0.34518 26.4455 50.72 335.021
0.294828 35.9363 53.4306 342.512
0.41779 56.1797 94.8775 578.229
0.332679 32.772 60.9071 410.305
0.468371 53.4667 102.192 563.705
0.452636 107.502 141.812 654.974
0.260803 50.9153 75.7649 474.853
0.419822 38.62 65.1415 396.105
0.409234 117.747 185.471 890.641
0.414643 74.2442 115.582 641.065
0.449485 47.5811 87.6991 505.036
0.42951 109.482 135.163 654.553
0.344815 22.6294 49.0263 344.893
0.304048 53.7739 76.1439 451.22
0.373673 92.7935 121.485 641.052
0.405492 33.8372 65.4974 427.416
0.488616 36.7141 78.6206 476.126
0.329339 23.7427 52.5455 349.097
0.420493 57.7667 103.88 623.59
0.324523 17.9502 38.3953 282.281
0.378061 109.254 138.039 689.951
0.328674 68.4321 102.952 555.044
0.363524 50.4284 77.412 454.946
0.385794 91.2793 119.722 632.681
0.425505 66.1774 91.2681 493.201
0.444333 38.0128 65.4382 408.207
0.426573 27.9265 62.7138 410.322
0.439133 55.5061 85.7917 482.448
0.323239 90.7274 128.679 707.281
0.403114 32.6457 61.2222 387.445
0.316708 33.4774 57.2224 379.524
0.365944 24.5127 57.3304 400.748
0.407622 26.5131 50.7673 328.282
0.372353 106.619 133.333 635.656
0.347775 101.363 129.333 666.979
0.271722 98.1481 126.979 627.765
0.357945 58.4155 120.506 716.808
0.342387 27.5751 54.688 384.404
0.269399 56.3835 89.2918 549.455
0.520941 44.457 90.6015 528.216
0.471027 86.2572 119.27 643.176
0.30722 101.789 144.358 740.993
0.403929 22.6135 52.6831 361.343
0.43124 172.063 204.402 895.937
0.45782 58.5981 88.5877 480.591
0.436247 209.466 238.641 953.552
0.439102 73.315 140.702 786.607
0.404962 47.2649 90.7081 550.801
0.463589 112.305 170.694 909.324
0.363001 57.5362 84.7517 497.839
0.615572 59.3338 117.553 610.984
0.419651 44.6975 76.6785 464.231
0.44855 46.9071 90.3552 533.016
0.485343 80.2559 126.212 680.09
0.359296 230.521 273.662 1117.41
0.338642 33.4802 74.5377 518.171
0.552397 205.656 321.662 1378.43
0.524811 101.684 156.072 734.643
0.46996 40.5041 80.862 455.146
0.306354 137.654 183.066 844.012
0.356313 69.9554 98.0366 535.551
0.428986 43.9784 87.0177 503.047
0.31443 19.5471 41.8968 300.875
0.192358 167.131 239.676 1091.57
0.404992 242.264 290.47 1161.31
0.37919 47.2398 79.6956 470.159
0.529024 148.578 186.054 871.256
0.459438 86.4247 114.835 600.185
0.351903 32.1432 57.9045 382.058
0.331144 26.6523 54.2023 361.519
0.359043 41.5549 73.7524 451.325
0.35832 37.477 74.0545 468.628
0.452447 62.2246 102.575 557.378
0.378923 170.003 228.168 1163
0.493495 38.2937 83.9746 490.665
0.521476 90.5086 132.148 662.262
0.387969 39.5087 69.4402 426.682
0.432405 42.185 78.9229 468.281
0.430957 43.4577 75.4276 459.908
0.565987 167.617 242.333 1075.34
0.349237 75.2904 99.67 538.24
0.389472 34.9063 73.9178 471.654
0.533146 58.6894 112.341 608.114
0.412501 118.274 149.228 743.098
0.5356 227.459 284.597 1260.93
0.412797 123.854 153.505 714.2
0.361401 25.0632 51.1913 340.653
0.340569 31.9486 56.7146 380.863
0.458845 36.1179 71.218 426.814
0.393094 88.4138 116.918 593.657
0.426067 123.693 177.939 882.929
0.320602 38.4175 64.8158 438.627
0.427312 373.814 428.188 1673.11
0.379061 61.358 87.146 504.816
0.458229 82.5637 119.348 612.129
0.552773 115.869 196.456 936.741
0.546262 109.722 193.227 969.516
0.367801 23.5338 50.9822 351.055
0.379365 46.1196 70.986 424.209
0.341547 45.18 70.7545 443.416
0.538412 79.5089 126.729 673.898
0.418968 80.7612 141.706 793.429
0.377067 24.034 53.0563 348.949
0.434632 43.739 78.9691 462.82
0.298946 40.3139 69.8093 430.527
0.297542 27.6575 50.9024 336.821
0.429533 45.1589 75.279 462.778
0.4353 100.913 135.726 716.001
0.407997 37.9464 84.8089 526.484
0.300402 25.4028 50.7067 351.811
0.486478 40.938 80.1765 469.562
0.445619 60.8269 94.4689 548.621
0.289469 41.3457 70.9518 467.179
0.511427 51.4839 97.186 550.421
0.294461 222.809 285.689 1292.84
0.4248 32.3351 65.9747 409.332
0.284096 46.839 69 414.566
0.510728 44.3094 86.6952 487.202
0.425564 70.4482 104.793 560.809
0.351837 53.8843 76.6614 444.305
0.332529 50.2556 78.1657 482.629
0.467418 62.2785 95.8562 536.626
0.428733 81.7658 128.478 710.378
0.29895 31.9026 54.2614 357.23
0.44887 73.8501 103.032 551.939
0.386684 251.473 307.542 1403.6
0.471866 51.2913 90.0542 505.02
0.337686 27.3948 62.4354 435.178
0.312961 18.7357 42.7764 319.513
0.473686 183.017 224.602 913.042
0.458896 62.3172 98.3296 540.855
0.275935 29.6538 64.4232 443.143
0.4455 78.2292 105.19 525.919
0.251645 26.2904 49.1576 355.594
0.285345 14.6921 35.9333 284.503
0.400088 27.9908 58.5898 373.002
0.312616 32.869 60.7296 392.434
0.359631 27.6777 59.4424 404.013
0.571565 40.7551 90.0218 501.543
0.379466 26.5556 59.8247 394.43
0.319617 21.843 56.2917 394.341
0.267988 18.9625 39.0609 297.674
0.445683 36.1626 72.4285 442.487
0.335161 27.6418 60.8278 413.832
0.425445 52.9104 94.4201 537.335
0.503995 58.1587 115.958 636.111
0.500634 98.443 178.438 927.414
0.478097 69.3153 119.221 659.324
0.306821 39.2402 74.6799 481.04
0.335812 24.3919 49.523 330.761
0.289267 33.3893 51.9932 344.269
0.258321 17.2081 35.4759 272.874
0.534916 142.413 217.236 988.148
0.430675 55.5999 85.1652 463.53
0.477968 47.8933 94.7236 533.489
0.377765 36.4591 70.2864 449.987
0.365924 26.1984 60.5165 407.151
0.263613 26.905 51.0225 373.012
0.344642 47.6847 85.8377 524.763
0.538199 74.9289 125.031 664.33
0.451092 36.3098 67.8198 404.796
0.365416 27.954 56.1956 377.445
0.443256 56.5805 80.8251 466.824
0.48154 82.5451 111.258 571.392
0.409874 22.8716 52.6957 355.287
0.373858 88.0048 121.128 647.052
0.595996 232.763 269.285 1081.49
0.398239 24.6934 56.4853 390.358
0.552986 66.1257 130.822 719.303
0.522683 124.969 177.938 836.754
0.246592 26.8189 43.288 306.157
0.442762 74.1744 109.455 590.227
0.373794 159.54 203.039 947.97
0.327952 34.5274 63.7583 392.963
0.457012 50.4492 81.2412 474.608
0.338974 61.4579 95.1996 526.272
0.355251 18.5836 45.919 330.783
0.524806 102.552 164.445 819.458
0.332081 20.363 45.7752 324.101
0.433257 44.062 91.8171 569.326
0.34134 66.3168 92.6711 530.423
0.424188 48.4706 72.741 410.437
0.552159 76.4024 124.381 668.175
0.391063 36.4872 65.0118 401.104
0.426862 49.4611 86.7301 536.815
0.32584 29.6379 52.1358 354.125
0.356563 221.65 263.461 1124.94
0.33602 54.7312 83.9534 505.656
0.488954 39.9284 78.8469 473.902
0.387277 31.3975 58.5961 378.603
0.380626 31.6591 52.891 343.545
0.35374 101.354 136.495 667.126
0.376233 49.5891 75.6208 468.398
0.236033 18.2941 35.4291 272.122
0.439036 53.4875 105.204 615.095
0.395375 31.2498 58.4432 369.222
0.482362 46.109 93.7668 528.269
0.264563 36.6002 54.8774 367.261
0.296535 19.6821 38.9401 284.11
0.359214 77.4968 105.214 552.323
0.36345 38.8548 64.5462 412.149
0.359166 31.6457 62.5916 427.055
0.435192 47.8708 81.0182 480.341
0.47529 34.512 73.234 431.714
0.339832 110.023 157.54 816.154
0.433291 28.6105 62.1314 403.452
0.293059 33.3896 57.5332 392.04
0.310523 26.1506 50.8614 354.927
0.321381 31.2525 53.7381 361.393
0.472175 55.6403 96.5439 539.131
0.349555 183.399 239.12 1122.83
0.601237 81.7471 143.485 698.634
0.390823 39.6799 79.7466 492.92
0.309577 58.3982 93.185 586.426
0.478822 77.3978 130.377 698.538
0.472017 79.5919 129.658 704.133
0.54268 54.9701 108.162 582.802
0.359307 34.3058 61.2577 384.583
0.429902 61.8378 89.0215 504.783
0.497982 57.4449 97.164 517.728
0.367183 40.6917 71.1756 431.214
0.318369 18.2511 42.8042 311.269
0.536091 55.4711 103.926 567.673
0.364626 334.161 400.335 1676.09
0.376183 70.6571 108.643 571.776
0.32352 31.4248 67.1014 457.001
0.386557 45.9695 82.972 500.433
0.274093 17.5371 36.5047 283.725
0.518215 95.1783 134.464 703.448
0.255881 12.4785 32.2407 264.144
0.337714 40.2535 74.6678 470.052
0.445832 325.797 381.04 1482.23
0.596386 108.72 153.936 749.376
0.387215 281.693 432.423 2019.39
0.385069 46.5937 75.3029 450.64
0.299294 109.728 146.652 747.308
0.402571 22.1954 49.8429 339.308
0.386756 34.717 64.4065 399.936
0.367453 43.4863 68.6217 426.785
0.273598 23.8079 49.5659 354.835
0.440379 47.3544 88.3592 498.87
0.442098 50.2211 74.9328 431.492
0.392695 34.2536 66.1456 430.754
0.457906 48.5955 87.4019 477.277
0.471576 74.8217 108.575 599.436
0.353682 35.2354 54.7217 349.224
0.405547 25.9587 53.8646 352.006
0.426581 70.7419 92.4118 484.766
0.261991 34.2298 65.2156 459.905
0.266555 49.014 67.3192 400.774
0.437162 177.078 253.618 1155.32
0.35421 47.1943 73.1084 445.501
0.375102 27.9345 50.0939 341.688
0.464652 113.804 153.557 749.092
0.408747 42.3961 71.3362 440.276
0.459187 38.9062 80.2187 498.848
0.400634 37.2693 70.7602 426.608
0.342806 111.438 138.009 658.465
0.327277 19.5203 45.913 332.499
0.458878 50.9984 94.1573 536.118
0.407397 66.2019 107.656 627.239
0.499893 31.1473 67.5544 410.035
0.314986 739.764 930.928 3435.25
0.423431 47.3782 87.5424 544.743
0.456974 44.4507 87.7767 536.265
0.381187 42.7256 71.8714 446.294
0.484758 44.2047 89.2037 502.231
0.414341 88.4809 120.473 632.526
0.284048 41.2632 74.7189 480.904
0.413569 65.3147 121.821 692.956
0.468775 101.035 152.027 755.668
0.282271 20.9638 42.2468 310.885
0.288824 32.5249 59.9148 407.245
0.440094 41.3785 81.9137 515.352
0.372699 106.274 155.578 865.591
0.471203 61.0827 94.7224 513.859
0.565945 61.0068 109.716 587.494
0.421128 158.828 197.77 948.462
0.446069 37.8859 73.2286 437.936
0.502594 52.2673 101.06 555.901
0.448866 37.3157 71.5473 443.235
0.409806 68.6273 107.792 568.081
0.321368 19.9934 39.3269 287.59
0.442392 109.641 150.844 781.854
0.342094 69.6061 100.77 596.434
0.398674 35.3331 75.0368 487.496
0.395429 40.4597 70.294 439.966
0.455692 248.346 304.15 1288
0.367254 32.9014 58.8301 388.916
0.482938 39.3889 75.4085 452.779
0.546256 36.3235 82.8095 478.161
0.343924 44.0868 64.2058 390.958
0.442975 69.6172 100.436 537.346
0.407843 63.87 105.077 595.036
0.353783 54.8296 87.0686 534.33
0.499931 49.0997 87.4482 510.833
0.343789 99.9697 139.837 719.961
0.377316 49.1827 76.2366 473.654
0.442327 55.3319 88.144 521.048
0.328723 80.3766 107.069 552.862
0.480419 61.7893 92.4044 505.477
0.365915 42.3133 72.0552 444.964
0.459749 29.7861 62.8223 392.214
0.538236 431.264 482.511 1636.93
0.250343 53.3929 75.2521 445.307
0.537066 112.027 157.918 778.789
0.386575 59.1085 79.8741 446.366
0.319851 22.4505 47.7762 333.917
0.344788 183.182 238.046 1132.02
0.353114 29.5982 64.6384 434.878
0.389379 28.2438 64.0585 414.477
0.376597 72.793 96.2981 509.29
0.294665 19.0422 41.3107 311.638
0.337436 106.376 143.668 716.757
0.256326 32.2384 58.7092 391.261
0.375633 21.1692 46.999 333.063
0.335606 43.505 80.4874 494.407
0.380679 39.1372 73.1485 466.796
0.413909 29.6284 56.2431 360.466
0.509627 38.1977 82.2019 465.554
0.4843 167.568 201.248 861.878
0.385259 71.0869 93.0893 504.033
0.348515 73.5316 102.788 566.918
0.277332 120.696 155.143 731.551
0.523055 77.1186 122.736 614.334
0.523614 84.622 134.039 670.234
0.51503 40.1847 86.6058 510.474
0.464013 49.8128 81.0333 451.684
0.413885 129.954 155.467 693.606
0.355507 35.6142 59.3767 398.074
0.336892 67.0437 94.1868 509.571
0.279841 28.606 49.4772 326.244
0.365642 35.5566 58.2806 377.71
0.383355 44.9297 77.0529 474.208
0.453942 105.362 141.719 709.34
0.411732 74.8561 111.717 563.425
0.503814 71.9515 102.763 552.642
0.443425 28.0029 57.9846 377.306
0.365365 70.8835 111.022 655.104
0.333609 84.6465 110.877 548.249
0.336265 21.8785 47.4731 332.709
0.372909 46.4979 78.5774 499.155
0.467679 912.224 1073.86 3580.54
0.319809 30.0406 59.7122 399.65
0.346983 17.3081 38.3296 282.409
0.596628 111.411 157.188 759.465
0.45671 41.5191 74.2459 429.797
0.375788 60.0727 98.5941 545.396
0.448858 84.2284 128.565 680.455
0.410767 38.4349 68.9153 421.656
0.422308 30.0553 61.1144 380.883
0.457898 57.003 103.085 592.599
0.444916 34.6304 71.041 447.224
0.406749 60.8225 92.4372 547.024
0.357045 72.8822 97.0145 529.966
0.433417 45.1011 71.4561 434.697
0.392414 168.176 213.137 1037.32
0.392544 44.2083 78.2019 457.727
0.341777 36.6442 74.3552 474.483
0.318742 31.1854 58.2158 385.858
0.348404 29.2728 59.1107 397.385
0.408628 32.0807 65.5196 416.945
0.530505 98.6148 141.379 700.028
0.458567 125.662 155.366 738.013
0.309216 30.3537 53.6438 355.969
0.394769 28.9707 67.7229 436.113
0.391075 39.9669 76.0835 486.931
0.328139 54.2573 76.282 444.25
0.400657 33.6602 64.5209 396.658
0.368393 55.9799 85.1379 513.585
0.447324 124.081 154.689 740.553
0.450176 146.786 182.615 884.533
0.324156 280.242 327.601 1312.19
0.412763 33.9071 66.7374 418.093
0.364742 61.8444 87.1718 490.441
0.383273 31.6774 68.3521 424.948
0.377882 144.145 199.794 958.435
0.360094 81.9411 103.164 542.164
0.376078 52.8871 92.6061 570.06
0.458924 140.919 196.065 952.438
0.278056 18.6076 41.0786 304.672
0.284664 22.8549 47.3332 338.396
0.26993 16.2661 37.438 286.837
0.35354 73.49 103.942 576.644
0.429168 64.959 108.741 617.579
0.580957 48.1012 91.6562 490.45
0.300446 27.8202 44.8864 314.11
0.578365 62.5478 99.7166 539.266
0.476654 66.3147 117.201 638.215
0.349232 33.3737 68.7716 456.554
0.338732 78.3926 114.73 661.347
0.39082 50.1675 77.3557 463.738
0.361074 36.5785 66.9668 444.097
0.392737 69.4872 115.996 696.069
0.411172 73.3397 124.602 663.317
0.492279 77.3869 136.069 703.215
0.543805 85.6619 134.57 680.363
0.374983 86.0999 111.203 597.828
0.429549 57.6301 107.598 641.452
0.565376 54.049 116.865 638.477
0.350469 28.0922 59.5674 396.661
0.500965 254.884 319.186 1332.97
0.504361 140.888 173.057 780.692
0.38721 45.0054 82.9344 501.627
0.419576 43.4301 78.2502 454.49
0.410481 34.1896 58.9772 374.475
0.397963 44.8444 84.1516 504.999
0.518633 303.8 353.257 1396.03
0.401952 57.0936 92.4914 516.804
0.414918 40.0628 68.7196 413.224
0.359073 39.8669 80.3412 507.438
0.303031 35.4973 55.059 362.196
0.432227 36.821 70.154 432.019
0.344057 77.0007 127.83 760.876
0.393179 56.449 103.519 609.617
0.398822 81.0917 131.275 710.817
0.387589 46.0215 79.5076 484.52
0.412686 44.3791 74.2848 443.065
0.350745 48.5505 85.5461 559.718
0.377707 26.7567 55.7549 373.49
0.397598 51.5679 90.2029 539.915
0.398895 71.9166 117.822 677.242
0.389476 42.0515 63.8386 395.969
0.360298 55.6645 86.2647 485.369
0.48613 41.6408 74.2197 431.46
0.542264 85.4441 155.765 782.78
0.462457 76.433 101.447 533.492
0.49831 73.4279 113.901 589.56
0.430179 63.8856 112.728 619.982
0.441119 114.257 139.352 654.73
0.409032 53.857 79.4214 458.102
0.378046 56.4584 106.193 612.224
0.431843 83.9676 121.808 603.528
0.30353 52.3504 81.669 526.114
0.392829 26.2526 58.3828 373.407
0.418235 27.0561 59.9784 391.435
0.344634 25.2667 50.524 349.246
0.345616 26.1487 53.5045 361.05
0.427144 39.2202 73.1266 446.271
0.275184 38.1989 60.4711 400.309
0.304754 132.392 162.858 739.655
0.381368 296.046 341.46 1299.24
0.347209 52.2085 74.7365 445.23
0.412117 65.6899 91.8172 506.407
0.345075 297.456 365.089 1425.43
0.468353 106.568 154.67 825.607
0.60816 103.415 183.163 864.773
0.358154 328.979 412.873 1664.95
0.345334 84.0089 116.545 632.331
0.410773 71.948 115.227 644.413
0.472855 38.3962 76.661 447.364
0.397548 51.6242 80.0213 469.949
0.401207 58.7904 91.3917 516.076
0.356026 29.9241 58.769 384.691
0.478287 254.109 336.649 1536.45
0.375965 42.3708 84.0035 496.61
0.267509 14.2185 33.6399 266.081
0.31006 29.9308 57.878 395.342
0.395138 31.2222 58.435 377.618
0.438168 65.0734 104.864 591.392
0.373722 69.1108 99.9361 564.285
0.427852 57.5794 89.2059 504.552
0.517389 85.275 120.183 606.956
0.32041 63.5995 96.1048 557.845
0.431631 64.2193 91.5508 506.975
0.339179 78.9591 103.491 544.159
0.362289 54.0034 78.2573 435.107
0.309515 40.1624 61.358 398.258
0.506273 128.689 163.045 771.488
0.402482 52.2601 78.303 466.653
0.471337 103.901 137.228 659.094
0.439439 35.1297 66.2127 401.818
0.450818 38.1832 78.4275 484.455
0.341414 26.5715 52.3891 366.69
0.244274 34.0111 61.4919 436.204
0.33518 112.914 139.785 665.239
0.399225 43.1129 78.5454 481.763
0.285998 23.7936 48.9648 346.336
0.416921 79.573 104.876 545.152
0.445573 44.9845 83.8098 498.256
0.334715 30.8699 52.5935 351.138
0.446775 156.226 187.848 854.755
0.400743 73.4562 99.825 524.304
0.400929 43.7819 64.1327 388.21
0.369458 84.4557 106.685 534.122
0.458813 47.0315 85.7875 504.473
0.473797 39.818 79.1694 453.681
0.349116 43.5644 64.6636 407.196
0.504148 92.3665 136.795 648.734
0.326459 43.9906 68.1793 414.456
0.486163 42.436 87.2287 526.606
0.38948 44.6471 77.5429 485.369
0.344205 69.9385 96.4723 544.35
0.505089 73.4334 103.003 549.254
0.370148 61.4236 109.955 632.991
0.468621 49.8826 83.418 489.086
0.328781 59.2156 107.771 641.317
0.397024 30.4275 58.7213 388.189
0.383382 59.336 107.518 635.664
0.499321 104.115 136.832 662.659
0.412293 37.4004 74.1664 485.364
0.447712 29.2128 64.3295 404.085
0.454979 81.2527 120.256 651.092
0.342966 54.3631 73.0097 414.661
0.472185 71.2591 103.38 557.065
0.36205 82.6536 111.126 618.788
0.426461 54.4661 85.4143 482.958
0.324891 43.6646 74.0889 461.622
0.375445 43.2812 67.3617 431.646
0.363843 76.8653 100.908 531.32
0.343778 32.7744 62.2986 402.623
0.384877 108.845 158.901 842.304
0.493371 47.7683 85.902 498.947
0.529842 35.1679 76.4127 439.88
0.28596 19.9183 50.589 384.138
0.448169 60.3152 105.685 584.23
0.644427 375.739 442.544 1696.92
0.525345 59.823 103.571 548.997
0.323367 166.821 223.729 1077.67
0.366514 55.1139 86.8246 505.339
0.460252 113.467 152.538 768.6
0.33997 20.1519 46.8322 329.786
0.388184 67.0246 110.464 630.731
0.399997 34.6064 61.8274 378.405
0.43652 57.0257 84.5867 476.625
0.326642 47.6376 73.2662 454.9
0.263499 22.1642 44.7334 336.879
0.417635 86.5888 121.171 661.058
0.386576 21.5748 49.1433 336.664
0.330677 31.7474 62.2965 422.492
0.538261 41.1046 77.2751 435.539
0.484963 45.3194 79.8566 446.692
0.469663 44.6559 101.142 614.273
0.648109 63.0672 129.595 648.036
0.519747 33.559 72.775 431.262
0.536198 95.97 146.803 749.355
0.348953 19.6304 45.8108 324.949
0.465797 42.5864 81.7249 469.891
0.335971 54.6241 81.576 496.036
0.30227 27.4139 53.179 360.519
0.337899 128.711 167.291 784.486
0.318989 22.0867 45.187 317.213
0.321864 29.951 62.304 427.298
0.4235 123.842 152.306 715.236
0.368557 45.9239 78.3853 476.61
0.355928 62.892 91.1425 532.766
0.398399 37.0791 74.0832 454.866
0.561167 78.786 126.348 613.953
0.439865 36.8849 81.0116 513.703
0.360185 40.3431 67.094 410.565
0.447425 168.328 201.532 901.942
0.380805 41.3306 62.8397 394.799
0.282791 38.4287 60.144 399.33
0.387031 43.2723 78.0855 444.77
0.472942 31.4939 65.5995 408.229
0.510386 54.5141 112.864 649.009
0.464292 211.208 276.167 1267.39
0.417656 36.2841 72.0308 457.822
0.417387 38.2336 69.5594 418.307
0.282486 46.7816 79.8492 517.475
0.323417 24.1731 50.3346 348.209
0.279486 18.9554 40.6599 306.976
0.348409 32.6725 62.7217 408.502
0.321914 15.2674 37.1336 282.035
0.361553 19.9767 44.626 315.364
0.360953 43.4323 85.116 542.495
0.252491 22.0955 41.4686 312.014
0.345467 42.986 67.8778 439.227
0.29274 29.3908 54.9577 390.392
0.413599 34.5063 66.9997 439.972
0.493263 108.304 166.971 777.677
0.471222 242.965 282.315 1138.39
0.359283 90.5629 137.053 678.004
0.294834 35.5356 68.932 465.515
0.407 50.7582 81.8251 478.283
0.368771 61.7424 82.4853 466.525
0.283355 59.376 98.8322 550.625
0.204 18.5382 39.1857 290.758
0.354115 239.48 290.139 1182.59
0.38821 78.3056 119.637 682.994
0.362617 61.04 88.8762 536.497
0.469314 110.722 146.179 735.442
0.417359 41.3179 80.4928 478.434
0.407155 97.4302 127.109 648.004
0.320111 40.9901 61.804 397.101
0.396958 57.4492 85.2884 503.127
0.467833 108.938 135.798 645.418
0.425068 22.0851 52.5837 348.824
0.464676 266.015 305.276 1208.36
0.376455 40.5586 76.8785 480.833
0.402494 23.4857 54.1833 354.143
0.403019 32.8725 64.3133 404.267
0.373975 76.4747 98.6448 519.56
0.353058 34.8278 69.4688 432.813
0.303106 26.24 50.4873 356.322
0.348105 80.1337 120.921 641.899
0.320431 50.7093 76.1391 464.707
0.39256 97.0231 163.923 861.877
0.329219 33.2073 63.0936 417.108
0.2702 18.6308 40.2353 301.241
0.260385 24.2273 53.2026 385.39
0.43054 150.926 198.037 943.901
0.42784 42.1589 76.6719 448.929
0.402771 44.689 78.6065 497.292
0.422833 129.845 213.114 1090.7
0.300921 31.1514 80.7768 575.237
0.341166 68.3397 102.088 578.844
0.39047 17.1557 44.8981 315.815
0.417535 48.5561 78.5207 457.219
0.424567 44.6405 77.3784 451.04
0.405383 31.3623 56.8006 361.394
0.36968 65.0855 104.887 607.356
0.433386 33.5665 63.1451 395.649
0.384013 39.3143 78.0898 452.873
0.504264 51.2298 94.247 532.275
0.364943 201.521 246.006 1043.94
0.372928 74.994 129.515 703.616
0.426271 33.9359 75.899 474.756
0.377634 31.9929 57.333 379.987
0.294998 26.4273 49.5004 361.115
0.451739 37.741 69.4014 411.885
0.356557 33.6569 61.0522 376.565
0.378281 51.4933 84.0165 518.919
0.304737 36.8724 55.5098 362.852
0.507796 198.951 258.608 1091.16
0.420929 27.8839 57.1243 369.794
0.348858 252.823 316.505 1259.34
0.407588 43.9052 83.021 504.768
0.35427 140.68 205.429 1097.9
0.397429 33.9843 70.0869 442.288
0.340973 47.0515 77.5252 446.035
0.465843 61.0878 101.545 566.638
0.388513 42.6429 75.7 459.238
0.325431 30.7214 57.6735 388.096
0.285987 30.2865 52.8583 342.829
0.366152 52.2535 91.5538 572.36
0.514163 90.1455 129.13 680.771
0.336739 37.287 62.144 397.8
0.284315 53.4641 74.5561 439.16
0.343084 54.6609 82.5606 503.361
0.331078 47.5184 81.3369 482.323
0.425275 36.9748 67.8001 410.144
0.435781 102.58 154.874 883.722
0.629781 441.017 486.457 1644.53
0.252458 74.7606 132.571 821.232
0.413845 104.575 133.163 648.578
0.326116 42.1899 62.255 382.657
0.420047 93.5488 128.203 666.307
0.325806 46.83 96.0761 619.495
0.553689 83.2731 118.476 609.034
0.510537 59.6036 112.248 618.325
0.229257 15.935 36.3099 290.329
0.355938 26.6737 54.5512 373.03
0.490674 147.861 178.808 807.157
0.315074 73.4206 115.595 677.662
0.491848 49.891 84.8499 491.297
0.376116 23.4337 51.5705 344.624
0.43808 54.3542 87.8323 486.897
0.396434 23.2067 50.1214 328.74
0.267832 84.0195 114.883 642.518
0.425841 35.8946 70.4267 435.462
0.509545 49.6004 104.898 599.188
0.468626 80.4254 119.338 647.904
0.420836 50.0333 84.051 493.393
0.449716 38.9064 71.1723 410.442
0.463945 39.4166 73.9992 432.346
0.429896 68.2698 106.236 569.374
0.560119 53.5108 98.3298 509.887
0.371234 36.2894 59.4839 383.757
0.396183 60.0658 89.3064 498.288
0.463037 34.9287 75.767 477.589
0.581895 579.75 634.64 2002.17
0.429602 106.49 140.82 712.277
0.367648 121.364 215.18 1134.25
0.373974 66.7265 90.9256 500.003
0.325013 22.3443 49.7457 353.23
0.320516 26.2161 47.1996 337.983
0.371066 22.6004 49.378 343.185
0.353412 24.2342 50.862 349.194
0.316823 31.9213 66.4244 447.29
0.46413 53.0764 97.045 556.32
0.318455 24.2306 49.0853 334.898
