0.162126 1.3617 2.10767 102.402
0.773546 7.39718 7.70392 238.309
0.189322 1.43597 2.14812 103.309
0.264232 1.66815 2.29796 106.69
0.0360036 1.07028 2.00519 100.115
0.618248 3.99744 4.38803 156.19
0.119668 1.25465 2.05802 101.292
0.432565 2.41051 2.90289 120.634
0.302287 1.80484 2.39831 108.973
0.00223086 1.00422 2.00002 100
0.777111 7.53257 7.8369 241.633
0.107364 1.22546 2.04659 101.037
0.585053 3.60743 4.01423 147.116
0.628122 4.12722 4.51301 159.238
0.175371 1.39728 2.12649 102.824
0.505924 2.89278 3.34083 130.962
0.0775473 1.15783 2.02418 100.538
0.516482 2.97439 3.41662 132.765
0.209249 1.49353 2.18228 104.077
0.700405 5.34551 5.69524 188.314
0.565659 3.40772 3.82421 142.529
0.0492108 1.09733 2.00971 100.216
0.00892305 1.01697 2.00032 100.007
0.684415 5.02661 5.38462 180.639
0.792509 8.17236 8.46582 257.368
0.348118 1.99039 2.54447 112.32
0.262166 1.66113 2.29301 106.578
0.604216 3.82441 4.22182 152.147
0.15631 1.34642 2.09991 102.228
0.303231 1.80842 2.40103 109.035
0.43468 2.42265 2.91363 120.885
0.823444 9.80396 10.0729 297.649
0.83026 10.2453 10.5084 308.573
0.651246 4.46063 4.83517 167.12
0.44297 2.47112 2.95674 121.895
0.238208 1.58243 2.23914 105.359
0.225014 1.54112 2.21215 104.75
0.538206 3.15423 3.58484 136.782
0.697594 5.28694 5.63815 186.902
0.227682 1.54936 2.21745 104.87
0.224998 1.54107 2.21211 104.749
0.121945 1.26014 2.06028 101.343
0.566937 3.42032 3.83616 142.817
0.0720082 1.14573 2.02084 100.463
0.857028 12.395 12.6323 361.891
0.0472111 1.09319 2.00893 100.199
0.250249 1.62137 2.26541 105.953
0.0305919 1.0594 2.00375 100.083
0.305371 1.81656 2.40724 109.176
0.0946429 1.19609 2.03612 100.804
0.319399 1.87122 2.44944 110.141
0.504982 2.88568 3.33425 130.805
0.232631 1.5648 2.2275 105.096
0.367835 2.07844 2.61692 113.989
0.539582 3.16621 3.59609 137.051
0.70372 5.41605 5.76403 190.017
0.226525 1.54578 2.21514 104.818
0.10186 1.21265 2.04189 100.932
0.687713 5.08963 5.44596 182.153
0.121911 1.26005 2.06025 101.342
0.106279 1.22292 2.04564 101.016
0.310974 1.83813 2.42378 109.554
0.1772 1.40228 2.12922 102.885
0.283572 1.73583 2.34673 107.798
0.058195 1.11613 2.01359 100.302
0.639652 4.28798 4.66818 163.03
0.870796 13.8544 14.0769 398.165
0.284357 1.73865 2.34881 107.845
0.653378 4.49367 4.86716 167.905
0.582915 3.58448 3.99235 146.587
0.604014 3.82201 4.21952 152.091
0.207376 1.488 2.1789 104.001
0.108669 1.22852 2.04774 101.063
0.504229 2.88001 3.32901 130.681
0.48743 2.75804 3.2166 128.015
0.678414 4.91533 5.27638 177.969
0.769503 7.2488 7.55823 234.669
0.55382 3.29451 3.71701 139.951
0.453583 2.53533 3.01424 123.244
0.491377 2.78597 3.24225 128.623
0.215815 1.51312 2.19441 104.35
0.311862 1.84158 2.42644 109.615
0.0974297 1.20245 2.03829 100.852
0.151625 1.33426 2.09389 102.093
0.575736 3.50916 3.92059 144.853
0.340813 1.9591 2.51915 111.738
0.523305 3.02908 3.46761 133.98
0.107382 1.22551 2.0466 101.037
0.381133 2.14098 2.66938 115.201
0.38428 2.15618 2.68223 115.499
0.321537 1.87974 2.45611 110.293
0.249146 1.61775 2.26294 105.897
0.0326671 1.06356 2.00427 100.095
0.884352 15.6366 15.8433 442.515
0.636094 4.23726 4.61918 161.832
0.382958 2.14978 2.67681 115.374
0.288996 1.75546 2.36123 108.128
0.0542349 1.1078 2.0118 100.262
0.745293 6.46122 6.78585 215.4
0.543877 3.20405 3.63169 137.904
0.259079 1.65071 2.2857 106.413
0.706437 5.47508 5.82162 191.443
0.266602 1.67626 2.3037 106.821
0.641353 4.3126 4.69196 163.612
0.378827 2.12995 2.66007 114.986
0.399071 2.22973 2.74504 116.955
0.380164 2.13634 2.66545 115.111
0.260851 1.65668 2.28988 106.507
0.708272 5.51558 5.86114 192.422
0.279339 1.72071 2.33568 107.547
0.936303 29.603 29.7348 790.919
0.09956 1.20735 2.04 100.89
0.786595 7.91545 8.21318 251.045
0.662001 4.63167 5.00092 171.189
0.678461 4.91618 5.27721 177.99
0.660628 4.60921 4.97914 170.654
0.619022 4.00736 4.39757 156.423
0.399759 2.23325 2.74806 117.026
0.706792 5.48286 5.82921 191.631
0.676062 4.87286 5.2351 176.952
0.679582 4.93665 5.29712 178.481
0.092147 1.19042 2.03422 100.761
0.375475 2.11405 2.64669 114.677
0.772096 7.34332 7.65103 236.987
0.0963425 1.19997 2.03744 100.833
0.697758 5.29031 5.64143 186.983
0.926843 25.5698 25.7171 690.223
0.47776 2.69144 3.15565 126.575
0.558055 3.3343 3.75464 140.855
0.00522648 1.0099 2.00011 100.002
0.0918624 1.18977 2.03401 100.757
0.172646 1.38987 2.12249 102.734
0.546022 3.22323 3.64975 138.337
0.275945 1.70871 2.32696 107.349
0.433963 2.41852 2.90998 120.8
0.00799943 1.0152 2.00026 100.006
0.314304 1.85111 2.43381 109.783
0.451956 2.52532 3.00525 123.033
0.166886 1.37436 2.11424 102.549
0.539008 3.16121 3.59139 136.939
0.563453 3.38615 3.80375 142.037
0.53882 3.15957 3.58985 136.902
0.230414 1.55786 2.22297 104.994
0.601357 3.79068 4.18949 151.362
0.55855 3.339 3.75909 140.962
0.549592 3.25555 3.68022 139.068
0.0793119 1.16172 2.0253 100.563
0.322095 1.88198 2.45786 110.333
0.0346577 1.06756 2.00481 100.107
0.245473 1.60577 2.2548 105.713
0.361084 2.04768 2.59141 113.401
0.427045 2.37926 2.87528 119.989
0.393411 2.20117 2.72054 116.387
0.305273 1.81619 2.40695 109.17
0.592917 3.69394 4.09688 149.116
0.585828 3.6158 4.02222 147.309
0.509305 2.91853 3.36471 131.529
0.0106876 1.02036 2.00046 100.01
0.573455 3.48577 3.89834 144.316
0.43943 2.45024 2.93814 121.459
0.383478 2.1523 2.67894 115.423
0.560205 3.35479 3.77404 141.322
0.403355 2.25172 2.76399 117.396
0.68532 5.04377 5.40132 181.051
0.398633 2.2275 2.74312 116.911
0.685579 5.04871 5.40612 181.169
0.0169134 1.03241 2.00114 100.025
0.751162 6.6377 6.95877 219.709
0.929893 26.7503 26.8927 719.691
0.101053 1.21079 2.04122 100.917
0.328127 1.90637 2.47707 110.773
0.539986 3.16974 3.59941 137.131
0.269133 1.68497 2.3099 106.961
0.0811365 1.16575 2.02649 100.589
0.664733 4.6769 5.0448 172.268
0.448907 2.50673 2.98857 122.641
0.819242 9.54882 9.82136 291.339
0.222876 1.53455 2.20794 104.655
0.0908852 1.18756 2.03329 100.741
0.681408 4.97031 5.32985 179.288
0.163233 1.36463 2.10918 102.436
0.453973 2.53774 3.0164 123.295
0.616143 3.97065 4.36226 155.562
0.536523 3.13969 3.57118 136.455
0.261263 1.65808 2.29086 106.53
0.0716923 1.14504 2.02065 100.459
0.294432 1.77543 2.37612 108.467
0.582584 3.58095 3.98898 146.505
0.066103 1.13298 2.01755 100.39
0.753537 6.71159 7.0312 221.515
0.0974143 1.20242 2.03828 100.852
0.661187 4.61833 4.98798 170.871
0.480095 2.70729 3.17012 126.917
0.407782 2.27478 2.78394 117.86
0.0151543 1.02899 2.00092 100.02
0.0693559 1.13998 2.01932 100.43
0.63615 4.23804 4.61994 161.85
0.116234 1.24642 2.0547 101.218
0.273273 1.69935 2.3202 107.195
0.247228 1.61148 2.25867 105.801
0.555281 3.30815 3.72991 140.261
0.860239 12.7092 12.9432 369.696
0.445985 2.48911 2.9728 122.271
0.492481 2.79386 3.2495 128.795
0.375223 2.11286 2.6457 114.654
0.613902 3.94247 4.33517 154.903
0.16425 1.36733 2.11057 102.467
0.203376 1.47627 2.1718 103.841
0.593632 3.70198 4.10456 149.303
0.487593 2.75919 3.21765 128.04
0.486157 2.74913 3.20842 127.822
0.664225 4.66845 5.03659 172.066
0.923435 24.3623 24.515 660.084
0.0738738 1.14979 2.02194 100.488
0.524392 3.03794 3.47588 134.178
0.13285 1.2868 2.07172 101.598
0.0958356 1.19881 2.03704 100.824
0.735418 6.18238 6.51284 208.603
0.558173 3.33542 3.7557 140.881
0.640954 4.30679 4.68636 163.475
0.433282 2.41461 2.90652 120.719
0.0341227 1.06649 2.00466 100.104
0.744804 6.44688 6.77181 215.05
0.297947 1.78851 2.38595 108.691
0.575504 3.50677 3.91832 144.798
0.66055 4.60795 4.97791 170.624
0.668686 4.74373 5.10966 173.863
0.00415643 1.00787 2.00007 100.002
0.143389 1.31319 2.08378 101.867
0.805914 8.81407 9.0974 273.188
0.473417 2.66233 3.12912 125.948
0.102918 1.2151 2.04277 100.952
0.0735696 1.14913 2.02175 100.484
0.450126 2.51414 2.99521 122.797
0.00235073 1.00444 2.00002 100
0.615525 3.96285 4.35476 155.38
0.163437 1.36517 2.10946 102.442
0.0579853 1.11569 2.01349 100.3
0.367896 2.07872 2.61716 113.995
0.227887 1.55 2.21787 104.879
0.096579 1.20051 2.03762 100.837
0.203209 1.47579 2.17151 103.835
0.495841 2.81808 3.27181 129.323
0.745292 6.46118 6.78581 215.399
0.351172 2.00368 2.55529 112.569
0.356675 2.02794 2.57515 113.026
0.45226 2.52718 3.00692 123.072
0.565612 3.40726 3.82377 142.519
0.00333955 1.00632 2.00004 100.001
0.457362 2.5588 3.03536 123.74
0.530725 3.09039 3.52495 135.349
0.847814 11.5681 11.8147 341.363
0.527355 3.06231 3.49866 134.721
0.398779 2.22825 2.74376 116.926
0.50339 2.87372 3.32319 130.543
0.602747 3.80702 4.20514 151.742
0.582921 3.58454 3.9924 146.588
0.504166 2.87954 3.32857 130.67
0.200591 1.46818 2.16695 103.732
0.0341218 1.06649 2.00466 100.104
0.327576 1.90412 2.47529 110.732
0.541831 3.18594 3.61464 137.495
0.57611 3.51302 3.92426 144.942
0.632249 4.18357 4.56736 160.565
0.181105 1.41302 2.13516 103.018
0.104933 1.21979 2.04448 100.99
0.276694 1.71135 2.32888 107.392
0.37248 2.09999 2.63491 114.405
0.268135 1.68153 2.30745 106.906
0.162026 1.36143 2.10753 102.399
0.341418 1.96166 2.52122 111.786
0.331022 1.91823 2.48647 110.989
0.517456 2.98211 3.4238 132.936
0.138094 1.29986 2.0776 101.729
0.0342925 1.06683 2.00471 100.105
0.764924 7.08706 7.39948 230.704
0.540096 3.1707 3.60031 137.152
0.585537 3.61265 4.01922 147.236
0.670092 4.76789 5.13312 174.441
0.713993 5.6453 5.98777 195.561
0.57317 3.48287 3.89558 144.25
0.0603323 1.12066 2.01461 100.325
0.391657 2.19242 2.71306 116.213
0.0897961 1.1851 2.03249 100.723
0.479173 2.70101 3.16439 126.781
0.711369 5.58514 5.92903 194.105
0.209765 1.49506 2.18322 104.098
0.0107539 1.02049 2.00046 100.01
0.45015 2.51428 2.99534 122.8
0.265125 1.6712 2.30011 106.739
0.367207 2.07555 2.61452 113.934
0.0735672 1.14912 2.02175 100.484
0.0440926 1.08676 2.00779 100.173
0.0618351 1.12385 2.01535 100.341
0.146258 1.32049 2.08723 101.945
0.103519 1.2165 2.04328 100.963
0.580267 3.55639 3.96557 145.939
0.163754 1.36601 2.10989 102.452
0.555334 3.30865 3.73037 140.272
0.68313 5.00242 5.36109 180.058
0.435226 2.4258 2.91643 120.951
0.255261 1.63794 2.27682 106.212
0.581442 3.56881 3.9774 146.225
0.320383 1.87514 2.4525 110.211
0.03138 1.06098 2.00394 100.088
0.140241 1.30525 2.08007 101.785
0.500122 2.84943 3.30073 130.009
0.191678 1.44263 2.15195 103.395
0.448556 2.5046 2.98667 122.597
0.491083 2.78388 3.24032 128.577
0.203444 1.47647 2.17192 103.844
0.395242 2.21035 2.7284 116.569
0.727024 5.96165 6.29691 203.235
0.253863 1.63329 2.27361 106.139
0.285269 1.74194 2.35123 107.9
0.115892 1.24561 2.05437 101.211
0.328038 1.90601 2.47678 110.767
0.195242 1.45278 2.15786 103.528
0.30268 1.80633 2.39944 108.998
0.456125 2.55108 3.02841 123.577
0.632475 4.1867 4.57038 160.639
0.212878 1.50432 2.18893 104.227
0.160991 1.3587 2.10613 102.367
0.298418 1.79027 2.38728 108.721
0.169172 1.38049 2.11748 102.622
0.355874 2.02439 2.57223 112.959
0.385488 2.16205 2.68722 115.614
0.583003 3.58542 3.99324 146.608
0.115932 1.2457 2.05441 101.212
0.126137 1.27031 2.06456 101.438
0.492195 2.79181 3.24762 128.75
0.796879 8.37203 8.66227 262.287
0.804394 8.73676 9.02127 271.28
0.117257 1.24887 2.05568 101.24
0.647973 4.41072 4.78685 165.936
0.246693 1.60974 2.25749 105.774
0.301502 1.80187 2.39605 108.921
0.114229 1.24165 2.05281 101.176
0.702652 5.39313 5.74167 189.464
0.31873 1.86856 2.44737 110.093
0.113956 1.241 2.05255 101.17
0.198748 1.46285 2.16379 103.661
0.673648 4.82994 5.1934 175.925
0.81402 9.2481 9.52496 283.906
0.0373074 1.07292 2.00557 100.124
0.498585 2.83811 3.29028 129.761
0.448506 2.5043 2.9864 122.59
0.288785 1.75469 2.36066 108.115
0.475007 2.67293 3.13878 126.176
0.547175 3.23361 3.65954 138.572
0.139763 1.30404 2.07952 101.772
0.138484 1.30083 2.07805 101.739
0.458151 2.56375 3.03982 123.845
0.504826 2.8845 3.33316 130.779
0.45046 2.51617 2.99704 122.84
0.0347052 1.06766 2.00482 100.107
0.182693 1.41742 2.13761 103.073
0.523109 3.02749 3.46613 133.945
0.829563 10.1986 10.4622 307.416
0.885087 15.7455 15.9512 445.224
0.421871 2.35051 2.85 119.399
0.455835 2.54928 3.02678 123.539
0.165163 1.36976 2.11184 102.495
0.100159 1.20873 2.04049 100.901
0.859043 12.5904 12.8257 366.746
0.498693 2.8389 3.29101 129.779
0.571025 3.46114 3.87492 143.751
0.732836 6.11297 6.44491 206.914
0.658319 4.57188 4.94294 169.765
0.420007 2.34027 2.84103 119.189
0.248472 1.61554 2.26143 105.863
0.282752 1.73289 2.34458 107.749
0.318289 1.86681 2.44601 110.062
0.13769 1.29885 2.07714 101.719
0.147695 1.32416 2.08899 101.984
0.0149315 1.02856 2.00089 100.02
0.123646 1.26425 2.062 101.381
0.609179 3.88416 4.27915 153.54
0.284426 1.7389 2.34899 107.849
0.70051 5.34771 5.69739 188.368
0.0433701 1.08528 2.00754 100.168
0.282161 1.73077 2.34302 107.714
0.0558501 1.11119 2.01251 100.278
0.571194 3.46284 3.87654 143.79
0.387059 2.16973 2.69374 115.765
0.758756 6.87915 7.19551 225.613
0.256626 1.64249 2.27998 106.283
0.0158899 1.03042 2.00101 100.022
0.366984 2.07453 2.61367 113.914
0.439115 2.4484 2.9365 121.421
0.531262 3.09491 3.52918 135.451
0.251981 1.62707 2.26932 106.042
0.14368 1.31393 2.08412 101.875
0.740654 6.32752 6.65491 212.139
0.606615 3.8531 4.24934 152.816
0.219088 1.52301 2.20062 104.49
0.201151 1.4698 2.16792 103.754
0.0144622 1.02765 2.00084 100.019
0.200142 1.46688 2.16618 103.715
0.746027 6.48283 6.80702 215.927
0.23461 1.57102 2.23159 105.189
0.237805 1.58114 2.23828 105.34
0.0653745 1.13141 2.01716 100.382
0.734851 6.16703 6.49781 208.23
0.375405 2.11372 2.64642 114.67
0.210457 1.49711 2.18448 104.127
0.333306 1.92765 2.49397 111.16
0.733634 6.13428 6.46577 207.433
0.100615 1.20978 2.04086 100.909
0.718395 5.74881 6.08887 198.069
0.500811 2.85452 3.30543 130.121
0.353186 2.01251 2.5625 112.735
0.388517 2.17689 2.69982 115.906
0.0340353 1.06631 2.00464 100.103
0.274595 1.70397 2.32354 107.271
0.584238 3.59866 4.00587 146.913
0.341804 1.96331 2.52254 111.816
0.146393 1.32083 2.08739 101.948
0.513152 2.94827 3.39232 132.186
0.792064 8.15247 8.44626 256.878
0.630692 4.16216 4.5467 160.06
0.0508713 1.10078 2.01038 100.231
0.571624 3.46718 3.88067 143.89
0.531411 3.09616 3.53035 135.479
0.431816 2.40623 2.8991 120.546
0.414084 2.3082 2.81299 118.536
0.252299 1.62812 2.27004 106.058
0.767809 7.18818 7.49872 233.183
0.314808 1.85309 2.43534 109.818
0.193115 1.44671 2.15432 103.448
0.499635 2.84583 3.29741 129.931
0.789317 8.03182 8.3276 253.908
0.708336 5.517 5.86252 192.456
0.607026 3.85805 4.25409 152.931
0.529854 3.0831 3.51812 135.186
0.436574 2.43359 2.92335 121.113
0.408663 2.27941 2.78795 117.953
0.801855 8.61037 8.89684 268.163
0.592655 3.691 4.09407 149.048
0.216828 1.51618 2.19632 104.393
0.39751 2.2218 2.73822 116.797
0.66485 4.67886 5.0467 172.315
0.798679 8.45683 8.74571 264.377
0.28843 1.7534 2.3597 108.093
0.653326 4.49286 4.86638 167.886
0.653837 4.50084 4.8741 168.075
0.157465 1.34944 2.10142 102.262
0.52683 3.05796 3.4946 134.624
0.389631 2.18238 2.7045 116.015
0.151859 1.33486 2.09418 102.1
0.516145 2.97174 3.41415 132.706
0.216416 1.51493 2.19554 104.376
0.103069 1.21545 2.0429 100.955
0.724194 5.89033 6.22717 201.503
0.227295 1.54816 2.21668 104.852
0.606852 3.85595 4.25207 152.882
0.729874 6.03501 6.36865 205.018
0.0854377 1.17532 2.02939 100.654
0.947898 36.5559 36.6675 964.582
0.684958 5.03689 5.39463 180.886
0.693454 5.20267 5.55603 184.872
0.736287 6.20607 6.53602 209.18
0.0846253 1.17351 2.02883 100.641
0.0713488 1.1443 2.02046 100.455
0.714996 5.6686 6.01052 196.125
0.468392 2.62924 3.09906 125.24
0.373456 2.10456 2.63873 114.493
0.296611 1.78352 2.38219 108.605
0.298709 1.79136 2.3881 108.74
0.492082 2.791 3.24687 128.732
0.324805 1.89288 2.46643 110.529
0.203774 1.47743 2.1725 103.857
0.442895 2.47067 2.95634 121.885
0.611691 3.91499 4.30876 154.26
0.287155 1.74876 2.35627 108.015
0.356364 2.02656 2.57402 113
0.262362 1.6618 2.29348 106.589
0.165375 1.37033 2.11213 102.502
0.511859 2.93822 3.38298 131.964
0.0892789 1.18394 2.03211 100.714
0.100113 1.20862 2.04045 100.9
0.565746 3.40858 3.82502 142.549
0.200407 1.46764 2.16664 103.725
0.106416 1.22325 2.04576 101.019
0.234346 1.57019 2.23104 105.176
0.426718 2.37742 2.87367 119.951
0.862942 12.9853 13.2164 376.558
0.107218 1.22512 2.04646 101.034
0.0530291 1.10528 2.01128 100.251
0.158009 1.35086 2.10214 102.278
0.176565 1.40054 2.12827 102.864
0.472042 2.65321 3.12083 125.753
0.260304 1.65483 2.28859 106.478
0.662754 4.64406 5.01294 171.485
0.0169604 1.0325 2.00115 100.026
0.219874 1.5254 2.20213 104.524
0.50989 2.92302 3.36887 131.628
0.557195 3.32615 3.74693 140.67
0.818386 9.49833 9.77159 290.09
0.173609 1.39248 2.12389 102.766
0.475284 2.67478 3.14047 126.216
0.942418 32.9191 33.0404 873.737
0.39571 2.21271 2.73042 116.616
0.976291 82.4361 82.4913 2111.2
0.417224 2.32512 2.82777 118.88
0.0986634 1.20529 2.03928 100.874
0.700586 5.3493 5.69894 188.406
0.598831 3.7613 4.16133 150.679
0.402623 2.24794 2.76073 117.32
0.241151 1.59183 2.24541 105.501
0.0754132 1.15315 2.02286 100.509
0.488495 2.76554 3.22348 128.178
0.923567 24.407 24.5595 661.199
0.728983 6.01191 6.34606 204.456
0.175186 1.39677 2.12622 102.818
0.132376 1.28563 2.07121 101.586
0.695669 5.24746 5.59968 185.951
0.354857 2.01988 2.56854 112.874
0.769041 7.23216 7.54189 234.261
0.0742153 1.15054 2.02214 100.492
0.0484873 1.09583 2.00942 100.209
0.87136 13.921 14.1428 399.82
0.369724 2.08717 2.62419 114.157
0.379523 2.13327 2.66287 115.051
0.00147295 1.00278 2.00001 100
0.421242 2.34705 2.84697 119.328
0.651695 4.46755 4.84187 167.285
0.0867776 1.17832 2.03032 100.675
0.304114 1.81177 2.40358 109.093
0.440905 2.4589 2.94586 121.64
0.323595 1.888 2.46259 110.442
0.200995 1.46935 2.16765 103.748
0.307867 1.82613 2.41455 109.343
0.839179 10.8806 11.1355 324.313
0.448959 2.50704 2.98886 122.648
0.111443 1.23505 2.05023 101.118
0.191884 1.44321 2.15229 103.403
0.431131 2.40233 2.89565 120.465
0.26164 1.65935 2.29176 106.55
0.110616 1.2331 2.04948 101.102
0.614845 3.95429 4.34653 155.179
0.0704566 1.14236 2.01994 100.444
0.354821 2.01972 2.56841 112.871
0.806769 8.85809 9.14075 274.274
0.356348 2.02649 2.57396 112.999
0.2601 1.65415 2.28811 106.467
0.351613 2.00561 2.55686 112.605
0.0503838 1.09976 2.01018 100.226
0.234726 1.57139 2.23183 105.194
0.401307 2.24118 2.75489 117.184
0.29257 1.76856 2.37098 108.35
0.354907 2.02011 2.56872 112.878
0.360592 2.04547 2.58958 113.359
0.404141 2.25579 2.7675 117.477
0.494867 2.81102 3.2653 129.169
0.315654 1.85641 2.43791 109.877
0.699804 5.33289 5.68294 188.01
0.806514 8.84491 9.12777 273.949
0.448311 2.50312 2.98534 122.566
0.451293 2.52126 3.0016 122.947
0.0115616 1.02204 2.00053 100.012
0.178451 1.40571 2.13111 102.927
0.761299 6.96356 7.2783 227.679
0.941472 32.3608 32.4837 859.792
0.514685 2.96025 3.40346 132.451
0.0963746 1.20004 2.03746 100.834
0.17812 1.4048 2.13061 102.916
0.0690189 1.13925 2.01914 100.426
0.665674 4.69267 5.0601 172.644
0.399124 2.23001 2.74527 116.961
0.415561 2.31614 2.81992 118.697
0.0254577 1.04919 2.00259 100.058
0.725207 5.91568 6.25196 202.118
0.163236 1.36464 2.10918 102.436
0.0954506 1.19793 2.03674 100.818
0.445558 2.48654 2.97051 122.218
0.134327 1.29046 2.07335 101.634
0.142709 1.31147 2.08297 101.849
0.569504 3.44586 3.8604 143.402
0.698336 5.30229 5.65311 187.272
0.533952 3.11767 3.55052 135.961
0.135923 1.29443 2.07514 101.674
0.948864 37.2784 37.3882 982.63
0.828333 10.117 10.3817 305.395
0.24516 1.60476 2.25411 105.698
0.575898 3.51083 3.92218 144.892
0.809969 9.02648 9.30661 278.432
0.399535 2.2321 2.74708 117.003
0.102523 1.21419 2.04244 100.945
0.799059 8.47497 8.76356 264.824
0.368214 2.08019 2.61837 114.023
0.056723 1.11303 2.01291 100.287
0.30046 1.79794 2.39307 108.853
0.510616 2.92861 3.37406 131.752
0.0585051 1.11679 2.01373 100.305
0.0256456 1.04956 2.00263 100.059
0.867241 13.4481 13.6746 388.062
0.588528 3.64524 4.05033 147.989
0.0909265 1.18765 2.03332 100.741
0.347536 1.98787 2.54242 112.273
0.186759 1.42876 2.144 103.217
0.618341 3.99863 4.38917 156.218
0.559387 3.34698 3.76664 141.144
0.794721 8.27233 8.56416 259.83
0.242415 1.59589 2.24814 105.563
0.0404622 1.07933 2.00656 100.146
0.192547 1.4451 2.15338 103.427
0.370332 2.08998 2.62654 114.211
0.202825 1.47467 2.17084 103.82
0.524875 3.04189 3.47957 134.266
0.123141 1.26303 2.06149 101.369
0.562573 3.37761 3.79566 141.842
0.712201 5.60411 5.94755 194.564
0.184546 1.42257 2.1405 103.138
0.277581 1.71448 2.33115 107.444
0.692549 5.18457 5.5384 184.436
0.0904842 1.18666 2.03299 100.734
0.481188 2.71476 3.17695 127.078
0.402901 2.24938 2.76196 117.349
0.210825 1.49821 2.18515 104.142
0.0493864 1.09769 2.00978 100.217
0.564883 3.40011 3.81698 142.355
0.660504 4.6072 4.97718 170.606
0.0940127 1.19465 2.03563 100.793
0.0812376 1.16598 2.02655 100.591
0.158837 1.35303 2.10324 102.303
0.40275 2.2486 2.76129 117.333
0.426412 2.37571 2.87216 119.916
0.160958 1.35862 2.10608 102.366
0.597298 3.74364 4.14443 150.269
0.106447 1.22332 2.04579 101.019
0.747163 6.51654 6.84004 216.75
0.00240295 1.00454 2.00002 100.001
0.53263 3.10646 3.54 135.709
0.6048 3.83137 4.22849 152.309
0.599196 3.76552 4.16538 150.777
0.373035 2.10258 2.63708 114.455
0.432788 2.41179 2.90401 120.66
0.494803 2.81056 3.26488 129.159
0.720364 5.79618 6.13515 199.218
0.621086 4.03403 4.42324 157.048
0.599291 3.76662 4.16643 150.803
0.262507 1.66229 2.29382 106.597
0.483355 2.72967 3.19059 127.4
0.143829 1.31431 2.0843 101.879
0.0648401 1.13027 2.01688 100.375
0.450415 2.5159 2.99679 122.834
0.218895 1.52242 2.20025 104.482
0.820381 9.61676 9.88835 293.019
0.707772 5.50449 5.85032 192.154
0.362398 2.05362 2.59632 113.514
0.348597 1.99246 2.54615 112.359
0.273287 1.6994 2.32024 107.196
0.394351 2.20587 2.72457 116.48
0.67754 4.89948 5.26097 177.59
0.948834 37.2556 37.3655 982.061
0.856932 12.3858 12.6233 361.664
0.0295718 1.05736 2.0035 100.078
0.414809 2.31209 2.81639 118.615
0.376962 2.12108 2.6526 114.814
0.39252 2.19672 2.71673 116.299
0.812158 9.14499 9.42336 281.358
0.824788 9.88823 10.1561 299.734
0.875933 14.4833 14.6999 413.808
0.0925206 1.19126 2.0345 100.768
0.201435 1.47063 2.16842 103.765
0.324476 1.89156 2.46538 110.506
0.0782446 1.15937 2.02462 100.548
0.243979 1.60094 2.25153 105.639
0.615307 3.9601 4.35211 155.315
0.0729555 1.14779 2.02139 100.476
0.532119 3.10213 3.53595 135.612
0.0974813 1.20257 2.03833 100.853
0.735265 6.17823 6.50877 208.502
0.520652 3.00763 3.44759 133.503
0.0347737 1.0678 2.00484 100.108
0.418281 2.33086 2.83279 118.997
0.788061 7.97774 8.27442 252.577
0.83112 10.3036 10.5659 310.017
0.0429011 1.08432 2.00737 100.164
0.0293043 1.05683 2.00344 100.076
0.298293 1.78981 2.38693 108.713
0.241976 1.59448 2.24719 105.541
0.739221 6.28719 6.61542 211.156
0.603609 3.81721 4.21491 151.979
0.595747 3.72593 4.12747 149.858
0.117848 1.25028 2.05625 101.253
0.80038 8.53844 8.82603 266.389
0.0619174 1.12403 2.01539 100.342
0.141925 1.30949 2.08204 101.829
0.167469 1.37592 2.11506 102.568
0.340306 1.95695 2.51742 111.699
0.0322572 1.06274 2.00417 100.093
0.57741 3.52649 3.93709 145.252
0.281234 1.72746 2.3406 107.659
0.822322 9.73464 10.0046 295.934
0.0871485 1.17915 2.03059 100.68
0.142668 1.31137 2.08292 101.848
0.523735 3.03258 3.47088 134.058
0.789188 8.02625 8.32212 253.771
0.178256 1.40517 2.13081 102.921
0.903522 19.0245 19.2063 526.926
0.444574 2.48066 2.96526 122.095
0.762871 7.01663 7.33037 228.979
0.0634362 1.12727 2.01615 100.359
0.41852 2.33216 2.83392 119.024
0.637072 4.2511 4.63255 162.158
0.210278 1.49658 2.18415 104.119
0.444318 2.47913 2.96389 122.062
0.844746 11.3149 11.5645 335.082
0.594996 3.71739 4.11931 149.66
0.355598 2.02316 2.57123 112.936
0.846863 11.4884 11.736 339.387
0.451552 2.52284 3.00302 122.981
0.297041 1.78513 2.3834 108.633
0.396512 2.21675 2.73389 116.697
0.246667 1.60965 2.25743 105.773
0.0693299 1.13993 2.01931 100.429
0.755704 6.78029 7.09855 223.194
0.582025 3.57501 3.98331 146.368
0.446533 2.49239 2.97574 122.34
0.358672 2.03685 2.58248 113.195
0.538923 3.16047 3.59069 136.922
0.543229 3.1983 3.62628 137.774
0.204017 1.47814 2.17293 103.867
0.562124 3.37327 3.79154 141.743
0.471922 2.65242 3.1201 125.736
0.824121 9.84623 10.1146 298.695
0.217045 1.51683 2.19673 104.402
0.216484 1.51514 2.19567 104.379
0.560253 3.35525 3.77447 141.332
0.195737 1.4542 2.15869 103.547
0.302899 1.80716 2.40007 109.013
0.434534 2.42181 2.91289 120.868
0.191482 1.44207 2.15163 103.388
0.0214815 1.04134 2.00185 100.041
0.258016 1.64714 2.28322 106.356
0.325987 1.89766 2.47019 110.616
0.467893 2.626 3.09611 125.17
0.1679 1.37707 2.11567 102.581
0.241438 1.59275 2.24603 105.515
0.482513 2.72386 3.18528 127.275
0.160699 1.35793 2.10573 102.359
0.459652 2.57319 3.04833 124.045
0.65257 4.48111 4.855 167.607
0.347437 1.98744 2.54207 112.265
0.484388 2.73682 3.19714 127.555
0.0467352 1.0922 2.00875 100.195
0.278125 1.71641 2.33254 107.475
0.366374 2.07173 2.61134 113.86
0.243596 1.5997 2.2507 105.62
0.31419 1.85066 2.43346 109.775
0.631126 4.16811 4.55245 160.201
0.359399 2.04011 2.58516 113.257
0.433771 2.41742 2.909 120.777
0.125464 1.26867 2.06386 101.422
0.0721669 1.14607 2.02093 100.465
0.740449 6.32172 6.64923 211.998
0.403255 2.25121 2.76354 117.385
0.224229 1.5387 2.2106 104.715
0.367152 2.0753 2.61431 113.929
0.0424276 1.08335 2.00721 100.16
0.335174 1.93541 2.50015 111.302
0.157058 1.34838 2.10089 102.25
0.0392724 1.07691 2.00618 100.137
0.151567 1.33411 2.09381 102.092
0.62949 4.14575 4.53088 159.674
0.124825 1.26712 2.0632 101.408
0.853005 12.021 12.2624 352.604
0.0707641 1.14303 2.02012 100.447
0.264927 1.67053 2.29963 106.728
0.415948 2.31823 2.82174 118.74
0.0295052 1.05723 2.00348 100.077
0.348914 1.99384 2.54727 112.385
0.105831 1.22188 2.04525 101.007
0.21225 1.50245 2.18777 104.201
0.114551 1.24242 2.05311 101.182
0.178923 1.40701 2.13182 102.943
0.6184 3.99939 4.3899 156.236
0.896756 17.6835 17.8744 493.501
0.0704769 1.14241 2.01996 100.444
0.648264 4.41511 4.79111 166.04
0.27431 1.70298 2.32282 107.255
0.728663 6.00365 6.33797 204.255
0.109274 1.22994 2.04828 101.075
0.76718 7.16594 7.47689 232.637
0.147049 1.32251 2.08819 101.966
0.222713 1.53406 2.20763 104.648
0.280358 1.72434 2.33832 107.607
0.245685 1.60646 2.25526 105.724
0.298865 1.79195 2.38854 108.75
0.459343 2.57124 3.04657 124.004
0.0725654 1.14694 2.02116 100.471
0.428809 2.38918 2.88403 120.193
0.45466 2.54198 3.02022 123.384
0.774828 7.44536 7.75124 239.492
0.768528 7.21381 7.52388 233.811
0.479032 2.70006 3.16352 126.76
0.17506 1.39643 2.12603 102.813
0.0950231 1.19695 2.03641 100.81
0.195482 1.45346 2.15826 103.537
0.738253 6.26024 6.58904 210.499
0.0904428 1.18656 2.03296 100.733
0.142717 1.31149 2.08298 101.85
0.188192 1.43278 2.1463 103.268
0.0855416 1.17555 2.02946 100.655
0.186751 1.42874 2.14399 103.216
0.460904 2.58111 3.05548 124.213
0.599892 3.7736 4.17311 150.965
0.765859 7.11957 7.43138 231.501
0.624437 4.07796 4.46555 158.08
0.167164 1.3751 2.11463 102.558
0.361412 2.04916 2.59264 113.429
0.672236 4.80514 5.1693 175.331
0.46959 2.63708 3.10616 125.407
0.268883 1.68411 2.30928 106.947
0.187261 1.43017 2.1448 103.235
0.352928 2.01138 2.56158 112.714
0.0739373 1.14993 2.02197 100.489
0.271639 1.69365 2.31611 107.102
0.447893 2.50059 2.98308 122.512
0.690636 5.14665 5.50147 183.524
0.739768 6.30253 6.63045 211.53
0.365263 2.06665 2.60712 113.763
0.123775 1.26457 2.06213 101.384
0.57631 3.51509 3.92623 144.989
0.573256 3.48374 3.89641 144.27
0.115793 1.24537 2.05428 101.209
0.67407 4.8374 5.20064 176.103
0.498536 2.83775 3.28995 129.753
0.606338 3.84977 4.24614 152.738
0.312108 1.84253 2.42717 109.632
0.150324 1.33091 2.09225 102.057
0.948968 37.3578 37.4674 984.613
0.0502187 1.09942 2.01011 100.225
0.334574 1.93292 2.49816 111.257
0.0737029 1.14942 2.02183 100.486
0.639337 4.28344 4.66379 162.922
0.714422 5.65524 5.99747 195.802
0.591344 3.67637 4.08008 148.709
0.0977734 1.20324 2.03857 100.858
0.849219 11.6875 11.9328 344.327
0.264771 1.66999 2.29926 106.72
0.502701 2.86857 3.31843 130.43
0.425535 2.37081 2.86784 119.815
0.162179 1.36184 2.10774 102.404
0.526141 3.05229 3.48929 134.498
0.78812 7.98028 8.27692 252.64
0.548029 3.24134 3.66682 138.746
0.269338 1.68568 2.31041 106.973
0.00606276 1.0115 2.00015 100.003
0.605677 3.84183 4.23853 152.553
0.365029 2.06558 2.60623 113.743
0.327599 1.90421 2.47536 110.734
0.405682 2.2638 2.77443 117.638
0.393715 2.20269 2.72184 116.417
0.692509 5.18377 5.53762 184.417
0.332064 1.92252 2.48988 111.067
0.806069 8.82201 9.10522 273.384
0.341515 1.96208 2.52155 111.793
0.02126 1.04091 2.00181 100.04
0.240976 1.59127 2.24504 105.492
0.321466 1.87946 2.45589 110.288
0.0449473 1.08852 2.0081 100.18
0.80583 8.80976 9.09316 273.082
0.602562 3.80484 4.20305 151.692
0.241825 1.59399 2.24686 105.534
0.151454 1.33382 2.09367 102.089
0.0288239 1.05587 2.00333 100.074
0.203522 1.4767 2.17206 103.847
0.0701518 1.1417 2.01977 100.44
0.673047 4.81936 5.18311 175.671
0.65761 4.56051 4.93193 169.495
0.556108 3.31591 3.73724 140.437
0.679419 4.93367 5.29422 178.409
0.580654 3.56047 3.96946 146.033
0.655764 4.53114 4.90347 168.796
0.765952 7.1228 7.43456 231.58
0.385054 2.15995 2.68543 115.573
0.232504 1.5644 2.22724 105.091
0.0378475 1.07401 2.00574 100.128
0.306458 1.82072 2.41041 109.249
0.21252 1.50325 2.18827 104.212
0.7822 7.73375 8.03458 246.576
0.703474 5.41074 5.75886 189.889
0.525762 3.04917 3.48638 134.428
0.264381 1.66866 2.29832 106.699
0.92139 23.6884 23.8442 643.265
0.86138 12.8244 13.0572 372.56
0.869196 13.6687 13.893 393.547
0.349098 1.99464 2.54792 112.4
0.652364 4.47791 4.8519 167.531
0.212436 1.503 2.18811 104.208
0.0123046 1.02347 2.00061 100.013
0.336888 1.94257 2.50588 111.434
0.814482 9.27403 9.55052 284.547
0.0607337 1.12151 2.0148 100.329
0.07343 1.14882 2.02167 100.482
0.0721058 1.14594 2.02089 100.465
0.0223968 1.04314 2.00201 100.045
0.00967144 1.0184 2.00037 100.008
0.873816 14.2177 14.4368 407.202
0.233737 1.56827 2.22978 105.148
0.206212 1.48458 2.17682 103.954
0.60594 3.845 4.24156 152.627
0.297468 1.78672 2.3846 108.66
0.281266 1.72757 2.34068 107.66
0.488581 2.76614 3.22403 128.191
0.0105496 1.02009 2.00045 100.01
0.177174 1.4022 2.12918 102.884
0.263395 1.6653 2.29595 106.645
0.564025 3.39172 3.80903 142.164
0.35047 2.00061 2.55279 112.511
0.637182 4.25265 4.63405 162.195
0.151653 1.33433 2.09392 102.094
0.663901 4.66305 5.03136 171.938
0.328539 1.90805 2.4784 110.804
0.546249 3.22527 3.65167 138.383
0.493668 2.80238 3.25734 128.98
0.248369 1.6152 2.2612 105.858
0.551084 3.26921 3.69312 139.377
0.526687 3.05679 3.4935 134.598
0.21666 1.51567 2.196 104.386
0.636296 4.24011 4.62194 161.899
0.751386 6.64462 6.96556 219.878
0.320391 1.87517 2.45253 110.211
0.248678 1.61621 2.26189 105.874
0.00403281 1.00763 2.00007 100.001
0.282155 1.73075 2.34301 107.713
0.0160544 1.03074 2.00103 100.023
0.130169 1.28019 2.06881 101.533
0.0329551 1.06414 2.00435 100.097
0.173252 1.39151 2.12337 102.754
0.749457 6.58557 6.90769 218.435
0.828642 10.1373 10.4018 305.899
0.18446 1.42233 2.14037 103.135
0.745449 6.46581 6.79035 215.512
0.248992 1.61724 2.26259 105.889
0.334284 1.93171 2.4972 111.235
0.708269 5.51552 5.86107 192.421
0.319034 1.86977 2.44831 110.115
0.151971 1.33515 2.09432 102.103
0.70546 5.45372 5.80078 190.927
0.241014 1.59139 2.24512 105.494
0.523491 3.0306 3.46902 134.014
0.13292 1.28698 2.0718 101.6
0.239709 1.58721 2.24233 105.431
0.622247 4.04916 4.4378 157.403
0.941749 32.5221 32.6445 863.82
0.198623 1.46249 2.16357 103.656
0.684688 5.03178 5.38965 180.763
0.0456124 1.08989 2.00834 100.185
0.164264 1.36737 2.11059 102.468
0.402888 2.24931 2.76191 117.347
0.50409 2.87897 3.32804 130.658
0.907314 19.8627 20.0392 547.826
0.166395 1.37305 2.11355 102.534
0.167186 1.37516 2.11466 102.559
0.457934 2.56238 3.03859 123.816
0.479185 2.70109 3.16446 126.783
0.0585789 1.11695 2.01377 100.306
0.0952677 1.19751 2.0366 100.814
0.105647 1.22145 2.04509 101.004
0.288852 1.75493 2.36084 108.119
0.115141 1.24382 2.05366 101.195
0.587983 3.63927 4.04463 147.851
0.0816776 1.16695 2.02684 100.597
0.54847 3.24534 3.67059 138.837
0.353645 2.01453 2.56416 112.773
0.0886404 1.1825 2.03165 100.704
0.629105 4.14051 4.52583 159.551
0.240389 1.58939 2.24378 105.464
0.615087 3.95734 4.34945 155.251
0.575275 3.50441 3.91607 144.744
0.953705 41.3533 41.4541 1084.44
0.567041 3.42134 3.83713 142.841
0.268456 1.68263 2.30823 106.924
0.158531 1.35223 2.10283 102.294
0.372633 2.1007 2.63551 114.418
0.231969 1.56272 2.22614 105.066
0.00717727 1.01363 2.00021 100.005
0.503836 2.87706 3.32627 130.616
0.25666 1.6426 2.28006 106.285
0.337193 1.94385 2.5069 111.457
0.435487 2.4273 2.91776 120.982
0.170257 1.38341 2.11903 102.657
0.664828 4.6785 5.04635 172.306
0.497043 2.82683 3.27987 129.515
0.126563 1.27135 2.065 101.448
0.443484 2.47417 2.95946 121.959
0.628351 4.1303 4.51598 159.31
0.178698 1.40638 2.13148 102.936
0.384173 2.15566 2.68179 115.489
0.253 1.63043 2.27164 106.094
0.0587807 1.11737 2.01386 100.308
0.557774 3.33163 3.75212 140.795
0.568042 3.43127 3.84655 143.068
0.198857 1.46316 2.16397 103.665
0.35833 2.03532 2.58122 113.166
0.560824 3.36073 3.77966 141.457
