0.365953 23.2361 40.967 284.942
0.286672 11.261 27.0617 225.622
0.287927 15.5907 31.3344 235.686
0.476655 58.368 76.3837 438.092
0.37545 42.406 55.4268 338.72
0.244399 13.0678 24.3357 204.937
0.45472 34.6531 60.0585 382.945
0.261029 21.5272 32.5331 239.109
0.461293 33.9165 52.2401 331.856
0.479816 25.2149 46.0501 310.73
0.393943 73.5551 94.2911 522.277
0.39333 37.4421 51.9325 314.412
0.427939 27.7501 58.0732 387.673
0.440353 80.2962 101.896 564.415
0.366389 222.524 257.176 1152.47
0.533097 38.1445 70.0653 433.131
0.294758 23.7006 41.0742 310.731
0.368617 48.0252 61.5555 360.768
0.430255 22.926 42.8831 294.864
0.346245 23.5309 37.152 255.855
0.265863 22.2408 38.4979 283.131
0.482164 89.7771 124.859 631.023
0.39857 51.2041 70.2891 434.796
0.304871 36.1721 50.9314 330.264
0.384671 43.0247 63.1127 405.077
0.400716 47.242 89.0423 570.535
0.249765 24.2975 36.2389 265.425
0.490133 24.9913 47.7533 310.404
0.556428 55.972 95.3962 554.234
0.346027 34.8445 48.3876 311.886
0.34911 111.932 143.194 733.624
0.366667 26.604 39.7603 277.495
0.462193 55.5654 80.8856 468.858
0.544326 154.218 173.419 775.983
0.400747 34.9067 52.4345 340.319
0.651141 74.8731 119.481 651.197
0.609404 48.0333 96.676 561.261
0.465743 32.8177 52.6594 326.202
0.503571 24.0479 48.3244 322.932
0.467983 34.4376 50.8304 318.699
0.227335 22.7511 39.2617 279.243
0.38626 31.4136 56.1835 378.073
0.4255 81.5889 124.216 749.07
0.581723 73.1651 130.996 740.815
0.424167 122.803 148.208 747.957
0.315832 12.5542 27.0146 215.946
0.396706 22.7946 44.7887 302.917
0.342823 18.4065 35.1564 267.188
0.385293 18.4948 43.5455 321.125
0.354504 27.6319 40.0977 268.426
0.440757 24.7277 42.012 286.328
0.59235 47.4066 82.2607 451.849
0.337247 11.3614 24.5467 197.925
0.319157 16.2276 30.3412 230.962
0.318803 20.8735 37.9183 279.962
0.270171 22.11 35.6765 270.898
0.184483 10.6152 23.1742 203.027
0.262631 13.7429 30.5448 251.797
0.377276 41.5538 72.9123 496.667
0.364312 17.2669 33.5774 252.377
0.399581 33.2535 47.4889 299.546
0.356196 84.3603 102.871 553.813
0.266993 60.8015 82.5166 471.698
0.606142 72.0258 115.306 596.857
0.506067 383.471 437.517 1683.18
0.482566 49.033 68.6504 401.613
0.382704 123.015 145.731 702.182
0.425603 45.1152 63.6922 391.013
0.401982 43.3834 64.2471 381.555
0.265074 15.7981 27.5596 211.674
0.282959 18.8371 33.906 260.423
0.434182 49.2945 73.686 447.193
0.393936 16.1158 36.1851 274.56
0.301246 32.8947 48.1937 331.835
0.348811 22.491 45.3051 325.246
0.338929 18.4382 38.7674 300.464
0.446063 23.1825 41.5373 273.427
0.430303 26.4002 45.8762 309.72
0.481483 23.3406 47.963 326.711
0.322855 23.6776 39.1535 274.723
0.381692 22.2758 36.3759 250.581
0.389058 69.9596 88.3376 481.499
0.425054 38.1247 55.9202 337.324
0.532861 38.7153 58.4637 354.459
0.387685 73.9467 94.9895 519.928
0.425467 913.376 1015.56 3754.03
0.366916 12.9696 26.3806 204.071
0.407064 69.1814 90.8269 481.521
0.405394 24.5602 41.1984 285.423
0.295242 16.2367 30.5577 235.859
0.410519 57.5242 86.7817 487.706
0.463153 101.181 122.36 583.883
0.408171 27.6174 43.8706 281.193
0.433786 63.0358 85.2654 473.627
0.437415 21.0807 43.5892 306.685
0.453469 156.232 195.046 889.72
0.339121 24.7282 41.8055 291.312
0.381623 23.8107 42.6117 298.423
0.546343 293.951 326.734 1257.88
0.313011 30.9846 47.8347 315.023
0.434633 28.4533 43.8805 292.564
0.398139 24.3829 37.9982 261.716
0.339152 42.4296 60.5789 376.856
0.332185 18.5407 34.9298 257.341
0.619159 105.049 147.121 741.903
0.380786 58.0493 73.8152 434.509
0.272478 14.914 26.7844 213.851
0.329688 17.9118 31.2186 232.618
0.599098 70.753 129.48 738.796
0.430017 26.7987 48.0827 334.277
0.407821 26.7249 42.5797 289.246
0.339883 37.8986 52.2685 320.814
0.451769 42.1673 66.9509 419.735
0.439262 29.9838 50.7338 320.371
0.454774 88.2975 119.606 625.436
0.342488 18.0094 32.2629 235.141
0.539212 31.8021 57.182 359.498
0.344303 21.8911 35.2109 258.979
0.310781 24.3295 39.795 273.697
0.408227 40.2399 60.6729 358.629
0.398049 60.7781 77.0137 448.604
0.270813 11.9894 23.3207 191.48
0.507972 50.2746 73.6511 433.315
0.478339 84.0009 125.456 679.882
0.492358 34.9173 58.5831 366.852
0.466057 42.1526 61.9654 374.166
0.392008 21.2436 40.2314 281.519
0.405243 34.2667 49.3895 305.495
0.381168 32.8287 64.0421 443.833
0.334579 45.4696 70.0331 460.625
0.45533 28.4086 50.7915 334.962
0.551639 63.1839 83.8104 474.947
0.365788 26.6738 40.6896 277.237
0.374363 28.4433 45.8915 313.844
0.400166 40.9995 61.0004 367.585
0.204911 11.2319 23.5033 201.847
0.242988 14.2886 27.5358 223.958
0.423461 34.717 51.6206 323.634
0.335413 14.9338 27.9581 217.04
0.335445 13.9077 26.93 210.553
0.415019 35.4397 59.2402 373.057
0.410395 52.1766 74.8656 476.342
0.567166 37.7331 65.1789 384.483
0.538527 59.0442 88.9829 471.263
0.478437 71.5148 93.833 502.106
0.413252 85.7169 105.456 543.541
0.409302 24.7638 44.9929 309.808
0.336845 12.8652 28.9643 224.613
0.52106 30.107 52.1236 321.212
0.306199 13.1456 27.0493 217.354
0.443488 28.8812 50.8931 342.377
0.396129 27.2207 44.8646 293.303
0.466006 63.7371 78.1168 418.551
0.415368 54.4175 69.6271 406.81
0.366162 31.1565 50.0779 333.312
0.405639 29.7428 51.9936 340.535
0.267378 9.91766 22.1477 193.544
0.474531 32.9196 52.7194 330.466
0.444631 29.9933 51.0018 338.327
0.305846 34.93 50.6914 336.593
0.25234 10.7717 23.9995 202.458
0.285369 20.6785 35.6361 276.43
0.413008 13.8006 30.8641 231.914
0.388912 25.2439 39.9386 277.771
0.357095 30.8393 46.9451 320.949
0.491392 43.4238 67.794 412.236
0.461582 20.1955 41.1123 286.708
0.485567 24.4845 49.0987 327.179
0.489026 84.5208 103.641 540.856
0.237698 8.12327 18.3844 164.506
0.458846 57.249 75.2744 440.391
0.329336 117.546 146.236 728.367
0.236357 12.9633 24.9416 207.298
0.432244 26.6609 45.5606 314.689
0.4543 31.9144 64.0274 410.68
0.446363 17.0027 36.0796 255.476
0.416519 60.2995 74.2932 412.575
0.265306 16.3011 33.7231 275.753
0.397467 124.149 142.014 668.789
0.301277 16.1072 30.3617 236.495
0.338324 17.1006 33.1341 245.421
0.318887 18.7486 35.3131 261.179
0.442616 38.763 62.3136 380.837
0.485708 50.3287 75.2253 453.777
0.341522 15.3797 28.4313 222.232
0.21803 7.7623 18.1332 167.329
0.569104 84.0558 121.486 577.73
0.49474 68.0119 86.4106 471.453
0.33779 15.8471 31.5319 238.321
0.468288 29.8341 54.5275 344.743
0.311412 19.0312 35.5321 263.694
0.335928 20.3169 36.0402 252.588
0.398967 96.5192 116.343 596.277
0.541896 48.4201 78.6351 487.648
0.343713 34.372 57.3482 392.913
0.575845 60.8168 95.9025 518.665
0.386365 18.2276 34.9532 252.986
0.336514 39.7433 55.1303 353.082
0.39792 23.3956 40.1373 286.19
0.376045 45.6687 61.0816 380.771
0.36778 26.1315 44.2842 310.806
0.399103 12.73 28.8446 220.248
0.519038 98.4589 148.626 730.836
0.683861 47.2089 87.2526 479.322
0.5601 45.2753 73.2319 438.447
0.46312 109.606 127.064 604.772
0.333879 18.43 33.2858 237.232
0.399482 27.2992 44.795 289.793
0.444179 26.3315 44.3086 302.736
0.330672 58.654 76.9813 424.789
0.415971 28.6864 44.414 299.509
0.43436 46.3876 64.7339 399.531
0.325618 22.8765 41.164 290.814
0.328845 32.47 52.721 336.321
0.337392 30.1416 58.6975 410.547
0.223891 20.5634 33.7665 248.041
0.385712 20.6569 37.8442 266.147
0.339945 71.778 92.2447 530.722
0.366871 26.1951 39.7389 274.532
0.256067 27.8984 41.3112 287.695
0.3615 29.0345 47.9981 321.976
0.46445 61.7752 87.9962 528.195
0.558945 72.6017 94.0234 501.392
0.417983 36.6884 56.2931 346.362
0.381794 17.3021 31.494 229.32
0.422009 123.879 146.964 707.442
0.418002 35.7259 54.7143 344.516
0.384331 24.3028 43.3037 311.993
0.421314 33.6752 51.0366 337.043
0.344131 108.813 130.474 654.6
0.352681 18.8949 38.7417 277.744
0.42891 27.0533 48.9965 339.459
0.325296 109.81 129.771 637.029
0.371159 29.0084 45.4256 298.122
0.478565 89.2049 108.455 550.021
0.333747 49.1612 70.9845 442.611
0.467066 59.4319 84.8342 473.785
0.394612 97.8064 125.279 697.688
0.340333 59.165 99.6357 615.406
0.458213 57.1312 81.1553 475.129
0.366118 47.2634 66.3319 418.148
0.47389 51.0286 77.1591 477.453
0.3486 28.8922 45.7945 318.616
0.565141 75.5866 94.6751 507.937
0.412043 33.0594 53.0811 340.245
0.404613 49.7309 72.7152 460.094
0.363292 39.6954 59.8846 357.93
0.502935 27.4883 49.3407 314.911
0.506682 32.6777 57.0421 365.208
0.329919 35.5649 55.3664 385.31
0.586849 76.0909 111.023 554.431
0.264803 38.7823 50.172 313.918
0.257529 25.0145 45.3457 332.221
0.417622 22.4002 39.1896 278.888
0.503285 28.1927 51.3531 330.365
0.297662 13.608 29.0018 229.867
0.358551 19.7413 34.7301 253.474
0.5611 51.1503 71.4029 391.896
0.342707 34.8573 52.902 334.341
0.427264 171.708 209.658 1019.5
0.531079 60.8773 80.1107 447.018
0.461196 28.2756 49.8654 331.047
0.299395 17.3141 31.157 237.446
0.423753 39.0086 54.3718 339.604
0.347363 26.6644 40.8818 288.787
0.408516 19.9642 37.6622 269.531
0.472149 25.4847 49.701 331.877
0.399605 29.0136 45.2082 308.313
0.413102 34.1799 54.972 352.746
0.414565 41.2149 58.43 371.47
0.402577 96.8454 116.776 603.524
0.490155 96.3269 112.384 540.229
0.301852 19.3192 33.5396 261.582
0.347779 38.2464 71.1665 473.125
0.519439 52.5869 75.2917 425.685
0.412782 19.6106 40.5711 286.847
0.528152 34.1336 55.2486 336.229
0.393735 23.3227 45.372 328.233
0.344913 24.579 37.6613 271.753
0.448128 101.677 127.75 682.764
0.334907 16.026 31.0704 235.121
0.301394 23.0605 38.443 288.548
0.412104 20.8353 41.3957 291.648
0.309957 21.2273 35.736 266.417
0.330202 16.0448 29.2311 223.233
0.337913 19.4687 32.273 236.856
0.3222 15.9278 31.5963 238.282
0.390305 56.6124 80.1117 490.214
0.425286 47.0506 70.6948 435.567
0.530943 38.1719 59.1343 349.644
0.380439 19.1143 36.1483 264.28
0.460483 29.5261 46.4468 314.709
0.342561 17.2517 31.6799 233.443
0.438489 19.4629 37.7356 258.127
0.542352 57.2218 86.1467 468.402
0.409106 40.1705 62.476 392.803
0.510509 67.9741 88.2765 467.8
0.458338 59.447 87.9724 495.62
0.567602 85.3648 135.959 738.86
0.414567 21.0079 41.4098 284.2
0.339784 20.7124 34.0486 255.088
0.391531 25.647 42.8409 284.385
0.447003 30.3406 51.3741 337.656
0.531091 33.0985 52.3129 320.78
0.400415 108.968 140.602 759.181
0.398349 46.9377 61.9277 382.15
0.422795 78.8998 98.864 547.832
0.359401 20.5247 35.166 251.355
0.276976 13.8096 28.0153 232.798
0.349366 15.5516 30.2503 234.158
0.38168 21.161 38.0765 276.159
0.296178 53.3972 74.4494 468.321
0.306266 22.259 34.8365 250.037
0.300578 13.1676 25.4919 204.665
0.422117 65.8146 83.2938 467.573
0.406895 40.2497 61.842 376.389
0.495168 31.4515 59.3887 368.626
0.236237 14.2964 24.6336 204.872
0.371173 22.2038 38.0799 263.015
0.421798 22.4701 43.4549 310.276
0.368121 28.414 42.8636 286.972
0.386102 56.4348 81.0286 518.001
0.423509 82.4307 101.365 532.738
0.390355 23.3679 41.7351 283.437
0.235736 9.42543 20.4913 179.368
0.511371 34.7664 62.247 386.77
0.312194 26.2105 42.7548 319.741
0.351275 31.7656 46.643 314.864
0.434616 39.7445 62.6611 405.288
0.459571 43.0405 58.701 345.104
0.252817 42.7805 61.8857 406.614
0.343703 24.4553 39.4593 282.281
0.477657 75.3014 101.106 581.612
0.324142 27.0967 41.2103 295.875
0.468149 40.9822 68.2285 445.716
0.399708 23.065 44.6769 312.149
0.428937 33.3552 51.7916 324.485
0.412383 21.2872 37.3871 264.819
0.266832 15.0703 30.102 239.018
0.378159 50.0147 68.1816 413.992
0.449801 85.1387 106.437 569.306
0.340198 26.5264 45.8254 327.5
0.473949 30.007 56.3502 366.163
0.488545 23.8129 45.274 301.135
0.278571 16.2582 31.911 241.672
0.480935 50.7405 77.3183 474.95
0.306307 14.5102 25.8778 206.31
0.308267 25.4789 38.3147 276.49
0.418495 30.904 64.9122 450.886
0.308951 29.6881 45.575 302.246
0.363894 18.6271 32.1544 238.711
0.482138 19.0127 39.3853 265.461
0.368277 87.9442 114.646 629.399
0.312398 23.5123 37.6852 261.993
0.303178 92.549 112.756 576.52
0.325933 41.436 69.098 473.146
0.443961 61.3811 81.284 466.315
0.239938 21.1933 44.0184 351.091
0.423026 66.7087 101.618 569.389
0.505044 34.6679 56.5744 369.037
0.461952 27.5451 51.8238 329.929
0.367607 101.348 126.312 650.476
0.340606 15.2593 29.6857 231.99
0.373661 18.8329 35.9552 270.354
0.451823 145.368 165.37 743.173
0.428739 24.7995 43.9645 287.061
0.372961 30.1125 44.5103 298.491
0.685202 227.306 274.821 1217.54
0.387565 75.3519 107.027 653.639
0.400496 39.1225 74.5169 487.345
0.47939 95.5242 136.338 769.922
0.336172 38.9751 56.3772 372.528
0.621729 68.8706 117.155 628.506
0.433537 25.8649 50.0476 340.335
0.496582 40.9989 64.4271 387.746
0.45015 39.4711 58.6259 351.24
0.458088 41.186 63.0665 399.455
0.460918 73.8178 91.1706 494.013
0.368832 193.482 267.578 1467.04
0.324419 27.1243 46.0931 341.947
0.573476 173.03 268.829 1315.24
0.549598 137.881 186.085 975.609
0.459003 108.551 136.274 676.199
0.434233 32.7776 53.8372 337.164
0.285812 116.591 144.624 715.757
0.414285 67.719 86.7589 482.505
0.36233 31.9946 48.4187 329.616
0.342049 26.3754 42.3916 310.758
0.387009 19.6493 42.2086 300.865
0.172029 7.2066 17.2621 163.938
0.447547 212.858 251.22 1098.01
0.322602 16.1808 28.9802 220.502
0.40788 20.48 42.0128 294.014
0.441531 109.949 127.563 616.216
0.509817 78.6123 98.8282 541.725
0.32817 25.8915 42.8556 294.674
0.277261 22.8937 34.7444 248.68
0.494388 213.436 237.142 957.557
0.358812 12.4351 26.9794 213.408
0.337214 15.2962 29.5934 228.528
0.518369 31.6911 54.5836 338.765
0.368231 30.8941 55.1538 376.7
0.575275 49.627 74.1606 436.597
0.361673 46.9097 63.2854 389.363
0.452421 111.003 128.377 623.613
0.396724 22.795 40.4388 269.237
0.340733 25.6547 37.2907 259.662
0.490667 29.7664 58.3155 360.525
0.376393 25.633 41.6966 292.02
0.394891 75.3977 96.0541 523.483
0.385923 68.2311 91.1546 534.959
0.352036 24.4003 38.6801 266.131
0.37552 28.8097 47.983 323.895
0.350608 262.828 311.029 1390.94
0.370786 18.5466 32.8586 244.159
0.542846 41.7323 67.2895 405.848
0.362259 41.5016 65.5721 388.813
0.62561 89.2145 116.873 592.487
0.535582 88.3088 149.05 810.63
0.343708 19.0867 37.4091 281.748
0.342977 18.9046 35.7921 262.406
0.392353 44.3582 64.3741 379.71
0.427946 24.3583 42.0324 287.691
0.587083 87.7464 134.982 716.495
0.404455 66.9789 108.536 653.915
0.35401 18.5332 34.2571 247.555
0.490411 43.8954 76.1558 452.702
0.255607 18.281 29.5253 231.4
0.300046 33.4242 48.7324 313.041
0.42954 27.5295 47.9301 309.574
0.42028 21.1269 38.9308 269.518
0.491389 37.5497 57.0547 352.584
0.375316 23.1881 43.4033 301.887
0.331923 145.721 175.092 854.667
0.317127 21.7298 37.6005 275.28
0.464649 30.6148 52.2153 337.597
0.43431 27.5751 50.1886 341.826
0.269347 16.1467 26.9906 217.488
0.37806 25.7611 43.445 294.464
0.512824 31.5974 58.6612 373.953
0.262625 181.232 232.059 1179.47
0.395283 26.421 43.2147 282.77
0.432356 35.4935 57.2162 342.803
0.309227 23.0865 36.3503 256.129
0.468701 26.0419 50.7373 325.972
0.373107 56.0151 70.0187 404.954
0.336837 16.4795 29.9639 228.306
0.371766 25.61 39.2887 278.736
0.492067 54.0921 82.2942 510.773
0.467595 52.7358 72.5708 414.097
0.382754 21.766 40.5519 270.781
0.316072 21.1494 38.6161 285.634
0.235616 19.6326 34.4763 268.694
0.308017 20.9911 36.4754 281.072
0.432506 23.8964 41.4206 279.205
0.306081 28.7302 47.8482 313.802
0.346447 203.629 250.032 1128.01
0.512359 25.033 46.9403 293.2
0.436018 22.7515 44.3315 300.276
0.409551 22.4141 41.6474 286.19
0.311794 18.1264 42.1125 312.01
0.309517 19.1892 35.7657 261.354
0.322903 17.5982 31.3663 233.107
0.463785 30.185 50.6783 323.004
0.337263 23.2683 45.2128 329.149
0.386962 34.4425 49.3963 318.593
0.451454 43.0329 60.5338 351.344
0.561564 82.9961 105.171 566.722
0.439424 30.8843 48.3515 312.465
0.469953 56.1785 89.3416 528.198
0.330411 34.6014 53.4937 360.059
0.265014 20.1497 41.8512 318.267
0.273521 15.8015 29.5186 230.258
0.38964 33.7631 47.9995 297.713
0.283234 8.9055 22.6134 193.512
0.54278 119.554 179.481 906.657
0.388877 19.0849 32.6624 233.994
0.403106 32.1271 53.6482 350.763
0.445733 38.4148 63.0735 378.67
0.405908 31.011 56.2808 373.436
0.332884 17.8285 35.8365 267.246
0.36865 23.5609 40.6052 287.352
0.33815 51.9861 86.3476 534.548
0.268304 23.1896 39.6469 299.846
0.531232 45.3053 75.4405 470.042
0.415672 28.2451 43.9028 288.324
0.355433 23.0527 35.1452 252.595
0.430511 16.4306 34.6601 247.658
0.447697 47.7347 64.8129 393.164
0.45831 22.1093 45.7303 307.7
0.388007 18.3052 35.4341 256.902
0.348681 27.3422 42.0653 292.125
0.492753 35.2072 63.1504 397.586
0.599168 80.4271 103.347 545.24
0.38173 15.8014 33.4043 255.653
0.544486 52.9065 96.4653 580.98
0.466994 30.4462 51.8606 327.807
0.378392 28.7964 47.8313 324.029
0.280994 10.9893 24.0297 199.506
0.421609 60.5247 84.9089 495.328
0.5278 32.0817 62.2903 401.705
0.603251 50.6842 75.1077 411.877
0.331511 15.2883 30.4069 228.721
0.381272 38.0119 51.0272 322.43
0.33115 16.9122 30.4099 237.146
0.415295 194.353 229.276 1072.57
0.417192 51.7871 68.3374 408.432
0.259096 22.9256 35.3819 266.938
0.465245 46.9748 69.506 393.252
0.401655 16.575 35.4525 256.117
0.337135 14.3336 26.8421 208.014
0.348402 86.6488 117.253 711.825
0.373385 19.4771 37.8675 271.253
0.496448 47.4828 65.1935 386.581
0.187109 6.84149 16.5661 157.413
0.451879 46.9164 77.0738 457.55
0.340991 12.2372 26.0673 204.7
0.54398 23.0087 47.335 299.769
0.294815 28.1714 42.3542 289.95
0.32248 34.6658 47.6592 318.047
0.286363 13.2228 24.7995 199.437
0.283882 53.1046 71.4276 419.332
0.336593 13.5983 26.8657 209.939
0.350013 24.0488 37.2173 271.96
0.338857 15.3343 31.4112 242.346
0.413845 40.413 57.1889 368.424
0.553613 31.4088 64.0147 401.583
0.344874 50.3152 70.6296 422.526
0.375943 23.891 40.3411 290.584
0.428166 21.4832 38.3934 265.982
0.352334 30.4838 48.8315 333.463
0.257198 16.3806 32.3605 263.255
0.398736 34.7237 57.9676 381.288
0.297216 17.2512 33.2764 253.542
0.435815 27.7348 58.2495 378.616
0.342172 50.373 72.1953 457.693
0.493668 60.0704 77.6688 418.679
0.529877 61.2451 107.992 573.51
0.331226 20.1036 33.448 251.947
0.312887 52.1363 71.4606 452.361
0.432834 56.9594 81.7725 493.377
0.483205 69.9315 88.9007 468.347
0.511971 40.4363 64.2182 386.619
0.527805 38.9258 64.9409 401.066
0.342785 17.242 33.3244 249.327
0.445778 53.5954 69.9115 395.784
0.51331 44.9571 71.7735 421.638
0.27641 81.5204 102.052 543.804
0.607636 37.2896 74.9721 441.861
0.302529 13.0488 25.777 205.304
0.642925 49.6912 82.4591 450.58
0.457202 156.502 174.733 746.437
0.43187 30.7565 54.3694 343.084
0.380346 27.7545 47.941 320.756
0.275657 83.9964 116.208 637.549
0.370883 15.5143 30.1383 232.547
0.58156 63.6237 90.0887 469.373
0.324024 22.1234 46.6448 333.361
0.446865 41.1413 70.6194 438.738
0.263287 18.9851 39.0644 293.697
0.385655 24.7368 42.3722 288.146
0.548051 95.7276 115.116 571.266
0.415552 65.7261 90.2943 544.401
0.37676 120.722 148.807 751.472
0.480374 33.1522 56.5543 341.016
0.537657 66.1811 93.7817 551.813
0.39378 30.2598 44.5096 303.115
0.330357 29.7314 44.2912 308.977
0.412933 46.4772 65.5887 405.314
0.434231 60.1108 75.6938 417.737
0.26808 29.0351 50.6088 364.612
0.214122 7.75119 18.2286 165.882
0.489483 153.03 224.466 1186.69
0.356136 96.821 115.573 583.144
0.385938 22.5282 40.0112 276.891
0.33744 21.2284 33.1094 245.258
0.39774 119.461 146.887 782.614
0.447069 93.3769 124.404 676.941
0.511652 26.5814 49.2711 318.486
0.465419 32.7489 57.825 374.656
0.350515 18.6599 34.5246 242.88
0.294255 17.3202 32.0522 245.6
0.493955 36.1801 61.8051 390.729
0.289182 17.1123 35.4232 272.893
0.530871 45.2998 69.5481 416.481
0.389392 15.071 36.3486 272.693
0.5144 102.225 121.037 597.839
0.316695 15.6091 31.2545 245.864
0.368957 28.4784 45.9904 309.665
0.412009 23.1341 44.7012 310.937
0.431563 25.1427 46.5299 318.694
0.358218 106.229 133.255 687.224
0.556829 35.5088 69.103 407.283
0.464688 81.4143 103.955 554.63
0.369348 35.416 49.0108 324.601
0.278353 33.3027 49.1587 338.773
0.373484 77.6547 111.301 655.089
0.470348 58.1995 75.3346 423.685
0.477943 29.0749 54.8312 352.976
0.242558 15.2035 29.254 237.192
0.392034 18.5835 33.0094 242.831
0.32605 45.7612 71.8459 477.907
0.501927 97.2474 127.731 683.143
0.284529 13.6172 27.324 216.674
0.418778 30.5297 49.2717 321.447
0.405213 34.6252 49.2712 313.965
0.342495 20.1713 34.2084 253.385
0.643595 87.1636 114.739 591.712
0.335834 15.7473 31.8906 244.112
0.483989 32.2138 53.6897 347.738
0.560862 29.8986 56.6177 349.441
0.458662 24.1038 43.0753 289.59
0.376535 31.3041 49.1118 321.403
0.38501 55.155 94.8868 588.825
0.427152 29.3095 47.8876 311.369
0.366145 28.8449 47.4808 310.243
0.43382 26.0506 43.1988 288.368
0.387851 72.4884 93.1733 538.384
0.31352 36.0651 48.9495 318.395
0.387074 41.6002 63.1341 416.78
0.415668 42.3806 61.7626 396.694
0.349442 12.7416 27.6526 218.763
0.398982 75.1992 93.7472 494.961
0.4485 49.5333 65.8553 393.936
0.315483 19.9416 33.5338 254.522
0.448351 24.0029 43.113 290.374
0.581648 69.3332 105.63 586.057
0.420067 37.0076 54.4035 334.153
0.233799 10.4481 23.3954 200.287
0.513334 43.43 70.7905 424.329
0.347918 13.9045 29.3411 229.151
0.348585 25.3327 40.8125 268.784
0.449957 37.7705 55.0576 336.561
0.303083 130.238 174.977 868.491
0.326827 20.7352 41.8256 310.844
0.359245 22.0677 48.9913 349.014
0.554338 66.2144 84.3716 438.116
0.344047 864.016 1092.24 4441.45
0.261225 20.2744 33.0995 254.663
0.321866 90.4945 113.215 600.771
0.248771 26.9217 42.3356 293.606
0.323974 12.5125 27.6297 223.497
0.389313 28.6502 45.1215 289.385
0.358314 20.6938 37.9454 267.19
0.345825 29.34 44.2718 311.361
0.367963 14.7093 31.1828 236.558
0.650691 69.0268 99.7546 517.699
0.459505 22.7577 44.9187 296.007
0.415387 35.7699 58.4641 365.804
0.373765 59.2545 75.028 434.227
0.380891 30.8023 42.8824 280.957
0.365785 18.4463 41.3861 302.847
0.429635 31.6206 51.3557 332.52
0.401692 32.0701 51.9236 328.774
0.428175 38.6953 60.6017 353.927
0.529532 61.2644 81.327 464.432
0.444787 23.3306 39.791 273.801
0.410583 74.1173 97.5141 513.227
0.362937 18.3732 34.2307 255.323
0.287006 64.5483 82.5001 458.958
0.309086 14.5024 29.5363 233.385
0.37645 33.182 54.2872 378.159
0.468882 828.98 906.703 3218.23
0.390031 70.951 98.6338 569.58
0.314989 25.6929 44.8673 305.643
0.330149 10.3237 24.066 198.251
0.497598 98.8754 116.282 577.345
0.630247 62.4461 85.3596 446.073
0.387252 16.1104 32.1172 242.055
0.404807 54.6329 83.8551 469.366
0.496257 76.5977 101.099 568.704
0.327799 42.8233 64.8794 396.807
0.501918 87.6645 107.171 559.101
0.48782 37.9375 56.2026 341.712
0.413656 21.8466 46.9273 317.944
0.438908 28.4504 53.3774 358.59
0.404653 50.3776 66.8101 405.517
0.418808 55.9987 72.4706 400.966
0.367528 77.991 120.715 751.757
0.402356 35.0764 48.3144 316.115
0.439795 144.552 181.552 947.431
0.394847 36.3781 56.9018 352.022
0.300369 21.2965 34.6709 257.817
0.36287 59.0999 90.3728 549.064
0.359182 26.5661 44.4949 306.895
0.344277 24.4905 40.8814 287.552
0.386796 38.1353 55.3829 334.438
0.517796 25.8357 47.6654 309.836
0.444424 47.1312 60.3058 350.404
0.481936 23.3796 45.9021 308.21
0.280897 17.6963 29.9898 236.946
0.451974 51.3021 69.5648 386.583
0.378226 21.8948 35.7796 257.416
0.462033 33.954 57.5737 366.111
0.296609 43.3816 59.6882 376.441
0.346008 15.0299 30.6665 227.022
0.469327 22.8106 43.9946 292.094
0.375688 43.4131 59.6146 374.146
0.409211 94.7243 146.312 891.371
0.483469 39.1795 64.8362 397.985
0.262215 13.4108 25.2144 199.789
0.321084 23.0798 33.9975 243.093
0.509765 37.1076 74.0593 466.114
0.462957 59.3235 81.6301 450.124
0.571194 38.5416 66.0499 386.028
0.325335 23.9406 36.6994 265.131
0.345715 39.2414 55.8105 370.548
0.496712 21.6894 46.8896 304.131
0.61713 75.4221 118.451 585.446
0.32422 25.7964 50.1942 366.404
0.303089 34.344 49.4322 337.449
0.371947 30.245 50.7359 333.985
0.452984 30.5403 48.9984 323.978
0.336653 29.4559 47.5987 341.896
0.378452 56.1161 80.1859 503.074
0.570838 71.9759 117.736 632.622
0.353748 50.3794 84.6546 537.148
0.52339 47.9369 78.8495 468.608
0.486455 66.3041 93.2143 566.092
0.361126 70.228 87.4029 496.414
0.38555 43.2687 58.828 371.584
0.543026 52.0372 78.7915 469.449
0.57063 32.3747 66.4474 409.857
0.290942 17.7918 31.5788 246.843
0.49578 114.901 131.913 618.649
0.521869 118.864 140.165 664.186
0.376517 29.8528 56.1905 378.145
0.488211 36.7734 59.4647 359.484
0.414769 79.3942 99.3514 529.896
0.366315 12.925 28.9893 223.131
0.393966 37.1545 67.0852 431.066
0.466522 63.2643 82.9606 442.553
0.526589 67.6422 99.2548 530.194
0.313704 22.2109 36.5702 275.495
0.374176 31.2679 45.1933 304.34
0.33221 29.1871 49.8774 344.735
0.360048 27.6428 51.3582 349.003
0.339237 26.2754 43.819 316.207
0.44286 38.7328 60.1178 380.639
0.311538 45.9834 64.0273 415.204
0.363208 45.1813 79.8107 517.561
0.423171 26.793 47.7705 324.399
0.46918 42.3966 68.2265 413.495
0.350218 19.0328 41.8966 312.345
0.40506 22.8688 42.8119 298.763
0.410159 28.4327 54.6235 384.076
0.296289 17.255 33.9735 269.121
0.445284 36.5301 58.9325 369.394
0.402675 42.6611 67.9529 426.452
0.339287 42.1844 56.4206 359.59
0.365127 62.93 84.363 471.023
0.319967 48.017 67.4431 429.3
0.411638 91.056 113.961 607.411
0.326265 18.4561 33.4509 250.002
0.420914 22.7747 41.8316 289.098
0.295934 18.9259 31.8933 244.045
0.31036 16.9751 31.316 240.589
0.448623 24.505 43.5584 292.978
0.343067 22.7552 40.1234 293.377
0.327731 16.9711 31.0935 239.808
0.362139 118.453 143.299 699.167
0.316578 21.511 39.6427 285.502
0.327168 19.6431 33.7587 246.439
0.405904 28.1814 46.9296 311.667
0.386594 26.8177 41.4526 278.051
0.407099 280.555 328.689 1386.29
0.370684 78.4293 111.041 690.068
0.692929 210.74 245.433 1044.2
0.531204 32.3054 54.8101 330.281
0.360511 289.693 346.714 1542.36
0.307769 66.5905 85.3361 486.82
0.410139 45.3077 62.1183 365.75
0.391619 26.5202 49.3732 342.098
0.509168 24.7633 46.7656 300.068
0.393716 44.1443 61.4913 382.29
0.341994 43.9715 59.6923 373.999
0.406685 23.1448 41.488 278.591
0.341031 17.9641 33.3923 254.211
0.460238 117.365 143.766 715.913
0.385764 30.1611 54.339 358.164
0.311551 12.4129 26.9731 219.649
0.249369 15.0827 31.3411 252.873
0.284517 22.3472 38.6653 285.964
0.430652 27.153 51.9764 352.407
0.399342 34.1489 53.4012 327.988
0.359976 29.3822 45.9584 307.458
0.387194 36.7975 54.1524 365.071
0.628259 120.987 182.054 943.326
0.489514 67.7265 93.9537 543.019
0.277182 20.4284 34.4538 249.341
0.447549 55.7594 73.3374 414.807
0.361937 15.7424 33.1737 246.798
0.336049 14.4214 28.2391 217.531
0.373685 45.2033 64.2019 386.653
0.274563 31.798 42.2275 278.384
0.484278 100.777 123.092 620.923
0.400014 43.9305 67.4898 440.521
0.37933 19.0898 41.0831 303.683
0.560387 238.796 267.198 1123.95
0.4442 29.7419 48.9241 309.384
0.38582 60.7873 78.1178 426.184
0.43463 15.2986 32.5032 233.599
0.391159 21.8607 36.2966 258.993
0.350219 70.5995 97.5686 581.46
0.431042 26.6612 46.5221 310.25
0.446737 27.1104 48.4563 308.135
0.513842 46.0104 64.4539 387.372
0.248047 9.14366 19.8026 174.617
0.505763 71.5858 105.759 555.376
0.325686 38.1341 50.9234 328.221
0.518816 33.753 56.3976 344.193
0.44381 26.6777 50.2773 341.082
0.368308 14.2795 30.2186 233.202
0.336651 56.3342 85.4361 505.549
0.498643 59.811 74.9754 417.077
0.414332 36.655 62.4172 417.732
0.342109 35.1843 49.9123 325.403
0.396505 46.5073 74.7299 479.495
0.348385 49.9278 68.1397 404.751
0.423289 26.9493 44.4789 301.782
0.397247 45.1271 64.775 392.67
0.476226 41.0179 65.0288 398.04
0.326443 18.5025 33.8024 252.894
0.390546 22.1289 41.7461 296.61
0.429276 20.8331 42.2513 298.631
0.433185 66.8571 86.1483 485.426
0.298849 42.0923 53.5818 325.51
0.414955 17.4174 37.2403 267.978
0.509274 62.6828 82.7596 462.509
0.344036 18.8095 35.8496 259.456
0.469567 47.4078 70.0109 407.036
0.372966 40.2569 63.3839 412.563
0.272713 22.3869 32.9473 243.454
0.313657 27.2882 40.0307 287.537
0.499807 75.9359 93.3218 478.404
0.352675 27.8775 50.2955 348.734
0.412198 93.8551 121.111 631.437
0.463241 36.8724 57.6713 355.546
0.460608 47.823 68.1943 404.012
0.547935 29.7776 53.1188 320.838
0.289664 16.6511 37.6331 298.655
0.310255 33.883 45.7542 297.965
0.535739 280.236 309.268 1226.96
0.524375 34.2209 64.9825 384.7
0.592733 52.6985 85.2492 479.035
0.277405 135.1 169.89 880.026
0.36321 23.4482 42.4651 289.454
0.428841 40.4361 63.2086 384.976
0.436304 119.009 148.27 768.426
0.325926 15.1393 33.3465 257.9
0.490128 30.1472 57.2648 370.191
0.547377 37.4963 64.9672 373.074
0.594898 38.7328 69.3418 409.527
0.500007 25.359 48.7232 321.676
0.529424 78.397 99.7876 512.261
0.364214 16.9477 33.9074 252.649
0.402357 24.7991 39.7334 262.392
0.422221 51.9061 66.9498 382.761
0.281951 16.5387 33.1011 264.529
0.279176 20.4673 33.0306 246.051
0.320705 15.8838 28.1604 220.389
0.258426 33.838 47.9103 324.531
0.559689 89.3796 106.956 535.893
0.276506 23.4626 44.0936 334.117
0.385578 96.6596 116.614 600.289
0.329729 33.1349 51.5941 337.744
0.349581 28.7935 44.4792 305.289
0.372015 28.4373 51.9044 352.807
0.438522 58.9901 78.7493 455.158
0.556914 63.9252 88.2532 470.18
0.422604 29.5899 58.7381 399.746
0.460721 26.0751 44.4032 299.992
0.287982 115.687 137.856 665.384
0.419518 47.5014 65.1948 404.045
0.419577 14.4791 33.6023 249.16
0.270097 15.2309 31.303 247.297
0.288861 16.686 29.4852 235.788
0.564178 66.9048 99.3471 516.956
0.510004 55.2127 87.8062 510.046
0.498842 43.2434 84.612 541.69
0.510055 101.426 120.038 577.587
0.398082 34.5699 53.9485 351.032
0.403432 22.6912 39.0428 269.683
0.415786 104.391 124.495 615.11
0.261913 37.9803 57.055 378.452
0.283027 18.9262 30.6534 236.358
0.318965 13.7765 27.1786 219.209
0.342673 18.3646 36.2133 265.429
0.332834 32.5198 51.7395 356.013
0.310867 12.4908 28.2279 225.831
0.328676 12.9695 27.0636 214.191
0.377681 36.296 67.3547 453.798
0.330843 43.4486 64.7737 444.736
0.243933 13.1763 26.9609 224.402
0.32914 35.2672 47.257 308.982
0.272849 14.14 30.2106 244.601
0.380791 15.1648 36.2174 275.274
0.444874 48.8323 70.9756 412.47
0.544639 103.555 158.079 816.082
0.416026 28.6199 47.2525 315.674
0.416145 31.0772 55.1862 355.568
0.307907 28.1377 39.2047 261.284
0.481256 81.1652 99.2428 530.155
0.30921 31.8259 47.2613 320.797
0.375936 46.2322 65.4763 422.872
0.475735 91.6378 110.581 556.511
0.528639 27.602 54.4739 353.753
0.311845 15.734 28.4497 222.461
0.450512 19.5976 38.3583 262.451
0.408708 36.0851 65.2759 424.503
0.374664 18.0477 37.4901 270.665
0.408271 26.7481 46.6879 314.356
0.42894 16.5609 35.6986 254.292
0.283705 13.7916 28.0216 225.888
0.364719 29.2691 51.1611 333.248
0.282567 20.7025 34.1931 258.847
0.38741 36.0908 51.4273 340.658
0.204311 7.63895 17.6175 161.65
0.411638 47.3381 62.7857 384.937
0.367334 68.0485 93.6717 525.617
0.272141 13.9087 30.2485 244.366
0.324852 21.6152 37.7256 279.453
0.282062 17.0775 29.3607 218.617
0.225225 17.2562 29.0619 237.618
0.468085 133.427 170.805 880.925
0.373125 30.477 45.5829 302.042
0.438193 27.6323 48.2295 323.499
0.416302 22.9963 39.1306 274.018
0.336655 19.2364 34.5139 257.19
0.303877 25.8051 60.8013 461.982
0.324932 18.2149 30.6051 237.611
0.381759 24.0153 42.0236 293.442
0.346336 20.515 35.5948 261.041
0.539244 94.7877 111.785 544.05
0.402043 36.5365 56.4883 348.754
0.383439 23.5199 36.0053 252.71
0.357951 52.955 83.959 541.615
0.356692 18.8083 34.2267 255.372
0.458951 35.3972 53.3454 337.97
0.320902 24.908 41.8255 285.049
0.561661 45.7709 78.4419 457.769
0.404403 172.963 206.658 957.755
0.335728 54.2372 94.3222 535.808
0.324974 31.1598 44.2634 302.118
0.418163 24.8927 41.924 290.464
0.345781 14.1731 28.3637 221.162
0.334152 13.2327 28.6469 229.707
0.28993 33.5431 45.8215 306.108
0.462055 33.2259 60.1937 372.769
0.411894 25.9954 40.3809 270.413
0.448824 37.2946 64.1259 408.008
0.320817 26.7994 39.6974 269.568
0.330077 39.2605 58.4932 388.03
0.211376 12.8998 25.2635 211.781
0.353127 43.2091 67.9747 460.668
0.569017 78.9429 101.963 547.747
0.371172 31.6902 49.0739 334.029
0.337269 55.2583 89.3368 498.183
0.27649 12.5856 22.985 187.615
0.332166 45.8287 58.6298 353.525
0.251933 33.1641 44.7812 294.553
0.481615 27.3468 51.2428 330.666
0.404029 42.1112 71.2972 463.96
0.511269 95.8134 143.311 829.182
0.68594 385.089 418.501 1568.87
0.209036 16.7453 36.342 287.742
0.368085 23.8344 39.6002 270.253
0.293714 74.4368 92.6243 495.8
0.520792 25.192 47.4599 306.788
0.383842 37.8248 55.0358 347.939
0.312628 38.8357 65.9574 435.993
0.496319 28.2133 47.2296 305.855
0.511284 23.6677 47.578 310.43
0.357931 41.1147 59.7294 381.444
0.223519 8.75265 20.886 189.365
0.351844 22.0066 36.7679 267.689
0.505078 128.084 156.759 787.089
0.358916 65.2415 82.6873 464.738
0.38911 74.9903 92.7221 521.943
0.449206 38.1598 55.591 354.461
0.383085 19.6712 40.547 285.499
0.349365 16.2964 31.3321 237.384
0.428331 16.4628 34.4493 248.376
0.481546 91.3909 121.78 636.478
0.219679 60.3157 86.8632 523.653
0.435531 30.0323 54.2727 359.663
0.50019 37.2519 69.7633 445.285
0.528982 63.0246 98.6832 552.789
0.44648 218.007 298.937 1502.86
0.384097 39.4371 52.9598 330.726
0.4368 30.1754 51.5843 325.898
0.455767 25.8473 43.2149 279.815
0.387029 28.5788 46.7253 309.538
0.540822 39.7328 63.29 365.993
0.574598 33.9861 62.9827 363.218
0.339433 12.9411 29.388 226.211
0.460049 55.1892 86.3856 495.888
0.43082 27.1617 50.5382 336.258
0.366645 25.9781 41.8624 295.06
0.696332 527.591 559.313 1879.21
