0.358818 49.558 85.1707 486.045
0.331905 44.3507 71.4342 429.761
0.418547 72.5029 103.885 564.456
0.351526 51.5898 81.0593 480.696
0.357965 107.919 154.278 783.39
0.301531 31.4886 67.5453 451.759
0.533929 236.62 285.536 1166.01
0.389689 92.2355 140.481 783.688
0.399249 50.2045 79.6118 441.544
0.415033 40.1805 97.2255 612.733
0.389125 296.516 342.553 1298.89
0.347954 39.9291 84.3727 533.911
0.410606 70.5421 134.553 727.586
0.378933 29.0608 63.3645 400.725
0.377979 66.0313 101.876 581.08
0.393652 105.827 153.183 720.961
0.393139 64.5354 94.5528 540.067
0.334453 49.9692 100.832 624.995
0.344793 53.2206 110.17 663.121
0.303327 207.071 253.653 1030.2
0.546046 88.2733 159.629 776.005
0.365573 46.9034 86.3726 518.02
0.353816 88.9988 138.103 777.695
0.476971 166 213.89 915.381
0.526337 199.646 238.597 988.782
0.478915 83.8449 167.138 894.105
0.549424 168.529 224.442 989.693
0.574773 58.3091 112.292 576.684
0.429808 64.8816 101.278 579.384
0.232377 26.3877 57.9042 414.997
0.451852 74.1059 131.715 692.615
0.5174 122.798 216.138 1079.8
0.43304 162.059 199.5 877.257
0.303613 40.213 68.0803 441.984
0.403537 63.0737 111.775 637.186
0.347786 28.1226 64.4809 428.219
0.301054 32.2652 65.1538 428.129
0.301637 25.8442 52.7005 376.614
0.462562 42.2887 90.0761 526.768
0.314195 70.6214 107.496 610.034
0.493414 81.0675 146.112 753.237
0.546735 85.0021 134.8 666.129
0.368844 37.0732 68.9672 435.276
0.47351 73.9045 107.974 548.556
0.402485 130.102 162.524 755.704
0.343419 278.825 332.528 1389.93
0.292021 53.5306 79.6013 490.399
0.540331 103.774 151.689 732.628
0.516915 85.643 138.13 692.898
0.403194 284.805 331.058 1220.61
0.449008 32.881 70.4655 438.649
0.505966 83.6824 150.594 739.334
0.34346 35.2676 69.769 451.978
0.34015 32.9489 81.3823 534.96
0.212993 30.782 58.778 418.308
0.303637 36.7148 68.1886 441.344
0.402291 57.7541 110.584 646.384
0.387492 41.2493 72.1367 442.075
0.26413 88.2082 121.296 657.062
0.622329 142.908 252.78 1084.2
0.493355 502.106 600.115 2158.37
0.415352 61.5899 100.443 557.087
0.478495 75.553 139.581 715.758
0.409315 88.0706 140.36 724.469
0.281575 157.238 196.434 884.846
0.424549 79.1381 140.271 747.449
0.415863 46.4465 88.0262 543.831
0.328477 88.7401 134.721 761.908
0.348479 61.7329 107.785 658.039
0.430757 92.5928 129.921 675.427
0.483203 40.0014 90.3309 520.398
0.30114 35.0295 67.7881 437.556
0.41884 30.2454 73.1114 465.858
0.432916 49.6553 91.2 525.378
0.573646 271.351 315.159 1185.4
0.343001 1054.86 1232.64 3866.27
0.439083 60.6205 93.1297 492.87
0.359386 77.935 123.297 682
0.337065 45.3427 75.9016 475.824
0.40798 72.2886 123.448 676.574
0.34729 50.931 94.4704 592.745
0.467991 86.0173 128.988 663.511
0.473665 74.3111 120.385 640.85
0.299474 129.989 189.941 932.363
0.385705 31.1528 74.3093 478.905
0.383313 27.3026 58.9488 385.7
0.395449 82.5781 150.016 789.26
0.410079 31.4016 66.9229 422.672
0.449311 111.275 182.482 874.818
0.335156 71.7524 120.535 743.506
0.407945 53.1683 113.019 661.39
0.59175 144.648 222.543 1027.97
0.488006 223.022 285.733 1236.73
0.409356 54.2278 99.5597 565.871
0.397214 82.7096 158.269 839.782
0.483603 125.805 183.446 869.647
0.297433 21.8082 58.6814 421.359
0.389334 49.392 88.2339 498.059
0.450202 48.1249 105.011 610.582
0.243405 24.6057 54.3382 393.351
0.473452 91.2363 139.725 734.571
0.33212 172.582 213.596 896.277
0.379888 65.6099 92.6233 509.376
0.507146 92.8321 156.594 826.575
0.305216 33.8837 67.3482 458.436
0.389478 42.0587 75.01 446.677
0.512884 380.363 435.642 1507.03
0.438055 37.0211 78.5138 478.714
0.436111 504.74 587.931 2218.8
0.399796 36.0426 71.7365 443.059
0.483108 117.479 168.459 789.31
0.386842 25.9267 59.4338 381.104
0.398935 32.5708 67.026 441.096
0.274923 29.5918 67.1632 467.407
0.490553 182.814 262.664 1168.9
0.306009 18.5354 44.7826 320.725
0.53434 114.659 165.819 796.174
0.479642 89.7502 137.832 687.594
0.464056 67.7629 115.007 620.575
0.383769 87.3052 129.933 676.658
0.421559 42.0581 84.0784 509.807
0.354403 59.435 98.0787 584.896
0.478727 43.2442 90.935 531.372
0.403884 36.601 76.3789 469.494
0.341339 39.4583 75.9156 464.036
0.380224 49.5438 92.1924 553.388
0.222686 64.92 91.4323 508.577
0.433587 46.8016 80.6606 465.356
0.352846 39.952 74.4164 489.11
0.377874 49.6989 90.2668 520.311
0.458679 86.0709 165.932 869.829
0.565896 86.3509 149.877 694.473
0.540893 190.356 262.969 1140.64
0.342104 53.1397 82.5795 477.384
0.387403 28.4675 67.4685 426.822
0.460027 66.2895 111.143 593.085
0.401728 70.0807 102.254 561.448
0.516005 84.5588 139.925 715.453
0.378235 63.4706 104.028 576.282
0.53092 129.773 164.961 747.751
0.31685 103.603 143.906 743.016
0.549773 104.374 154.129 718.493
0.319884 35.6745 74.477 466.123
0.401399 58.0061 89.2648 508.946
0.326344 29.9418 54.0895 353.473
0.441101 88.8764 130.472 674.758
0.42379 86.9779 122.728 633.099
0.331546 98.574 145.187 771.475
0.441112 64.93 112.154 603.781
0.462314 69.0863 113.319 590.999
0.489957 138.603 180.708 844.436
0.399062 59.7182 96.6108 557.675
0.395914 69.2255 103.227 567.675
0.438237 45.5119 90.4476 516.622
0.295764 47.5019 82.4317 507.686
0.417654 49.1104 88.5316 527.129
0.352012 33.7093 70.2392 453.318
0.3127 53.7448 94.5887 545.559
0.329803 33.5783 84.0174 555.779
0.405157 34.0181 64.794 400.795
0.377188 40.8728 76.5717 474.012
0.504429 293.964 341.01 1266.2
0.468978 198.107 242.149 1042.49
0.50373 116.823 155.921 741.678
0.305037 101.147 131.305 666.966
0.333883 143.169 186.444 831.047
0.305229 22.0766 51.1376 353.443
0.369421 33.1054 70.9094 457.111
0.455347 29.7074 67.0816 413.342
0.355787 70.2436 101.284 555.656
0.357058 153.276 189.104 855.84
0.330696 21.5942 51.8017 362.529
0.284181 27.3738 56.2225 396.536
0.474403 56.2905 103.136 557.122
0.452549 99.486 164.465 893.6
0.304186 29.2218 57.2379 395.771
0.475082 225.093 290.744 1261.08
0.498328 202.692 305.912 1338.94
0.369537 32.7053 64.7148 408.74
0.362325 100.64 136.477 688.347
0.331513 111.691 156.114 824.009
0.519692 62.903 120.765 662.261
0.403492 61.662 138.557 785.55
0.481272 67.5281 113.526 615.885
0.333063 240.982 299.726 1297.53
0.442134 100.351 155.657 718.908
0.310339 62.5836 89.982 520.701
0.555642 132.478 185.099 860.635
0.53842 56.2609 117.042 626.632
0.402557 208.129 304.717 1245.2
0.513457 106.751 173.756 809.502
0.520086 512.975 597.035 2128.22
0.318403 32.598 61.5731 389.99
0.450547 39.7816 81.1068 492.472
0.52338 112.514 191.838 908.018
0.3874 30.5629 63.1545 412.061
0.521102 122.751 188.251 912.461
0.307648 50.6561 86.6635 503.325
0.239187 12.9804 34.2481 277.824
0.371396 122.088 169.057 844.758
0.39918 36.6783 72.211 447.089
0.487658 95.4427 173.149 861.029
0.572603 61.291 126.47 633.909
0.486066 56.0745 104.44 578.057
0.464777 150.588 243.539 1117.03
0.308695 29.301 55.772 370.109
0.385113 82.7201 114.913 594.581
0.434511 38.5054 73.8117 442.85
0.387729 56.1611 98.9978 566.681
0.316584 35.284 70.1114 443.771
0.385797 42.8795 96.0815 587.141
0.263355 46.4428 79.3299 490.332
0.38714 100.775 132.378 664.872
0.381751 35.6031 66.1758 416.155
0.305006 36.6391 71.2232 467.823
0.406086 77.2409 142.613 762.916
0.435963 83.3302 115.509 599.221
0.421352 68.3577 114.479 617.035
0.463222 169.874 251.874 1144.02
0.375082 64.0201 113.088 643.62
0.498758 84.1138 128.957 675.793
0.340112 141.217 176.352 814.029
0.382407 46.4886 88.9392 534.733
0.401533 158.945 208.509 954.934
0.370893 62.0692 98.9186 527.543
0.380291 97.6085 146.029 758.463
0.473547 102.656 164.759 784.876
0.411129 134.252 196.002 1038.61
0.344341 64.7859 114.04 630.206
0.376245 64.3693 101.819 582.467
0.422093 63.6861 111.891 628.797
0.469079 87.4891 116.115 584.764
0.483268 105.973 159.039 773.576
0.29932 32.6245 59.9015 395.523
0.526865 167.283 209.341 907.088
0.385986 50.4893 92.9175 572.363
0.508782 62.6734 122.628 694.225
0.491466 207.288 329.395 1514.29
0.483487 354.124 411.618 1518.55
0.386294 48.5757 90.2799 545.607
0.417625 55.2699 91.8203 529.18
0.447701 73.5218 114.89 593.205
0.473394 179.17 216.06 904.111
0.456385 86.4731 144.756 718.592
0.390328 34.3038 71.0583 444.887
0.364429 100.742 138.597 720.436
0.399391 50.4512 77.2452 450.558
0.376291 179.059 232.648 1046.63
0.365972 33.0504 68.6445 442.058
0.433702 52.571 85.8148 490.738
0.479145 94.1685 170.92 839.383
0.317113 37.4424 75.532 483.605
0.399655 28.9177 62.5954 404.988
0.398391 35.0804 71.1365 437.174
0.332938 25.7242 58.1575 393.66
0.541152 94.7024 162.343 776.701
0.370309 215.811 253.251 984.851
0.479451 73.6336 111.769 600.982
0.407942 33.9215 75.9365 492.376
0.347129 69.4036 108.35 605.545
0.3238 74.1103 105.481 608.642
0.447404 35.2002 77.2911 473.351
0.443114 65.7727 118.124 669.232
0.461165 78.8189 139.264 764.377
0.445235 141.625 193.507 955.833
0.427126 114.607 149.301 717.665
0.292724 23.7124 48.2704 354.477
0.506046 76.0411 143.172 720.183
0.425716 56.5498 89.6736 518.516
0.462892 71.1465 109.521 580.793
0.373196 107.022 141.561 706.356
0.420543 123.526 168.701 846.725
0.261861 19.9986 48.4107 367.51
0.466562 31.9034 76.2505 447.937
0.362571 59.6713 92.1008 515.955
0.299528 21.6941 46.667 338.775
0.413493 257.682 305.088 1251.66
0.399637 83.6173 183.692 1032.55
0.553298 205.894 243.612 984.345
0.398278 95.4222 126.266 628.915
0.456172 47.3507 88.2573 495.605
0.404623 34.2896 65.6166 406.372
0.475759 70.1869 119.658 622.376
0.446008 58.6829 118.378 687.188
0.482894 84.6287 140.35 699.807
0.461634 107.792 178.961 882.156
0.379314 26.8395 61.1824 392.256
0.547936 133.177 189.344 890.16
0.361921 47.1077 79.9794 487.691
0.464081 72.3205 132.851 754.602
0.381123 37.2703 77.2432 499.01
0.357438 244.2 293.439 1136.41
0.336503 118.401 166.567 877.083
0.51451 110.842 164.934 766.216
0.484445 67.2011 125.765 633.925
0.465833 108.062 147.712 710.228
0.300869 37.5628 78.4417 520.505
0.348289 48.1875 75.3539 457.899
0.331156 26.6818 61.0026 416.214
0.310402 31.9435 58.3452 389.63
0.382086 42.1828 77.9715 482.56
0.390112 261.416 301.297 1154.24
0.503154 127.926 170.112 815.208
0.405543 74.3265 112.936 568.254
0.366957 86.2719 148.532 774.044
0.402831 93.9886 153.633 804.031
0.300954 35.1716 63.0765 431.221
0.394802 30.2833 65.3341 418.937
0.352492 136.824 193.779 953.49
0.333945 57.8042 95.8248 593.536
0.354621 77.6759 108.748 572.334
0.458462 462.904 509.107 1669.44
0.254202 21.1698 44.4205 323.706
0.410398 31.1797 68.7427 421.426
0.434218 55.4062 95.6964 555.95
0.37148 70.1985 115.71 699.657
0.445028 110.685 152.641 767.358
0.296748 38.219 66.3717 432.12
0.401932 40.3558 81.2715 495.274
0.341112 35.9846 71.1416 473.737
0.442512 54.8262 116.482 656.646
0.380721 107.337 144.288 672.561
0.323455 65.3864 103.478 597.139
0.403833 88.4924 127.488 682.919
0.353519 37.123 65.2355 418.175
0.429255 75.7777 138.338 757.372
0.47507 47.5793 89.787 495.782
0.397176 61.1381 93.093 524.995
0.301808 60.6673 103.666 596.719
0.357782 96.0505 129.129 673.138
0.413724 36.3604 76.8517 480.52
0.521607 39.4307 87.8237 490.638
0.339108 41.5835 76.8728 456.503
0.342086 55.3215 79.6633 467.09
0.360552 37.6995 71.3565 463.085
0.347145 36.2818 81.3059 522.439
0.359756 47.0873 85.0518 488.394
0.410031 104.935 151.796 781.444
0.445651 174.228 234.18 1098.92
0.454156 44.3957 88.3681 518.22
0.424331 30.0774 71.9822 456.847
0.384652 56.5263 96.113 536.635
0.295437 96.1267 132.346 698.738
0.361526 63.8238 89.2681 489.373
0.422982 60.5031 104.357 590.543
0.375399 28.8445 63.1243 421.524
0.48734 211.988 293.53 1283.78
0.538233 41.6598 101.22 564.219
0.462582 586.947 658.269 2182.73
0.390729 168.863 266.607 1323.22
0.405032 28.319 58.8669 375.314
0.343184 109.259 148.572 776.348
0.365569 114.699 149.869 755.049
0.287143 113.081 144.87 683.158
0.418323 71.7624 106.724 571.339
0.290099 37.0089 80.8704 543.082
0.383358 60.4892 104.434 613.734
0.528041 55.7865 118.256 612.055
0.348074 124.532 169.054 805.567
0.371326 23.2893 55.6341 378.458
0.426889 184.039 220.721 928.635
0.440457 62.6623 100.62 535.57
0.533325 267.736 311.661 1197.19
0.373348 94.7809 140.015 761.542
0.433694 75.9093 123.152 688.529
0.380514 55.362 104.472 617.694
0.591932 88.2434 165.428 788.909
0.447313 51.0465 108.239 613.448
0.451021 50.5201 95.289 548.74
0.501805 90.8851 148.662 766.922
0.378472 249.236 309.292 1228.98
0.363865 38.9787 80.7033 524.139
0.529062 213.172 258.293 1061.18
0.507687 153.487 209.788 871.124
0.322598 33.9995 70.588 449.921
0.518423 224.629 258.851 996.571
0.366002 43.6859 82.3981 501.531
0.328167 20.5825 49.4006 345.27
0.210064 197.114 268.66 1140.4
0.413838 269.99 320.516 1190.01
0.378527 50.3623 87.8829 513.241
0.46893 149.721 187.246 850.756
0.406954 88.6755 120.774 644.565
0.431304 43.4722 96.993 561.594
0.371392 236.92 282.338 1142.68
0.382414 42.1336 79.9072 510.36
0.354216 56.2452 110.894 664.022
0.477735 212.84 271.379 1197.45
0.474991 73.0081 121.965 648.361
0.474887 92.3534 137.763 688.503
0.407788 95.9388 132.745 673.058
0.438667 70.1404 106.384 586.251
0.446215 147.193 200.722 933.469
0.409692 130.02 194.801 974.562
0.363533 82.7054 117.151 632.549
0.320087 100.347 143.226 731.532
0.371041 60.9475 84.5618 478.029
0.443188 33.8154 76.1916 467.937
0.435685 213.721 255.362 1050.22
0.380681 38.9113 81.7723 495.781
0.55281 149.564 206.39 924.12
0.413311 49.2865 103.655 619.143
0.428952 81.27 131 656.956
0.396629 131.149 181.052 869.395
0.439635 39.7714 78.5919 474.391
0.385537 36.4983 79.9966 480.143
0.404423 97.8214 134.545 691.249
0.395871 87.4155 123.786 641.98
0.375012 32.8222 65.7487 417.346
0.374727 377.568 440.443 1700.66
0.381326 63.404 105.412 589.064
0.416713 84.2637 122.119 625.614
0.578451 110.491 182.09 842.08
0.537188 120.73 210.84 1005.39
0.288225 20.2144 49.6421 363.723
0.433042 61.2591 102.74 566.726
0.436334 43.3755 86.2214 514.68
0.426203 91.1262 182.198 977.244
0.391192 41.5398 76.7805 456.325
0.463486 75.5625 121.82 624.098
0.271864 40.3933 75.0325 474.102
0.385607 41.3468 80.4829 482.187
0.437986 49.5064 81.3077 470.763
0.452229 56.3449 104.2 566.955
0.319991 176.627 226.819 1071.91
0.411181 139.816 174.716 786.546
0.425742 67.2134 112.049 671.136
0.317829 48.6134 77.4748 465.095
0.432318 50.0921 97.2233 563.729
0.313176 254.823 319.056 1371.56
0.43726 41.0178 86.0423 505.024
0.308016 54.2773 83.5472 487.43
0.475457 83.0456 125.607 630.366
0.379541 208.048 241.629 958.914
0.366612 32.0208 76.6501 495.695
0.506411 305.469 364.288 1404.52
0.392611 44.4545 87.9092 529.94
0.3811 86.4125 126.354 656.146
0.40847 76.0064 108.495 580.392
0.366 259.341 323.902 1433.55
0.492221 85.8573 138.047 707.537
0.342733 29.9204 72.9431 498.948
0.315578 19.4226 48.2485 349.56
0.558654 221.76 282.5 1095.07
0.299561 34.0043 58.0252 371.32
0.362146 75.4669 106.362 561.612
0.42137 53.0375 88.1436 500.537
0.484926 108.47 145.554 714.52
0.399547 112.395 148.261 760.92
0.403828 62.2111 116.557 641.881
0.414557 80.1655 110.857 559.498
0.274566 27.4097 56.4923 383.831
0.291529 26.0875 55.1363 399.547
0.416683 39.4651 78.1987 490.964
0.327435 272.816 338.263 1378.11
0.433786 29.4798 69.6431 421.959
0.373597 28.2914 67.0274 444.351
0.343494 29.2589 68.8526 440.664
0.264898 21.1303 45.8352 331.536
0.434292 38.3126 79.1722 471.861
0.34497 30.4575 67.9796 443.459
0.44095 59.6576 122.024 675.351
0.507876 88.538 139.488 681.082
0.457428 52.7841 102.419 567.532
0.400937 83.0719 138.449 739.29
0.283722 35.2836 70.7831 463.651
0.343226 26.8062 60.2391 385.19
0.324061 35.8698 63.1536 394.725
0.420369 131.11 210.944 1014.19
0.450981 63.0412 100.641 527.984
0.463508 50.7131 104.317 587.681
0.397584 91.5716 131.54 714.028
0.377331 81.3584 123.415 676.259
0.319434 63.5898 119.728 685.906
0.319711 1260.35 1518.24 4867.1
0.535882 53.3913 108.315 579.815
0.340339 29.0902 59.2842 399.915
0.406584 27.6874 61.7753 403.447
0.471237 88.4094 122.127 609.731
0.428219 30.1673 69.5039 436.452
0.395452 101.205 141.035 721.677
0.608865 260.747 321.246 1298.67
0.406206 37.7368 73.0482 461.624
0.55463 166.877 228.921 1018.97
0.332758 100.238 132.267 667.297
0.316716 41.6251 66.3202 418.196
0.427192 84.4915 120.107 632.897
0.325666 37.4634 87.1712 532.383
0.443532 32.5607 72.0749 445.217
0.367209 74.69 117.023 606.916
0.362894 20.4738 52.8573 367.615
0.435838 103.048 167.337 835.193
0.395856 41.8563 74.365 450.554
0.392207 34.0872 73.5616 469.324
0.434812 97.4812 140.389 716.937
0.415215 49.4271 92.6881 529.772
0.405649 83.5345 114.63 599.283
0.378651 51.907 98.977 562.61
0.441435 31.5597 72.5046 434.234
0.348415 63.4871 99.5918 568.615
0.563202 102.031 173.209 846.672
0.390592 38.9388 77.0188 451.487
0.392246 50.1163 80.2829 482.858
0.372445 32.061 69.9938 451.868
0.415114 66.1783 94.6367 509.508
0.310627 32.186 58.3957 383.923
0.425064 71.1454 122.717 654.483
0.390289 32.2209 65.8674 412.708
0.356399 105.943 161.76 860.218
0.39885 56.5747 90.2766 533.65
0.263928 101.767 129.747 645.232
0.430746 56.3465 101.535 574.135
0.377025 32.4852 62.3234 398.002
0.336131 76.1999 125.771 714.212
0.336168 46.2131 79.2838 492.741
0.298941 67.7659 96.9336 537.316
0.373183 27.0171 55.0143 364.124
0.398808 30.0686 67.5902 433.129
0.36674 47.726 79.7813 475.246
0.461418 36.5325 82.213 485.748
0.339896 118.769 168.564 838.913
0.437621 32.3977 75.1675 465.815
0.272372 34.5243 63.3866 436.394
0.359615 43.4936 84.1059 531.27
0.362944 50.0729 85.588 509.39
0.353979 41.1306 79.0553 479.827
0.457691 2254.24 2482.89 6671.33
0.434384 88.0275 150.434 817.117
0.325257 67.115 121.995 732.299
0.448495 79.1483 137.851 730.574
0.484827 89.9494 145.356 743.86
0.535664 59.4409 118.497 627.905
0.355267 24.777 56.9287 375.435
0.454026 54.6928 114.806 638.352
0.344525 150.829 226.608 1079.96
0.375581 39.4765 82.9146 492.912
0.556424 63.0655 121.993 621.425
0.414207 92.3522 124.67 643.433
0.412969 84.9023 126.361 614.924
0.313542 32.7695 72.2371 486.017
0.317341 46.0217 84.5477 513.2
0.353674 25.5335 58.3995 406.929
0.322804 79.8498 111.46 613.002
0.368107 28.2116 66.4617 437.552
0.326591 40.0117 67.4036 415.08
0.375971 304.57 379.513 1436.24
0.561815 159.576 198.091 838.292
0.355988 52.032 96.0067 587.918
0.330641 26.6738 54.2467 376.428
0.560781 135.947 192.651 895.191
0.560237 113.403 162.766 777.919
0.39894 313.67 448.295 1765.22
0.396665 57.1402 96.7421 541.749
0.277147 106.109 143.213 685.68
0.547255 83.1648 143.613 715.756
0.338151 31.2977 68.518 445.25
0.404817 53.9193 95.9747 556.528
0.248796 25.1459 48.0315 338
0.465833 114.363 155.681 751.873
0.414011 42.4928 82.0201 498.79
0.450229 51.2639 103.305 574.503
0.424611 75.436 108.982 581.566
0.385504 41.3318 71.366 437.383
0.369502 54.1683 87.9483 529.901
0.409239 102.655 179.009 940.923
0.270626 23.4535 42.5084 307.912
0.568544 225.015 380.807 1681.26
0.295459 28.563 55.251 383.134
0.38783 50.6912 81.2636 466.27
0.491364 184.622 265.429 1202.11
0.406079 45.3578 79.2428 481.525
0.471934 44.1284 101.669 599.849
0.33251 30.1866 67.7435 445.475
0.420095 130.955 170.853 779.91
0.323464 38.1358 72.5503 469.296
0.432096 58.8154 118.534 652.24
0.475017 123.272 169.943 788.22
0.316164 806.99 1026.57 3483.12
0.457953 59.2758 119.463 679.656
0.471633 50.1448 109.744 628.956
0.393356 47.2796 81.501 490.094
0.533863 118.465 168.955 787.891
0.40262 155.057 196.403 848.59
0.29765 78.5691 134.131 762.103
0.446188 74.5919 129.47 690.24
0.33265 31.4321 65.2704 419.171
0.279665 36.9083 69.8108 461.03
0.38874 29.2452 77.7363 516.391
0.384432 53.1072 103.236 598.396
0.485803 68.0536 108.898 565.478
0.582109 68.4617 136.635 694.962
0.366113 145.467 195.089 931.058
0.598074 71.221 152.183 774.017
0.480676 70.0079 113.62 610.373
0.384618 78.3203 113.14 621.513
0.486996 59.9327 114.018 641.027
0.535559 71.3568 124.836 619.222
0.311951 28.3727 63.1898 428.096
0.39468 50.7263 86.6227 522.139
0.488986 74.4453 126.912 630.859
0.325268 39.3918 64.4922 416.388
0.429211 115.465 159.938 791.161
0.322256 71.4239 99.655 562.778
0.478377 129.757 166.616 753.86
0.345981 26.1144 63.3801 442.364
0.582279 109.86 169.732 818.724
0.388668 36.4235 67.9955 431.874
0.526161 162.065 194.639 799.3
0.446729 54.3543 100.046 571.347
0.363712 69.7204 102.183 550.015
0.347385 64.1454 107.309 608.508
0.434323 67.1155 111.285 636.341
0.450299 104.575 150.248 754.142
0.326955 48.2329 75.317 457.966
0.390156 232.105 281.298 1121.94
0.374194 105.436 139.701 701.25
0.383804 94.208 133.715 680.156
0.37791 59.1421 101.483 582.268
0.482319 52.6403 95.2701 524.32
0.539529 473.007 532.474 1742.04
0.27694 62.4222 91.0492 529.316
0.473272 54.4075 98.7378 552.396
0.448327 72.3365 115.253 608.876
0.354694 960.317 1093.46 3362.41
0.332856 190.187 268.6 1275.28
0.31066 30.0248 69.7007 463.705
0.45031 77.5282 106.632 542.303
0.34167 1159.71 1392.01 4455.4
0.334225 119.052 181.708 989.051
0.250244 33.4306 62.2277 411.869
0.379561 102.615 132.899 660.021
0.352231 48.7624 78.9995 470.965
0.382391 39.9454 67.8758 420.954
0.508765 172.311 219.183 951.165
0.495823 39.4854 90.0565 505.389
0.316319 36.1222 63.5031 413.982
0.357299 22.6605 55.4127 375.302
0.332321 158.103 193.667 857.755
0.512807 82.9593 169.658 880.67
0.517216 90.6855 145.519 705.126
0.519333 62.0396 117.252 644.137
0.520515 111.51 164.506 773.907
0.349629 126.084 161.591 771.791
0.370945 67.1387 104.548 562.857
0.29981 33.5061 60.2906 382.255
0.316826 28.0562 59.508 405.038
0.42343 78.0452 143.986 814.594
0.524184 169.901 252.557 1078.49
0.445242 57.2794 101.125 575.62
0.385415 54.5356 83.9254 478.792
0.383074 40.3682 75.0253 467.126
0.399869 51.0066 104.749 638.961
0.404102 47.7261 91.6806 531.238
0.501429 63.5138 120.124 612.409
0.474643 87.8109 118.363 589.201
0.41535 98.8363 148.361 773.143
0.283203 31.3702 59.3352 389.382
0.373494 27.5396 63.4383 415.549
0.360245 43.9428 79.7782 504.138
0.471882 1015.35 1194.63 3734.65
0.334387 34.9743 68.0004 433.11
0.36547 136.418 166.381 727.762
0.606289 81.9914 141.773 684.701
0.424349 60.2834 101.505 570.6
0.439864 99.6539 146.025 743.422
0.350145 57.5989 92.4768 523.268
0.476599 110.302 142.599 669.378
0.47413 64.0187 125.743 678.036
0.448304 37.7353 83.2814 512.576
0.421911 67.9644 108.022 616.118
0.376875 81.6206 110.99 586.806
0.431614 46.5011 81.238 476.725
0.404157 188.05 271.475 1289.13
0.318279 118.596 156.228 767.113
0.426236 83.6482 142.869 758.953
0.369965 131.268 171.627 796.692
0.356945 46.2412 75.7022 445.04
0.512365 67.5716 107.301 561.052
0.484658 37.3926 82.5934 484.823
0.32062 34.0216 65.4427 420.918
0.399372 32.5316 78.1289 482.488
0.399257 39.7496 83.2891 521.574
0.307359 55.4695 84.5683 503.951
0.435402 178.886 214.783 922.747
0.434443 63.6843 104.619 578.914
0.445079 96.4501 165.919 893.78
0.290174 33.5708 69.9101 453.298
0.552453 403.16 448.785 1424.08
0.341048 64.8436 91.0796 494.506
0.400352 38.0719 82.3475 486.14
0.397624 164.997 248.127 1210.88
0.372742 89.8711 122.195 639.761
0.356424 54.5955 106.596 656.968
0.352374 50.9983 95.3011 581.331
0.259864 32.8364 64.2541 438.512
0.313796 61.9473 94.3135 549.478
0.510759 169.044 215.725 963.271
0.265414 109.646 147.404 727.39
0.500103 109.897 177.922 869.882
0.4464 142.418 180.613 835.328
0.292903 31.4042 57.3029 383.749
0.366297 59.6268 102.139 602.75
0.442958 73.4448 108.317 558.461
0.430467 45.0437 89.3261 527.267
0.294324 43.5065 76.7169 494.414
0.540614 82.1447 129.959 662.077
0.421326 101.144 173.735 927.822
0.321953 46.0552 94.9252 601.991
0.407534 56.6976 97.7626 551.163
0.373445 59.1166 110.009 630.864
0.385158 74.8016 126.05 733.622
0.436644 90.5286 126.85 638.651
0.500552 117.756 183.32 896.896
0.537027 131.834 227.879 1149.01
0.371084 50.5703 75.8614 437.434
0.506555 66.7815 116.627 634.657
0.468295 39.7612 91.5807 525.953
0.451454 255.772 294.566 1122.39
0.427781 138.624 172.132 772.379
0.394074 49.0974 92.9892 537.995
0.429854 95.3608 136.735 705.724
0.419456 59.1561 101.103 571.56
0.431168 80.9081 116.697 594.262
0.483729 315.514 381.309 1564.01
0.381863 33.1501 70.6498 447.44
0.308977 35.121 65.9677 456.634
0.413344 48.589 94.5234 541.396
0.358207 46.5423 87.8866 550.261
0.34537 85.2956 119.513 642.896
0.397589 61.305 112.962 637.422
0.418263 90.5161 162.388 837.695
0.391214 50.5083 90.9581 541.86
0.4248 59.9772 109.107 625.724
0.346436 51.2045 78.0531 457.842
0.435596 59.693 105.304 600.772
0.416912 60.4774 125.478 729.135
0.382961 47.1372 74.2444 441.884
0.273168 48.1506 70.3747 437.915
0.464098 42.8438 77.8446 455.689
0.55198 94.1917 178.811 875.39
0.483304 83.3958 121.224 607.241
0.518215 254.843 309.88 1289.2
0.404464 66.2788 120.691 656.418
0.407419 121.467 188.001 947.283
0.463685 70.2171 126.78 667.654
0.406792 81.2504 132.891 685.664
0.43008 57.9322 97.9163 545.014
0.507885 240.71 293.264 1159.16
0.418521 91.0658 157.109 870.332
0.433116 198.451 260.108 1231.63
0.372801 84.2185 124.576 621.108
0.374417 116.19 147.121 705.255
0.346241 27.398 61.64 404.636
0.413725 39.7261 76.3093 469.684
0.304641 50.4217 99.5908 630.644
0.430717 42.6877 79.6819 473.753
0.33084 47.2489 88.5343 553.454
0.353731 153.628 187.115 809.638
0.309071 289.565 348.122 1361.98
0.367709 59.5991 91.2502 533.489
0.411296 98.3974 150.494 797.756
0.354614 327.199 412.977 1554.08
0.525096 89.473 169.174 862.21
0.465284 60.3064 105.277 556.994
0.431148 401.789 479.604 1700.97
0.320967 52.123 78.5401 456.99
0.438036 37.9538 83.598 494.023
0.404798 34.764 68.3536 420.406
0.415661 65.7127 133.22 742.152
0.377024 48.5481 85.727 509.684
0.488149 281.328 371.696 1587.5
0.306797 30.8718 68.5213 442.757
0.28179 20.5247 46.3864 342.687
0.303671 31.1123 65.4427 440.779
0.427752 36.0018 82.7409 495.313
0.344198 37.7938 67.6003 412.611
0.42364 65.7138 123.256 706.027
0.529717 143.911 223.515 1023.42
0.33625 72.0621 124.098 700.736
0.441815 71.0078 104.276 563.713
0.312301 80.7038 108.049 564.866
0.413555 62.4024 98.7799 540.463
0.336282 45.3174 74.3732 444.807
0.409843 36.672 72.0039 438.426
0.419948 61.4358 97.1043 570.761
0.401836 45.0066 77.3762 466.861
0.472763 50.8604 98.6459 560.885
0.410584 38.8611 77.943 470.972
0.337746 107.937 164.426 914.155
0.296259 113.253 145.595 700.875
0.359798 43.6286 83.823 526.917
0.316943 27.9836 51.023 342.313
0.472815 121.302 180.517 845.795
0.344117 30.4885 59.8359 390.013
0.447807 58.5186 97.6347 554.965
0.354114 67.0482 110.263 596.723
0.437982 50.7167 98.8266 537.284
0.318418 29.1022 56.1381 379.047
0.398857 63.4019 99.6399 571.204
0.407173 72.798 126.956 706.196
0.386758 76.5247 107.914 565.049
0.414922 88.3872 124.061 643.361
0.386086 96.229 144.057 778.335
0.384942 48.8039 76.3367 445.215
0.539468 63.8665 143.798 775.733
0.313843 29.3672 56.4553 374.814
0.382745 84.1879 118.163 620.419
0.514648 44.3859 89.5855 504.914
0.387512 31.5759 75.7772 482.515
0.357704 78.5458 109.625 589.515
0.509648 81.0455 120.614 629.61
0.320856 58.6579 107.436 620.589
0.413956 51.1045 96.1137 571.02
0.379016 68.2099 107.359 616.287
0.492067 64.5119 107.821 568.428
0.400855 66.9219 124.268 729.791
0.359738 25.7284 58.5808 392.035
0.405079 30.0593 67.8831 432.264
0.440202 86.7277 137.406 757.399
0.355178 60.3174 94.9802 534.891
0.439491 73.1534 110.709 606.028
0.408381 34.6529 76.1413 452.645
0.439112 120.583 170.121 827.943
0.275723 28.1767 50.9721 362.619
0.360409 38.5959 74.3581 471.886
0.536196 105.144 177.849 889.556
0.334558 111.938 149.199 721.009
0.480468 58.3112 101.575 529.107
0.495217 66.0265 110.82 601.074
0.288741 21.757 59.439 433.833
0.45738 67.0246 117.911 626.864
0.55493 101.919 191.003 947.231
0.425263 59.5784 104.298 560.955
0.423784 215.043 288.808 1285.81
0.408817 124.845 167.662 797.258
0.459654 153.08 196.162 899.721
0.298501 61.8443 87.5994 512.798
0.369041 33.4592 67.3592 422.098
0.456615 64.4802 99.15 537.826
0.357671 63.9785 108.666 598.619
0.269228 24.0131 53.7085 401.826
0.469107 102.642 134.936 636.789
0.420601 52.3443 85.8458 488.529
0.345226 83.4366 126.465 705.533
0.467219 123.262 154.984 711.361
0.402875 29.9951 64.797 401.52
0.398349 58.5421 94.3465 511.276
0.354258 23.4453 55.9057 373.83
0.478813 76.7996 132.852 685.78
0.410539 62.6785 103.666 599.344
0.488936 66.5359 138.214 773.773
0.671894 76.4924 168.221 793.37
0.526806 90.3362 132.567 667.835
0.462476 36.1832 77.1809 455.05
0.357738 35.1802 66.8392 440.493
0.403277 68.0156 97.2455 516.49
0.271916 28.3788 59.0705 402.952
0.365193 23.485 50.2035 341.523
0.311421 48.9744 73.6243 444.167
0.340445 97.7698 133.84 719.939
0.441276 140.166 173.224 783.104
0.357616 27.9489 64.9005 433.487
0.317856 60.0718 92.9659 560.504
0.415615 74.2971 112.214 605.406
0.485608 184.924 240.006 1086.19
0.476337 45.9437 89.2224 523.642
0.31462 153.132 187.666 848.223
0.411941 36.532 72.2865 432.571
0.341336 47.7525 84.8356 500.515
0.357539 43.7732 83.6823 488.193
0.487667 49.622 91.5626 524.304
0.460038 59.1176 121.954 684.566
0.517614 61.7888 119.515 641.722
0.400438 139.043 176.069 837.376
0.343022 121.062 155.54 745.845
0.279527 56.6957 83.2032 493.815
0.283514 26.1752 57.2569 404.07
0.443641 40.0891 89.1887 527.653
0.309906 23.4963 49.7924 346.469
0.328255 20.2584 47.3162 338.405
0.367708 47.4759 100.456 636.6
0.25933 43.7761 68.4817 441.173
0.337324 46.3988 81.6162 505.365
0.30439 32.6736 68.2586 470.818
0.456775 65.8292 106.674 583.462
0.510051 281.369 341.455 1340.61
0.307871 86.9578 132.376 757.637
0.332359 243.554 305.706 1216.18
0.34002 26.4957 59.5585 399.322
0.388134 70.4572 99.1576 548.093
0.283075 65.9086 107.143 572.438
0.215851 30.2183 52.5011 339.713
0.364683 269.576 325.412 1263.45
0.375211 83.9547 110.197 581.657
0.548696 91.2893 143.087 708.016
0.383969 110.172 152.547 730.869
0.430207 79.6958 120.902 655.318
0.444769 344.864 547.896 2326.51
0.447285 143.152 173.07 739.456
0.420828 56.2409 101.082 593.025
0.427301 45.4193 91.0824 518.449
0.345629 91.6272 118.461 606.765
0.39798 82.2834 135.45 720.433
0.3741 24.334 58.04 399.23
0.561575 56.0138 117.879 632.597
0.365722 37.2755 67.8787 426.449
0.458723 41.5898 87.1362 512.334
0.356304 146.863 180.204 814.148
0.451773 38.116 85.7059 496.707
0.345913 78.4469 103.074 537.793
0.347577 36.7581 74.6596 457.442
0.317965 30.1349 59.5947 399.123
0.28407 78.4516 121.788 653.776
0.485027 122.648 177.721 868.694
0.264865 32.5144 64.9224 448.621
0.358125 34.8601 75.6478 490.697
0.253813 19.4166 41.9408 316.02
0.354818 75.0358 133.679 736.744
0.404162 43.2089 74.6796 436.314
0.416301 48.1556 94.3354 565.54
0.440528 146.625 238.329 1134.78
0.305203 32.7378 83.9521 595.383
0.376684 81.5425 127.139 705.674
0.360018 27.5489 68.2025 453.741
0.577322 135.269 180.172 801.864
0.400733 190.408 229.644 974.49
0.357022 115.902 178.639 957.332
0.395599 34.3994 71.2617 444.707
0.376778 42.3632 86.0812 500.869
0.510139 58.0331 121.139 659.723
0.35948 216.169 265.236 1090.64
0.353434 78.9871 114.821 634.662
0.405766 31.6337 64.6503 412.806
0.37027 34.3039 69.3177 446.432
0.296386 43.2366 66.7375 427.749
0.512478 54.5796 116.461 620.135
0.398488 36.1114 85.9567 553.324
0.297098 38.763 77.2854 514.366
0.533315 223.327 289.771 1136.85
0.445062 54.2065 88.6984 500.971
0.358335 283.54 351.946 1311.32
0.41282 124.128 162.473 778.331
0.360999 63.0122 122.958 705.253
0.413962 35.7246 75.1972 445.255
0.354898 50.0008 82.6266 509.822
0.391465 32.0469 63.0301 387.351
0.402765 50.4116 97.9716 554.323
0.486774 83.3697 129.319 660.394
0.349526 24.2036 51.991 357.439
0.39224 43.3509 86.3901 550.727
0.397614 46.906 89.7916 532.336
0.326228 47.4938 77.5014 484.094
0.275392 29.1714 62.6394 425.95
0.408016 62.2438 100.585 559.078
0.442702 75.6018 125.263 637.109
0.364529 77.2635 148.488 790.826
0.267644 29.6767 52.192 371.673
0.305307 54.7373 93.8017 559.811
0.447341 42.4296 89.7024 514.895
0.447081 114.532 172.585 938.504
0.645917 497.255 721.643 2543.78
0.232385 73.8644 135.469 816.945
0.425522 123.108 193.438 890.883
0.449392 58.5908 94.7781 517.342
0.31517 39.0282 69.9963 441.102
0.439438 55.4817 96.3706 575.907
0.47067 47.1385 88.2044 495.915
0.269355 34.9017 64.2507 420.113
0.320072 26.941 60.4634 425.001
0.498407 164.546 212.482 964.507
0.329794 82.9411 129.996 740.036
0.431499 66.2027 114.68 667.984
0.441128 34.2231 76.665 462.071
0.389396 25.9989 58.1532 370.01
0.37657 105.232 146.536 721.323
0.358365 106.403 142.828 744.957
0.41548 43.1872 92.7557 570.81
0.578233 88.2492 157.764 790.763
0.389707 267.268 309.54 1200.81
0.454204 42.1748 88.8624 504.934
0.485063 48.4658 98.1629 533.52
0.41768 47.2823 84.3992 469.511
0.529416 57.0367 106.568 572.958
0.356614 51.3081 97.8998 565.221
0.41004 34.0037 72.5352 448.042
0.440194 107.859 136.082 641.395
0.463934 128.555 190.554 915.668
0.423533 141.79 244.766 1164.03
0.308884 66.2434 90.2565 501.918
0.341067 26.4333 65.2515 432.772
0.345661 271.423 324.808 1262.44
0.40014 67.31 120.7 671.154
0.345308 40.5751 67.8468 438.906
0.375277 46.3707 86.298 508.383
0.439154 78.8664 141.619 768.501
0.313834 41.5607 62.0223 386.528
0.383656 34.7827 68.5227 440.365
0.423048 42.3069 91.2065 543.714
0.341162 46.9991 79.9233 491.012
0.616516 81.868 154.684 747.869
