0 55.8691 1 0 0 0 1 0 0 0 0 0 0 0 0
0.008 55.8691 1 0 0 -0.242268 0.970209 0 0 0.00701019 0 0 46.9476 0 0
0.016 55.8691 1 0 0 -0.328169 0.944619 0 0 0.00957814 0 0 4.80336 0 0
0.024 55.8691 1 0 0 -0.284945 0.958544 0 0 0.0082775 0 0 -21.5459 -0 0
0.032 55.8691 1 0 0 -0.167675 0.985842 0 0 0.00482692 0 0 -35.5217 -0 0
0.04 55.8691 1 0 0 -0.00773334 0.99997 0 0 0.000223039 0 0 -43.1892 -0 0
0.048 55.8691 1 0 0 0.17489 0.984588 0 0 -0.00503383 0 0 -47.6601 0 0
0.056 55.8691 1 0 0 0.364406 0.93124 0 0 -0.0106825 0 0 -50.4085 0 0
0.064 55.8691 1 0 0 0.54701 0.837126 0 0 -0.0165774 0 0 -52.1677 0 0
0.072 55.8691 1 0 0 0.710475 0.703722 0 0 -0.0226325 0 0 -53.3275 0 0
0.08 55.8691 1 0 0 0.844316 0.535845 0 0 -0.0287945 0 0 -54.1086 0 0
0.088 55.8691 1 0 0 0.940104 0.340888 0 0 -0.0350291 0 0 -54.6428 0 0
0.096 55.8691 1 0 0 0.991759 0.128116 0 0 -0.0413137 0 0 -55.0122 0 0
0.104 55.8691 1 0 0 0.995759 -0.0920023 0 0 -0.047633 0 0 -55.2696 0 0
0.112 55.8691 1 0 0 0.951235 -0.308467 0 0 -0.0539765 0 0 -55.4499 0 0
0.12 55.8691 1 0 0 0.859951 -0.510377 0 0 -0.0603371 0 0 -55.5768 0 0
0.128 55.8691 1 0 0 0.726154 -0.687532 0 0 -0.0667097 0 0 -55.6663 0 0
0.136 55.8691 1 0 0 0.556323 -0.830966 0 0 -0.0730907 0 0 -55.7296 0 0
0.144 55.8691 1 0 0 0.358805 -0.933412 0 0 -0.0794778 0 0 -55.7744 0 0
0.152 55.8691 1 0 0 0.143377 -0.989668 0 0 -0.0858691 0 0 -55.8061 0 0
0.16 55.8691 1 0 0 -0.0792632 -0.996854 0 0 -0.0922634 0 0 -55.8286 0 0
0.168 55.8691 1 0 0 -0.298042 -0.954553 0 0 -0.0986598 0 0 -55.8446 0 0
0.176 55.8691 1 0 0 -0.502067 -0.864829 0 0 -0.105058 0 0 -55.8559 0 0
0.184 55.8691 1 0 0 -0.681179 -0.732117 0 0 -0.111457 0 0 -55.8639 0 0
0.192 55.8691 1 0 0 -0.826456 -0.563001 0 0 -0.117857 0 0 -55.8697 0 0
0.2 55.8691 1 0 0 -0.93066 -0.365884 0 0 -0.124257 0 0 -55.8737 0 0
0.208 55.8691 1 0 0 -0.9886 -0.150565 0 0 -0.130658 0 0 -55.8766 0 0
0.216 55.8691 1 0 0 -0.997387 0.0722507 0 0 -0.137059 0 0 -55.8786 -0 0
0.224 55.8691 1 0 0 -0.956577 0.29148 0 0 -0.14346 0 0 -55.8801 -0 0
0.232 55.8691 1 0 0 -0.868197 0.496219 0 0 -0.149861 0 0 -55.8811 -0 0
0.24 55.8691 1 0 0 -0.736641 0.676284 0 0 -0.156263 0 0 -55.8819 -0 0
0.248 55.8691 1 0 0 -0.568449 0.822718 0 0 -0.162664 0 0 -55.8824 -0 0
0.256 55.8691 1 0 0 -0.371986 0.928239 0 0 -0.169066 0 0 -55.8827 -0 0
0.264 55.8691 1 0 0 -0.157021 0.987595 0 0 -0.175467 0 0 -55.883 -0 0
0.272 55.8691 1 0 0 0.0657531 0.997836 0 0 -0.181869 0 0 -55.8832 0 0
0.28 55.8691 1 0 0 0.285258 0.958451 0 0 -0.18827 0 0 -55.8833 0 0
0.288 55.8691 1 0 0 0.490576 0.871398 0 0 -0.194672 0 0 -55.8834 0 0
0.296 55.8691 1 0 0 0.671497 0.741008 0 0 -0.201074 0 0 -55.8835 0 0
0.304 55.8691 1 0 0 0.819021 0.573764 0 0 -0.207475 0 0 -55.8835 0 0
0.312 55.8691 1 0 0 0.925812 0.377984 0 0 -0.213877 0 0 -55.8836 0 0
0.32 55.8691 1 0 0 0.986559 0.163405 0 0 -0.220279 0 0 -55.8836 0 0
0.328 55.8691 1 0 0 0.99824 -0.0593001 0 0 -0.22668 0 0 -55.8836 0 0
0.336 55.8691 1 0 0 0.960275 -0.279056 0 0 -0.233082 0 0 -55.8836 0 0
0.344 55.8691 1 0 0 0.874551 -0.484934 0 0 -0.239484 0 0 -55.8836 0 0
0.352 55.8691 1 0 0 0.745332 -0.666694 0 0 -0.245885 0 0 -55.8836 0 0
0.36 55.8691 1 0 0 0.579044 -0.815296 0 0 -0.252287 0 0 -55.8836 0 0
0.368 55.8691 1 0 0 0.383958 -0.92335 0 0 -0.258689 0 0 -55.8836 0 0
0.376 55.8691 1 0 0 0.169777 -0.985483 0 0 -0.26509 0 0 -55.8837 0 0
0.384 55.8691 1 0 0 -0.0528489 -0.998603 0 0 -0.271492 0 0 -55.8837 0 0
0.392 55.8691 1 0 0 -0.272846 -0.962058 0 0 -0.277894 0 0 -55.8837 0 0
0.4 55.8691 1 0 0 -0.479273 -0.877666 0 0 -0.284295 0 0 -55.8837 0 0
0.408 55.8691 1 0 0 -0.661864 -0.749624 0 0 -0.290697 0 0 -55.8837 0 0
0.416 55.8691 1 0 0 -0.811538 -0.5843 0 0 -0.297099 0 0 -55.8837 0 0
0.424 55.8691 1 0 0 -0.92085 -0.389916 0 0 -0.3035 0 0 -55.8837 0 0
0.432 55.8691 1 0 0 -0.984365 -0.17614 0 0 -0.309902 0 0 -55.8837 0 0
0.44 55.8691 1 0 0 -0.998923 0.0463958 0 0 -0.316304 0 0 -55.8837 -0 0
0.448 55.8691 1 0 0 -0.963801 0.266624 0 0 -0.322705 0 0 -55.8837 -0 0
0.456 55.8691 1 0 0 -0.880744 0.473593 0 0 -0.329107 0 0 -55.8837 -0 0
0.464 55.8691 1 0 0 -0.753884 0.657007 0 0 -0.335509 0 0 -55.8837 -0 0
0.472 55.8691 1 0 0 -0.589531 0.807746 0 0 -0.34191 0 0 -55.8837 -0 0
0.48 55.8691 1 0 0 -0.395858 0.918312 0 0 -0.348312 0 0 -55.8837 -0 0
0.488 55.8691 1 0 0 -0.182496 0.983207 0 0 -0.354714 0 0 -55.8837 -0 0
0.496 55.8691 1 0 0 0.0399409 0.999202 0 0 -0.361115 0 0 -55.8837 0 0
0.504 55.8691 1 0 0 0.260392 0.965503 0 0 -0.367517 0 0 -55.8837 0 0
0.512 55.8691 1 0 0 0.467892 0.883785 0 0 -0.373919 0 0 -55.8837 0 0
0.52 55.8691 1 0 0 0.652123 0.758114 0 0 -0.38032 0 0 -55.8837 0 0
0.528 55.8691 1 0 0 0.80392 0.594737 0 0 -0.386722 0 0 -55.8837 0 0
0.536 55.8691 1 0 0 0.915735 0.401782 0 0 -0.393124 0 0 -55.8837 0 0
0.544 55.8691 1 0 0 0.982007 0.188845 0 0 -0.399525 0 0 -55.8837 0 0
0.552 55.8691 1 0 0 0.999439 -0.0334843 0 0 -0.405927 0 0 -55.8837 0 0
0.56 55.8691 1 0 0 0.967165 -0.254148 0 0 -0.412329 0 0 -55.8837 0 0
0.568 55.8691 1 0 0 0.88679 -0.462173 0 0 -0.41873 0 0 -55.8837 0 0
0.576 55.8691 1 0 0 0.762311 -0.647211 0 0 -0.425132 0 0 -55.8837 0 0
0.584 55.8691 1 0 0 0.599919 -0.800061 0 0 -0.431534 0 0 -55.8837 0 0
0.592 55.8691 1 0 0 0.40769 -0.91312 0 0 -0.437935 0 0 -55.8837 0 0
0.6 55.8691 1 0 0 0.195186 -0.980766 0 0 -0.444337 0 0 -55.8837 0 0
0.608 55.8691 1 0 0 -0.0270263 -0.999635 0 0 -0.450739 0 0 -55.8837 0 0
0.616 55.8691 1 0 0 -0.247894 -0.968787 0 0 -0.45714 0 0 -55.8837 0 0
0.624 55.8691 1 0 0 -0.456433 -0.889758 0 0 -0.463542 0 0 -55.8837 0 0
0.632 55.8691 1 0 0 -0.642272 -0.766477 0 0 -0.469944 0 0 -55.8837 0 0
0.64 55.8691 1 0 0 -0.796168 -0.605076 0 0 -0.476345 0 0 -55.8837 0 0
0.648 55.8691 1 0 0 -0.910467 -0.413582 0 0 -0.482747 0 0 -55.8837 0 0
0.656 55.8691 1 0 0 -0.979485 -0.201518 0 0 -0.489149 0 0 -55.8837 0 0
0.664 55.8691 1 0 0 -0.999788 0.0205672 0 0 -0.49555 0 0 -55.8837 0 0
0.672 55.8691 1 0 0 -0.970369 0.24163 0 0 -0.501952 0 0 -55.8837 -0 0
0.68 55.8691 1 0 0 -0.892688 0.450675 0 0 -0.508354 0 0 -55.8837 -0 0
0.688 55.8691 1 0 0 -0.77061 0.637307 0 0 -0.514755 0 0 -55.8837 -0 0
0.696 55.8691 1 0 0 -0.610207 0.792242 0 0 -0.521157 0 0 -55.8837 -0 0
0.704 55.8691 1 0 0 -0.419455 0.907776 0 0 -0.527559 0 0 -55.8837 -0 0
0.712 55.8691 1 0 0 -0.207843 0.978162 0 0 -0.533961 0 0 -55.8837 -0 0
0.72 55.8691 1 0 0 0.0141072 0.9999 0 0 -0.540362 0 0 -55.8837 -0 0
0.728 55.8691 1 0 0 0.235355 0.971909 0 0 -0.546764 0 0 -55.8837 0 0
0.736 55.8691 1 0 0 0.444898 0.895581 0 0 -0.553166 0 0 -55.8837 0 0
0.744 55.8691 1 0 0 0.632314 0.774712 0 0 -0.559567 0 0 -55.8837 0 0
0.752 55.8691 1 0 0 0.788283 0.615313 0 0 -0.565969 0 0 -55.8837 0 0
0.76 55.8691 1 0 0 0.905047 0.425312 0 0 -0.572371 0 0 -55.8837 0 0
0.768 55.8691 1 0 0 0.976799 0.214158 0 0 -0.578772 0 0 -55.8837 0 0
0.776 55.8691 1 0 0 0.999971 -0.0076466 0 0 -0.585174 0 0 -55.8837 0 0
0.784 55.8691 1 0 0 0.97341 -0.229071 0 0 -0.591576 0 0 -55.8837 0 0
0.792 55.8691 1 0 0 0.898437 -0.439103 0 0 -0.597977 0 0 -55.8837 0 0
0.8 55.8691 1 0 0 0.778781 -0.627296 0 0 -0.604379 0 0 -55.8837 0 0
0.808 55.8691 1 0 0 0.620393 -0.784291 0 0 -0.610781 0 0 -55.8837 0 0
0.816 55.8691 1 0 0 0.43115 -0.90228 0 0 -0.617182 0 0 -55.8837 0 0
0.824 55.8691 1 0 0 0.220465 -0.975395 0 0 -0.623584 0 0 -55.8837 0 0
0.832 55.8691 1 0 0 -0.00118571 -0.999999 0 0 -0.629986 0 0 -55.8837 0 0
0.84 55.8691 1 0 0 -0.222777 -0.974869 0 0 -0.636387 0 0 -55.8837 0 0
0.848 55.8691 1 0 0 -0.433289 -0.901255 0 0 -0.642789 0 0 -55.8837 0 0
0.856 55.8691 1 0 0 -0.622251 -0.782818 0 0 -0.649191 0 0 -55.8837 0 0
0.864 55.8691 1 0 0 -0.780266 -0.625447 0 0 -0.655592 0 0 -55.8837 0 0
0.872 55.8691 1 0 0 -0.899476 -0.436971 0 0 -0.661994 0 0 -55.8837 0 0
0.88 55.8691 1 0 0 -0.97395 -0.226762 0 0 -0.668396 0 0 -55.8837 0 0
0.888 55.8691 1 0 0 -0.999986 -0.00527523 0 0 -0.674797 0 0 -55.8837 0 0
0.896 55.8691 1 0 0 -0.976288 0.216474 0 0 -0.681199 0 0 -55.8837 -0 0
0.904 55.8691 1 0 0 -0.904036 0.427457 0 0 -0.687601 0 0 -55.8837 -0 0
0.912 55.8691 1 0 0 -0.786822 0.61718 0 0 -0.694002 0 0 -55.8837 -0 0
0.92 55.8691 1 0 0 -0.630476 0.776209 0 0 -0.700404 0 0 -55.8837 -0 0
0.928 55.8691 1 0 0 -0.442773 0.896634 0 0 -0.706806 0 0 -55.8837 -0 0
0.936 55.8691 1 0 0 -0.23305 0.972465 0 0 -0.713207 0 0 -55.8837 -0 0
0.944 55.8691 1 0 0 -0.011736 0.999931 0 0 -0.719609 0 0 -55.8837 -0 0
0.952 55.8691 1 0 0 0.210162 0.977667 0 0 -0.726011 0 0 -55.8837 0 0
0.96 55.8691 1 0 0 0.421607 0.906779 0 0 -0.732412 0 0 -55.8837 0 0
0.968 55.8691 1 0 0 0.612084 0.790793 0 0 -0.738814 0 0 -55.8837 0 0
0.976 55.8691 1 0 0 0.772119 0.635477 0 0 -0.745216 0 0 -55.8837 0 0
0.984 55.8691 1 0 0 0.893754 0.448557 0 0 -0.751617 0 0 -55.8837 0 0
0.992 55.8691 1 0 0 0.970939 0.239328 0 0 -0.758019 0 0 -55.8837 0 0
1 55.8691 1 0 0 0.999834 0.0181962 0 0 -0.764421 0 0 -55.8837 0 0
1.008 55.8691 1 0 0 0.979004 -0.203841 0 0 -0.770822 0 0 -55.8837 0 0
1.016 55.8691 1 0 0 0.909484 -0.41574 0 0 -0.777224 0 0 -55.8837 0 0
1.024 55.8691 1 0 0 0.794731 -0.606962 0 0 -0.783626 0 0 -55.8837 0 0
1.032 55.8691 1 0 0 0.640453 -0.767998 0 0 -0.790027 0 0 -55.8837 0 0
1.04 55.8691 1 0 0 0.454322 -0.890837 0 0 -0.796429 0 0 -55.8837 0 0
1.048 55.8691 1 0 0 0.245596 -0.969372 0 0 -0.802831 0 0 -55.8837 0 0
1.056 55.8691 1 0 0 0.0246557 -0.999696 0 0 -0.809232 0 0 -55.8837 0 0
1.064 55.8691 1 0 0 -0.197511 -0.980301 0 0 -0.815634 0 0 -55.8837 0 0
1.072 55.8691 1 0 0 -0.409855 -0.912151 0 0 -0.822036 0 0 -55.8837 0 0
1.08 55.8691 1 0 0 -0.601815 -0.798636 0 0 -0.828437 0 0 -55.8837 0 0
1.088 55.8691 1 0 0 -0.763844 -0.645401 0 0 -0.834839 0 0 -55.8837 0 0
1.096 55.8691 1 0 0 -0.887884 -0.460068 0 0 -0.841241 0 0 -55.8837 0 0
1.104 55.8691 1 0 0 -0.967765 -0.251854 0 0 -0.847642 0 0 -55.8837 0 0
1.112 55.8691 1 0 0 -0.999516 -0.0311141 0 0 -0.854044 0 0 -55.8837 0 0
1.12 55.8691 1 0 0 -0.981556 0.191173 0 0 -0.860446 0 0 -55.8837 -0 0
1.128 55.8691 1 0 0 -0.91478 0.403953 0 0 -0.866847 0 0 -55.8837 -0 0
1.136 55.8691 1 0 0 -0.802507 0.596642 0 0 -0.873249 0 0 -55.8837 -0 0
1.144 55.8691 1 0 0 -0.650323 0.759658 0 0 -0.879651 0 0 -55.8837 -0 0
1.152 55.8691 1 0 0 -0.465795 0.884893 0 0 -0.886052 0 0 -55.8837 -0 0
1.16 55.8691 1 0 0 -0.258101 0.966118 0 0 -0.892454 0 0 -55.8837 -0 0
1.168 55.8691 1 0 0 -0.0375712 0.999294 0 0 -0.898856 0 0 -55.8837 -0 0
1.176 55.8691 1 0 0 0.184828 0.982771 0 0 -0.905257 0 0 -55.8837 0 0
1.184 55.8691 1 0 0 0.398034 0.917371 0 0 -0.911659 0 0 -55.8837 0 0
1.192 55.8691 1 0 0 0.591445 0.806346 0 0 -0.918061 0 0 -55.8837 0 0
1.2 55.8691 1 0 0 0.75544 0.655217 0 0 -0.924462 0 0 -55.8837 0 0
1.208 55.8691 1 0 0 0.881865 0.471503 0 0 -0.930864 0 0 -55.8837 0 0
1.216 55.8691 1 0 0 0.96443 0.264338 0 0 -0.937266 0 0 -55.8837 0 0
1.224 55.8691 1 0 0 0.99903 0.0440268 0 0 -0.943667 0 0 -55.8837 0 0
1.232 55.8691 1 0 0 0.983945 -0.178474 0 0 -0.950069 0 0 -55.8837 0 0
1.24 55.8691 1 0 0 0.919923 -0.392099 0 0 -0.956471 0 0 -55.8837 0 0
1.248 55.8691 1 0 0 0.81015 -0.586223 0 0 -0.962872 0 0 -55.8837 0 0
1.256 55.8691 1 0 0 0.660085 -0.751191 0 0 -0.969274 0 0 -55.8837 0 0
1.264 55.8691 1 0 0 0.477191 -0.8788 0 0 -0.975676 0 0 -55.8837 0 0
1.272 55.8691 1 0 0 0.270564 -0.962702 0 0 -0.982077 0 0 -55.8837 0 0
1.28 55.8691 1 0 0 0.0504806 -0.998725 0 0 -0.988479 0 0 -55.8837 0 0
1.288 55.8691 1 0 0 -0.172113 -0.985077 0 0 -0.994881 0 0 -55.8837 0 0
1.296 55.8691 1 0 0 -0.386147 -0.922437 0 0 -1.00128 0 0 -55.8837 0 0
1.304 55.8691 1 0 0 -0.580976 -0.813921 0 0 -1.00768 0 0 -55.8837 0 0
1.312 55.8691 1 0 0 -0.746911 -0.664924 0 0 -1.01409 0 0 -55.8837 0 0
1.32 55.8691 1 0 0 -0.875698 -0.482858 0 0 -1.02049 0 0 -55.8837 0 0
1.328 55.8691 1 0 0 -0.960934 -0.276778 0 0 -1.02689 0 0 -55.8837 0 0
1.336 55.8691 1 0 0 -0.998378 -0.0569322 0 0 -1.03329 0 0 -55.8837 0 0
1.344 55.8691 1 0 0 -0.986169 0.165745 0 0 -1.03969 0 0 -55.8837 -0 0
1.352 55.8691 1 0 0 -0.924913 0.380179 0 0 -1.04609 0 0 -55.8837 -0 0
1.36 55.8691 1 0 0 -0.817657 0.575705 0 0 -1.0525 0 0 -55.8837 -0 0
1.368 55.8691 1 0 0 -0.669736 0.742599 0 0 -1.0589 0 0 -55.8837 -0 0
1.376 55.8691 1 0 0 -0.488506 0.87256 0 0 -1.0653 0 0 -55.8837 -0 0
1.384 55.8691 1 0 0 -0.282981 0.959126 0 0 -1.0717 0 0 -55.8837 -0 0
1.392 55.8691 1 0 0 -0.0633814 0.997989 0 0 -1.0781 0 0 -55.8837 -0 0
1.4 55.8691 1 0 0 0.15937 0.987219 0 0 -1.0845 0 0 -55.8837 0 0
1.408 55.8691 1 0 0 0.374195 0.92735 0 0 -1.09091 0 0 -55.8837 0 0
1.416 55.8691 1 0 0 0.57041 0.82136 0 0 -1.09731 0 0 -55.8837 0 0
1.424 55.8691 1 0 0 0.738257 0.67452 0 0 -1.10371 0 0 -55.8837 0 0
1.432 55.8691 1 0 0 0.869386 0.494134 0 0 -1.11011 0 0 -55.8837 0 0
1.44 55.8691 1 0 0 0.957277 0.289172 0 0 -1.11651 0 0 -55.8837 0 0
1.448 55.8691 1 0 0 0.997559 0.0698281 0 0 -1.12291 0 0 -55.8837 0 0
1.456 55.8691 1 0 0 0.988228 -0.152988 0 0 -1.12932 0 0 -55.8837 0 0
1.464 55.8691 1 0 0 0.929748 -0.368196 0 0 -1.13572 0 0 -55.8837 0 0
1.472 55.8691 1 0 0 0.825028 -0.565092 0 0 -1.14212 0 0 -55.8837 0 0
1.48 55.8691 1 0 0 0.679276 -0.733883 0 0 -1.14852 0 0 -55.8837 0 0
1.488 55.8691 1 0 0 0.49974 -0.866175 0 0 -1.15492 0 0 -55.8837 0 0
1.496 55.8691 1 0 0 0.295351 -0.955389 0 0 -1.16132 0 0 -55.8837 0 0
1.504 55.8691 1 0 0 0.0762717 -0.997087 0 0 -1.16773 0 0 -55.8837 0 0
1.512 55.8691 1 0 0 -0.1466 -0.989196 0 0 -1.17413 0 0 -55.8837 0 0
1.52 55.8691 1 0 0 -0.362181 -0.932108 0 0 -1.18053 0 0 -55.8837 0 0
1.528 55.8691 1 0 0 -0.55975 -0.828662 0 0 -1.18693 0 0 -55.8837 0 0
1.536 55.8691 1 0 0 -0.729479 -0.684003 0 0 -1.19333 0 0 -55.8837 0 0
1.544 55.8691 1 0 0 -0.862928 -0.505326 0 0 -1.19973 0 0 -55.8837 0 0
1.552 55.8691 1 0 0 -0.953461 -0.301517 0 0 -1.20614 0 0 -55.8837 0 0
1.56 55.8691 1 0 0 -0.996573 -0.0827123 0 0 -1.21254 0 0 -55.8837 0 0
1.568 55.8691 1 0 0 -0.990122 0.140206 0 0 -1.21894 0 0 -55.8837 -0 0
1.576 55.8691 1 0 0 -0.934428 0.356152 0 0 -1.22534 0 0 -55.8837 -0 0
1.584 55.8691 1 0 0 -0.832261 0.554384 0 0 -1.23174 0 0 -55.8837 -0 0
1.592 55.8691 1 0 0 -0.688702 0.725045 0 0 -1.23814 0 0 -55.8837 -0 0
1.6 55.8691 1 0 0 -0.510891 0.859646 0 0 -1.24455 0 0 -55.8837 -0 0
1.608 55.8691 1 0 0 -0.307671 0.951493 0 0 -1.25095 0 0 -55.8837 -0 0
1.616 55.8691 1 0 0 -0.0891493 0.996018 0 0 -1.25735 0 0 -55.8837 -0 0
1.624 55.8691 1 0 0 0.133806 0.991008 0 0 -1.26375 0 0 -55.8837 0 0
1.632 55.8691 1 0 0 0.350107 0.93671 0 0 -1.27015 0 0 -55.8837 0 0
1.64 55.8691 1 0 0 0.548995 0.835825 0 0 -1.27655 0 0 -55.8837 0 0
1.648 55.8691 1 0 0 0.72058 0.693372 0 0 -1.28296 0 0 -55.8837 0 0
1.656 55.8691 1 0 0 0.856327 0.516434 0 0 -1.28936 0 0 -55.8837 0 0
1.664 55.8691 1 0 0 0.949485 0.313812 0 0 -1.29576 0 0 -55.8837 0 0
1.672 55.8691 1 0 0 0.995421 0.0955826 0 0 -1.30216 0 0 -55.8837 0 0
1.68 55.8691 1 0 0 0.991851 -0.127401 0 0 -1.30856 0 0 -55.8837 0 0
1.688 55.8691 1 0 0 0.938952 -0.344048 0 0 -1.31496 0 0 -55.8837 0 0
1.696 55.8691 1 0 0 0.839355 -0.543584 0 0 -1.32137 0 0 -55.8837 0 0
1.704 55.8691 1 0 0 0.698013 -0.716085 0 0 -1.32777 0 0 -55.8837 0 0
1.712 55.8691 1 0 0 0.521956 -0.852972 0 0 -1.33417 0 0 -55.8837 0 0
1.72 55.8691 1 0 0 0.31994 -0.947438 0 0 -1.34057 0 0 -55.8837 0 0
1.728 55.8691 1 0 0 0.102012 -0.994783 0 0 -1.34697 0 0 -55.8837 0 0
1.736 55.8691 1 0 0 -0.12099 -0.992654 0 0 -1.35337 0 0 -55.8837 0 0
1.744 55.8691 1 0 0 -0.337974 -0.941156 0 0 -1.35978 0 0 -55.8837 0 0
1.752 55.8691 1 0 0 -0.538149 -0.84285 0 0 -1.36618 0 0 -55.8837 0 0
1.76 55.8691 1 0 0 -0.71156 -0.702625 0 0 -1.37258 0 0 -55.8837 0 0
1.768 55.8691 1 0 0 -0.849582 -0.527456 0 0 -1.37898 0 0 -55.8837 0 0
1.776 55.8691 1 0 0 -0.945351 -0.326055 0 0 -1.38538 0 0 -55.8837 0 0
1.784 55.8691 1 0 0 -0.994103 -0.108437 0 0 -1.39178 0 0 -55.8837 0 0
1.792 55.8691 1 0 0 -0.993415 0.114574 0 0 -1.39819 0 0 -55.8837 -0 0
1.8 55.8691 1 0 0 -0.943319 0.331886 0 0 -1.40459 0 0 -55.8837 -0 0
1.808 55.8691 1 0 0 -0.846309 0.532692 0 0 -1.41099 0 0 -55.8837 -0 0
1.816 55.8691 1 0 0 -0.707208 0.707006 0 0 -1.41739 0 0 -55.8837 -0 0
1.824 55.8691 1 0 0 -0.532934 0.846157 0 0 -1.42379 0 0 -55.8837 -0 0
1.832 55.8691 1 0 0 -0.332156 0.943225 0 0 -1.43019 0 0 -55.8837 -0 0
1.84 55.8691 1 0 0 -0.114858 0.993382 0 0 -1.4366 0 0 -55.8837 -0 0
1.848 55.8691 1 0 0 0.108153 0.994134 0 0 -1.443 0 0 -55.8837 0 0
1.856 55.8691 1 0 0 0.325784 0.945444 0 0 -1.4494 0 0 -55.8837 0 0
1.864 55.8691 1 0 0 0.527213 0.849733 0 0 -1.4558 0 0 -55.8837 0 0
1.872 55.8691 1 0 0 0.702422 0.711761 0 0 -1.4622 0 0 -55.8837 0 0
1.88 55.8691 1 0 0 0.842696 0.53839 0 0 -1.4686 0 0 -55.8837 0 0
1.888 55.8691 1 0 0 0.941059 0.338243 0 0 -1.47501 0 0 -55.8837 0 0
1.896 55.8691 1 0 0 0.992619 0.121273 0 0 -1.48141 0 0 -55.8837 0 0
1.904 55.8691 1 0 0 0.994812 -0.101728 0 0 -1.48781 0 0 -55.8837 0 0
1.912 55.8691 1 0 0 0.947529 -0.319669 0 0 -1.49421 0 0 -55.8837 0 0
1.92 55.8691 1 0 0 0.853122 -0.521712 0 0 -1.50061 0 0 -55.8837 0 0
1.928 55.8691 1 0 0 0.716284 -0.697808 0 0 -1.50701 0 0 -55.8837 0 0
1.936 55.8691 1 0 0 0.543824 -0.8392 0 0 -1.51342 0 0 -55.8837 0 0
1.944 55.8691 1 0 0 0.344316 -0.938854 0 0 -1.51982 0 0 -55.8837 0 0
1.952 55.8691 1 0 0 0.127684 -0.991815 0 0 -1.52622 0 0 -55.8837 0 0
1.96 55.8691 1 0 0 -0.095298 -0.995449 0 0 -1.53262 0 0 -55.8837 0 0
1.968 55.8691 1 0 0 -0.313541 -0.949575 0 0 -1.53902 0 0 -55.8837 0 0
1.976 55.8691 1 0 0 -0.516189 -0.856474 0 0 -1.54542 0 0 -55.8837 0 0
1.984 55.8691 1 0 0 -0.693166 -0.720778 0 0 -1.55183 0 0 -55.8837 0 0
1.992 55.8691 1 0 0 -0.835668 -0.549234 0 0 -1.55823 0 0 -55.8837 0 0
2 55.8691 1 0 0 -0.93661 -0.350375 0 0 -1.56463 0 0 -55.8837 0 0
2.008 55.8691 1 0 0 -0.990969 -0.134089 0 0 -1.57103 0 0 -55.8837 0 0
2.016 55.8691 1 0 0 -0.996044 0.0888645 0 0 -1.57743 0 0 -55.8837 -0 0
2.024 55.8691 1 0 0 -0.951581 0.307399 0 0 -1.58383 0 0 -55.8837 -0 0
2.032 55.8691 1 0 0 -0.859792 0.510645 0 0 -1.59024 0 0 -55.8837 -0 0
2.04 55.8691 1 0 0 -0.725241 0.688495 0 0 -1.59664 0 0 -55.8837 -0 0
2.048 55.8691 1 0 0 -0.554622 0.832102 0 0 -1.60304 0 0 -55.8837 -0 0
2.056 55.8691 1 0 0 -0.356419 0.934326 0 0 -1.60944 0 0 -55.8837 -0 0
2.064 55.8691 1 0 0 -0.140489 0.990082 0 0 -1.61584 0 0 -55.8837 -0 0
2.072 55.8691 1 0 0 0.0824273 0.996597 0 0 -1.62224 0 0 -55.8837 0 0
2.08 55.8691 1 0 0 0.301244 0.953547 0 0 -1.62865 0 0 -55.8837 0 0
2.088 55.8691 1 0 0 0.505079 0.863073 0 0 -1.63505 0 0 -55.8837 0 0
2.096 55.8691 1 0 0 0.683795 0.729675 0 0 -1.64145 0 0 -55.8837 0 0
2.104 55.8691 1 0 0 0.828502 0.559986 0 0 -1.64785 0 0 -55.8837 0 0
2.112 55.8691 1 0 0 0.932004 0.362448 0 0 -1.65425 0 0 -55.8837 0 0
2.12 55.8691 1 0 0 0.989154 0.146883 0 0 -1.66065 0 0 -55.8837 0 0
2.128 55.8691 1 0 0 0.997109 -0.0759866 0 0 -1.66706 0 0 -55.8837 0 0
2.136 55.8691 1 0 0 0.955473 -0.295077 0 0 -1.67346 0 0 -55.8837 0 0
2.144 55.8691 1 0 0 0.866318 -0.499493 0 0 -1.67986 0 0 -55.8837 0 0
2.152 55.8691 1 0 0 0.734077 -0.679066 0 0 -1.68626 0 0 -55.8837 0 0
2.16 55.8691 1 0 0 0.565328 -0.824866 0 0 -1.69266 0 0 -55.8837 0 0
2.168 55.8691 1 0 0 0.368462 -0.929643 0 0 -1.69906 0 0 -55.8837 0 0
2.176 55.8691 1 0 0 0.153271 -0.988184 0 0 -1.70547 0 0 -55.8837 0 0
2.184 55.8691 1 0 0 -0.0695428 -0.997579 0 0 -1.71187 0 0 -55.8837 0 0
2.192 55.8691 1 0 0 -0.288898 -0.95736 0 0 -1.71827 0 0 -55.8837 0 0
2.2 55.8691 1 0 0 -0.493885 -0.869527 0 0 -1.72467 0 0 -55.8837 0 0
2.208 55.8691 1 0 0 -0.674309 -0.738449 0 0 -1.73107 0 0 -55.8837 0 0
2.216 55.8691 1 0 0 -0.821197 -0.570645 0 0 -1.73747 0 0 -55.8837 0 0
2.224 55.8691 1 0 0 -0.927243 -0.374461 0 0 -1.74388 0 0 -55.8837 0 0
2.232 55.8691 1 0 0 -0.987173 -0.159652 0 0 -1.75028 0 0 -55.8837 0 0
2.24 55.8691 1 0 0 -0.998007 0.0630961 0 0 -1.75668 0 0 -55.8837 -0 0
2.248 55.8691 1 0 0 -0.959206 0.282706 0 0 -1.76308 0 0 -55.8837 -0 0
2.256 55.8691 1 0 0 -0.8727 0.488257 0 0 -1.76948 0 0 -55.8837 -0 0
2.264 55.8691 1 0 0 -0.742791 0.669524 0 0 -1.77588 0 0 -55.8837 -0 0
2.272 55.8691 1 0 0 -0.575939 0.817493 0 0 -1.78229 0 0 -55.8837 -0 0
2.28 55.8691 1 0 0 -0.380444 0.924804 0 0 -1.78869 0 0 -55.8837 -0 0
2.288 55.8691 1 0 0 -0.166027 0.986121 0 0 -1.79509 0 0 -55.8837 -0 0
2.296 55.8691 1 0 0 0.0566467 0.998394 0 0 -1.80149 0 0 -55.8837 0 0
2.304 55.8691 1 0 0 0.276503 0.961013 0 0 -1.80789 0 0 -55.8837 0 0
2.312 55.8691 1 0 0 0.482608 0.875836 0 0 -1.81429 0 0 -55.8837 0 0
2.32 55.8691 1 0 0 0.664711 0.747101 0 0 -1.8207 0 0 -55.8837 0 0
2.328 55.8691 1 0 0 0.813754 0.581209 0 0 -1.8271 0 0 -55.8837 0 0
2.336 55.8691 1 0 0 0.922327 0.386411 0 0 -1.8335 0 0 -55.8837 0 0
2.344 55.8691 1 0 0 0.985028 0.172395 0 0 -1.8399 0 0 -55.8837 0 0
2.352 55.8691 1 0 0 0.998739 -0.050195 0 0 -1.8463 0 0 -55.8837 0 0
2.36 55.8691 1 0 0 0.962779 -0.270288 0 0 -1.8527 0 0 -55.8837 0 0
2.368 55.8691 1 0 0 0.878936 -0.476939 0 0 -1.85911 0 0 -55.8837 0 0
2.376 55.8691 1 0 0 0.75138 -0.65987 0 0 -1.86551 0 0 -55.8837 0 0
2.384 55.8691 1 0 0 0.586454 -0.809982 0 0 -1.87191 0 0 -55.8837 0 0
2.392 55.8691 1 0 0 0.392362 -0.919811 0 0 -1.87831 0 0 -55.8837 0 0
2.4 55.8691 1 0 0 0.178755 -0.983894 0 0 -1.88471 0 0 -55.8837 0 0
2.408 55.8691 1 0 0 -0.0437412 -0.999043 0 0 -1.89111 0 0 -55.8837 0 0
2.416 55.8691 1 0 0 -0.264062 -0.964506 0 0 -1.89752 0 0 -55.8837 0 0
2.424 55.8691 1 0 0 -0.471251 -0.881999 0 0 -1.90392 0 0 -55.8837 0 0
2.432 55.8691 1 0 0 -0.655001 -0.755628 0 0 -1.91032 0 0 -55.8837 0 0
2.44 55.8691 1 0 0 -0.806176 -0.591675 0 0 -1.91672 0 0 -55.8837 0 0
2.448 55.8691 1 0 0 -0.917257 -0.398296 0 0 -1.92312 0 0 -55.8837 0 0
2.456 55.8691 1 0 0 -0.982718 -0.185109 0 0 -1.92952 0 0 -55.8837 0 0
2.464 55.8691 1 0 0 -0.999305 0.0372855 0 0 -1.93593 0 0 -55.8837 -0 0
2.472 55.8691 1 0 0 -0.966192 0.257825 0 0 -1.94233 0 0 -55.8837 -0 0
2.48 55.8691 1 0 0 -0.885026 0.465542 0 0 -1.94873 0 0 -55.8837 -0 0
2.488 55.8691 1 0 0 -0.759844 0.650106 0 0 -1.95513 0 0 -55.8837 -0 0
2.496 55.8691 1 0 0 -0.596872 0.802337 0 0 -1.96153 0 0 -55.8837 -0 0
2.504 55.8691 1 0 0 -0.404214 0.914664 0 0 -1.96793 0 0 -55.8837 -0 0
2.512 55.8691 1 0 0 -0.191454 0.981502 0 0 -1.97434 0 0 -55.8837 -0 0
2.52 55.8691 1 0 0 0.0308283 0.999525 0 0 -1.98074 0 0 -55.8837 0 0
2.528 55.8691 1 0 0 0.251577 0.967837 0 0 -1.98714 0 0 -55.8837 0 0
2.536 55.8691 1 0 0 0.459814 0.888015 0 0 -1.99354 0 0 -55.8837 0 0
2.544 55.8691 1 0 0 0.645183 0.764028 0 0 -1.99994 0 0 -55.8837 0 0
2.552 55.8691 1 0 0 0.798464 0.602043 0 0 -2.00634 0 0 -55.8837 0 0
2.56 55.8691 1 0 0 0.912034 0.410116 0 0 -2.01275 0 0 -55.8837 0 0
2.568 55.8691 1 0 0 0.980244 0.197791 0 0 -2.01915 0 0 -55.8837 0 0
2.576 55.8691 1 0 0 0.999703 -0.0243698 0 0 -2.02555 0 0 -55.8837 0 0
2.584 55.8691 1 0 0 0.969442 -0.245319 0 0 -2.03195 0 0 -55.8837 0 0
2.592 55.8691 1 0 0 0.890967 -0.454067 0 0 -2.03835 0 0 -55.8837 0 0
2.6 55.8691 1 0 0 0.768181 -0.640233 0 0 -2.04475 0 0 -55.8837 0 0
2.608 55.8691 1 0 0 0.607189 -0.794557 0 0 -2.05116 0 0 -55.8837 0 0
2.616 55.8691 1 0 0 0.416 -0.909365 0 0 -2.05756 0 0 -55.8837 0 0
2.624 55.8691 1 0 0 0.204121 -0.978946 0 0 -2.06396 0 0 -55.8837 0 0
2.632 55.8691 1 0 0 -0.0179103 -0.99984 0 0 -2.07036 0 0 -55.8837 0 0
2.64 55.8691 1 0 0 -0.23905 -0.971007 0 0 -2.07676 0 0 -55.8837 0 0
2.648 55.8691 1 0 0 -0.448301 -0.893882 0 0 -2.08316 0 0 -55.8837 0 0
2.656 55.8691 1 0 0 -0.635257 -0.772301 0 0 -2.08957 0 0 -55.8837 0 0
2.664 55.8691 1 0 0 -0.790618 -0.61231 0 0 -2.09597 0 0 -55.8837 0 0
2.672 55.8691 1 0 0 -0.906658 -0.421866 0 0 -2.10237 0 0 -55.8837 0 0
2.68 55.8691 1 0 0 -0.977607 -0.210441 0 0 -2.10877 0 0 -55.8837 0 0
2.688 55.8691 1 0 0 -0.999934 0.01145 0 0 -2.11517 0 0 -55.8837 0 0
2.696 55.8691 1 0 0 -0.972531 0.232772 0 0 -2.12157 0 0 -55.8837 -0 0
2.704 55.8691 1 0 0 -0.89676 0.442517 0 0 -2.12798 0 0 -55.8837 -0 0
2.712 55.8691 1 0 0 -0.776389 0.630254 0 0 -2.13438 0 0 -55.8837 -0 0
2.72 55.8691 1 0 0 -0.617405 0.786645 0 0 -2.14078 0 0 -55.8837 -0 0
2.728 55.8691 1 0 0 -0.427715 0.903914 0 0 -2.14718 0 0 -55.8837 -0 0
2.736 55.8691 1 0 0 -0.216753 0.976226 0 0 -2.15358 0 0 -55.8837 -0 0
2.744 55.8691 1 0 0 0.0049893 0.999988 0 0 -2.15998 0 0 -55.8837 -0 0
2.752 55.8691 1 0 0 0.226483 0.974015 0 0 -2.16639 0 0 -55.8837 0 0
2.76 55.8691 1 0 0 0.436714 0.899601 0 0 -2.17279 0 0 -55.8837 0 0
2.768 55.8691 1 0 0 0.625224 0.780445 0 0 -2.17919 0 0 -55.8837 0 0
2.776 55.8691 1 0 0 0.78264 0.622475 0 0 -2.18559 0 0 -55.8837 0 0
2.784 55.8691 1 0 0 0.901131 0.433546 0 0 -2.19199 0 0 -55.8837 0 0
2.792 55.8691 1 0 0 0.974806 0.223056 0 0 -2.19839 0 0 -55.8837 0 0
2.8 55.8691 1 0 0 0.999999 0.00147165 0 0 -2.2048 0 0 -55.8837 0 0
2.808 55.8691 1 0 0 0.975458 -0.220186 0 0 -2.2112 0 0 -55.8837 0 0
