0 120 1 0 0 0 1 0 0 0 0 0 0 0 0
0.01 120 1 0 0 -0.213881 0.97686 0 0 0.00617457 0 0 4.47925 0 0
0.02 120 1 0 0 -0.0536439 0.99856 0 0 0.00153802 0 0 -53.3736 -0 0
0.03 120 1 0 0 0.264209 0.964465 0 0 -0.00765963 0 0 -69.2729 0 0
0.04 120 1 0 0 0.571794 0.820397 0 0 -0.0174379 0 0 -64.7057 0 0
0.05 120 1 0 0 0.761321 0.648375 0 0 -0.0247899 0 0 -35.1786 0 0
0.06 120 1 0 0 0.752193 0.658943 0 0 -0.0243899 0 0 40.8069 0 0
0.07 120 1 0 0 0.522091 0.85289 0 0 -0.015736 0 0 45.9728 0 0
0.08 120 1 0 0 0.534134 0.8454 0 0 -0.0161422 0 0 -35.5834 0 0
0.09 120 1 0 0 0.744047 0.668127 0 0 -0.0240377 0 0 -65.4185 0 0
0.1 120 1 0 0 0.925956 0.377632 0 0 -0.0339061 0 0 -68.9768 0 0
0.11 120 1 0 0 0.996969 0.0778028 0 0 -0.0427685 0 0 -52.4204 0 0
0.12 120 1 0 0 0.998397 -0.0565971 0 0 -0.0466211 0 0 1.93057 0 0
0.13 120 1 0 0 0.984795 0.173722 0 0 -0.039997 0 0 69.7436 0 0
0.14 120 1 0 0 0.941937 0.335788 0 0 -0.0351894 0 0 -6.45629 0 0
0.15 120 1 0 0 0.989073 0.147427 0 0 -0.0407598 0 0 -56.9733 0 0
0.16 120 1 0 0 0.983596 -0.180386 0 0 -0.0501952 0 0 -69.6994 0 0
0.17 120 1 0 0 0.868611 -0.495494 0 0 -0.0598507 0 0 -62.6911 0 0
0.18 120 1 0 0 0.729219 -0.68428 0 0 -0.0665882 0 0 -28.4231 0 0
0.19 120 1 0 0 0.771852 -0.635802 0 0 -0.0647387 0 0 51.5358 0 0
0.2 120 1 0 0 0.922397 -0.386242 0 0 -0.0563596 0 0 34.0368 0 0
0.21 120 1 0 0 0.896339 -0.44337 0 0 -0.0581583 0 0 -41.7679 0 0
0.22 120 1 0 0 0.730812 -0.682578 0 0 -0.0665211 0 0 -66.9525 0 0
0.23 120 1 0 0 0.456589 -0.889678 0 0 -0.0764155 0 0 -68.1213 0 0
0.24 120 1 0 0 0.176274 -0.984341 0 0 -0.0849224 0 0 -48.2383 0 0
0.25 120 1 0 0 0.080941 -0.996719 0 0 -0.0876769 0 0 12.7873 0 0
0.26 120 1 0 0 0.340702 -0.940171 0 0 -0.0800386 0 0 66.869 0 0
0.27 120 1 0 0 0.446637 -0.894715 0 0 -0.0767348 0 0 -16.3005 0 0
0.28 120 1 0 0 0.237992 -0.971267 0 0 -0.083114 0 0 -60.0091 0 0
0.29 120 1 0 0 -0.0953364 -0.995445 0 0 -0.0927338 0 0 -69.8363 0 0
0.3 120 1 0 0 -0.413784 -0.910375 0 0 -0.10222 0 0 -60.2722 0 0
0.31 120 1 0 0 -0.594843 -0.803842 0 0 -0.108249 0 0 -20.7518 0 0
0.32 120 1 0 0 -0.497612 -0.8674 0 0 -0.104919 0 0 60.5588 0 -0
0.33 120 1 0 0 -0.249031 -0.968496 0 0 -0.0972086 0 0 21.6295 0 -0
0.34 120 1 0 0 -0.351021 -0.936368 0 0 -0.100273 0 0 -47.0817 0 0
0.35 120 1 0 0 -0.616459 -0.787387 0 0 -0.109027 0 0 -68.1368 0 0
0.36 120 1 0 0 -0.8463 -0.532707 0 0 -0.118904 0 0 -66.9556 0 0
0.37 120 1 0 0 -0.961181 -0.27592 0 0 -0.12699 0 0 -43.4006 0 0
0.38 120 1 0 0 -0.974585 -0.224019 0 0 -0.128525 0 0 24.2441 0 -0
0.39 120 1 0 0 -0.869419 -0.494076 0 0 -0.120193 0 0 60.2767 0 -0
0.4 120 1 0 0 -0.837584 -0.546309 0 0 -0.118441 0 0 -25.0078 0 0
0.41 120 1 0 0 -0.945723 -0.324975 0 0 -0.125515 0 0 -62.5464 0 0
0.42 120 1 0 0 -0.999955 0.00950854 0 0 -0.13527 0 0 -69.6882 0 0
0.43 120 1 0 0 -0.945059 0.3269 0 0 -0.144538 0 0 -57.4062 -0 0
0.44 120 1 0 0 -0.870243 0.492622 0 0 -0.149754 0 0 -12.1154 -0 0
0.45 120 1 0 0 -0.939917 0.341402 0 0 -0.144979 0 0 66.9048 0 0
0.46 120 1 0 0 -0.993447 0.114297 0 0 -0.138279 0 0 9.50082 0 0
0.47 120 1 0 0 -0.966157 0.257955 0 0 -0.142471 0 0 -51.6254 -0 0
0.48 120 1 0 0 -0.837689 0.546147 0 0 -0.151549 0 0 -68.9968 -0 0
0.49 120 1 0 0 -0.605474 0.795865 0 0 -0.161366 0 0 -65.46 -0 0
0.5 120 1 0 0 -0.375913 0.926655 0 0 -0.168957 0 0 -37.8309 -0 0
0.51 120 1 0 0 -0.369283 0.929317 0 0 -0.169161 0 0 35.878 0 0
0.52 120 1 0 0 -0.628796 0.77757 0 0 -0.160516 0 0 50.7438 0 0
0.53 120 1 0 0 -0.634985 0.772524 0 0 -0.160288 0 0 -32.6165 -0 0
0.54 120 1 0 0 -0.408046 0.912961 0 0 -0.167956 0 0 -64.6399 -0 0
0.55 120 1 0 0 -0.076645 0.997058 0 0 -0.177799 0 0 -69.2541 -0 0
0.56 120 1 0 0 0.235112 0.971968 0 0 -0.186796 0 0 -54.0421 0 0
0.57 120 1 0 0 0.377493 0.926013 0 0 -0.191086 0 0 -2.50722 0 0
0.58 120 1 0 0 0.173045 0.984914 0 0 -0.184979 0 0 69.7398 0 0
0.59 120 1 0 0 -0.0153014 0.999883 0 0 -0.179559 0 0 -1.85943 -0 0
0.6 120 1 0 0 0.164893 0.986311 0 0 -0.184742 0 0 -55.4918 0 0
0.61 120 1 0 0 0.472082 0.881555 0 0 -0.194081 0 0 -69.5511 0 0
0.62 120 1 0 0 0.738416 0.674345 0 0 -0.203795 0 0 -63.6087 0 0
0.63 120 1 0 0 0.879866 0.475221 0 0 -0.210809 0 0 -31.4498 0 0
0.64 120 1 0 0 0.858896 0.512151 0 0 -0.209593 0 0 47.0541 0 0
0.65 120 1 0 0 0.670381 0.742017 0 0 -0.201045 0 0 39.3036 0 0
0.66 120 1 0 0 0.701162 0.713002 0 0 -0.202256 0 0 -39.2093 0 0
0.67 120 1 0 0 0.873457 0.486901 0 0 -0.210427 0 0 -66.3345 0 0
0.68 120 1 0 0 0.986681 0.162664 0 0 -0.220316 0 0 -68.528 0 0
0.69 120 1 0 0 0.990328 -0.138744 0 0 -0.228984 0 0 -50.1209 0 0
0.7 120 1 0 0 0.968304 -0.249776 0 0 -0.232228 0 0 8.00598 0 0
0.71 120 1 0 0 1 0.000116462 0 0 -0.224993 0 0 68.5972 0 0
0.72 120 1 0 0 0.990423 0.138069 0 0 -0.221028 0 0 -12.1874 0 0
0.73 120 1 0 0 0.997372 -0.0724474 0 0 -0.227073 0 0 -58.7625 0 0
0.74 120 1 0 0 0.918815 -0.394689 0 0 -0.236619 0 0 -69.8123 0 0
0.75 120 1 0 0 0.738734 -0.673997 0 0 -0.246185 0 0 -61.3693 0 0
0.76 120 1 0 0 0.572547 -0.819872 0 0 -0.252531 0 0 -24.1818 0 0
0.77 120 1 0 0 0.646907 -0.762569 0 0 -0.249841 0 0 56.9333 0 0
0.78 120 1 0 0 0.832917 -0.553398 0 0 -0.241796 0 0 26.9928 0 0
0.79 120 1 0 0 0.780761 -0.62483 0 0 -0.24433 0 0 -44.8865 0 0
0.8 120 1 0 0 0.561249 -0.827647 0 0 -0.252924 0 0 -67.6663 0 0
0.81 120 1 0 0 0.248076 -0.968741 0 0 -0.262814 0 0 -67.4984 0 0
0.82 120 1 0 0 -0.0381988 -0.99927 0 0 -0.27109 0 0 -45.5755 0 0
0.83 120 1 0 0 -0.110483 -0.993878 0 0 -0.273167 0 0 19.244 0 -0
0.84 120 1 0 0 0.170364 -0.985381 0 0 -0.265091 0 0 63.5394 0 0
0.85 120 1 0 0 0.253015 -0.967462 0 0 -0.262668 0 0 -21.3849 0 0
0.86 120 1 0 0 0.0188483 -0.999822 0 0 -0.269455 0 0 -61.5078 0 0
0.87 120 1 0 0 -0.314387 -0.949295 0 0 -0.279157 0 0 -69.7871 0 0
0.88 120 1 0 0 -0.60266 -0.797998 0 0 -0.288526 0 0 -58.7022 0 0
0.89 120 1 0 0 -0.745735 -0.666243 0 0 -0.294106 0 0 -15.9662 0 0
0.9 120 1 0 0 -0.641482 -0.767138 0 0 -0.289946 0 0 64.5514 0 -0
0.91 120 1 0 0 -0.431362 -0.902179 0 0 -0.282772 0 0 14.6687 0 -0
0.92 120 1 0 0 -0.544628 -0.838678 0 0 -0.286494 0 0 -49.751 0 0
0.93 120 1 0 0 -0.775939 -0.630808 0 0 -0.29544 0 0 -68.6638 0 0
0.94 120 1 0 0 -0.943144 -0.332386 0 0 -0.305288 0 0 -66.148 0 0
0.95 120 1 0 0 -0.997819 -0.0660123 0 0 -0.313102 0 0 -40.3317 0 0
0.96 120 1 0 0 -0.999263 -0.0383923 0 0 -0.313894 0 0 30.8665 0 -0
0.97 120 1 0 0 -0.943695 -0.330816 0 0 -0.305336 0 0 55.159 0 -0
0.98 120 1 0 0 -0.933095 -0.35963 0 0 -0.304456 0 0 -29.4599 0 0
0.99 120 1 0 0 -0.994095 -0.108517 0 0 -0.311879 0 0 -63.7869 0 0
1 120 1 0 0 -0.972813 0.231593 0 0 -0.32169 0 0 -69.477 -0 0
1.01 120 1 0 0 -0.85143 0.524469 0 0 -0.330811 0 0 -55.56 -0 0
1.02 120 1 0 0 -0.754234 0.656606 0 0 -0.335515 0 0 -6.77471 -0 0
1.03 120 1 0 0 -0.866558 0.499077 0 0 -0.329964 0 0 68.9868 0 0
1.04 120 1 0 0 -0.95139 0.307989 0 0 -0.323964 0 0 2.93214 0 0
1.05 120 1 0 0 -0.887152 0.461478 0 0 -0.328735 0 0 -53.8992 -0 0
1.06 120 1 0 0 -0.695302 0.718718 0 0 -0.337968 0 0 -69.3483 -0 0
1.07 120 1 0 0 -0.415072 0.909788 0 0 -0.347733 0 0 -64.4539 -0 0
1.08 120 1 0 0 -0.173223 0.984883 0 0 -0.355006 0 0 -34.3108 -0 0
1.09 120 1 0 0 -0.193594 0.981082 0 0 -0.354413 0 0 42.3322 0 0
1.1 120 1 0 0 -0.476303 0.879281 0 0 -0.345772 0 0 44.4103 0 0
1.11 120 1 0 0 -0.457707 0.889103 0 0 -0.346374 0 0 -36.4798 -0 0
1.12 120 1 0 0 -0.196124 0.980579 0 0 -0.354338 0 0 -65.6489 -0 0
1.13 120 1 0 0 0.146727 0.989177 0 0 -0.364213 0 0 -68.8781 0 0
1.14 120 1 0 0 0.439512 0.898237 0 0 -0.37303 0 0 -51.8872 0 0
1.15 120 1 0 0 0.551865 0.833933 0 0 -0.376741 0 0 3.36198 0 0
1.16 120 1 0 0 0.341005 0.940061 0 0 -0.369963 0 0 69.5878 0 0
1.17 120 1 0 0 0.185996 0.98255 0 0 -0.365354 0 0 -7.86203 0 0
1.18 120 1 0 0 0.376162 0.926554 0 0 -0.371041 0 0 -57.4179 0 0
1.19 120 1 0 0 0.656355 0.754452 0 0 -0.380505 0 0 -69.7349 0 0
1.2 120 1 0 0 0.868563 0.495578 0 0 -0.39014 0 0 -62.3866 0 0
1.21 120 1 0 0 0.959252 0.282552 0 0 -0.396787 0 0 -27.4346 0 0
1.22 120 1 0 0 0.936588 0.350432 0 0 -0.394737 0 0 52.8854 0 0
1.23 120 1 0 0 0.797214 0.603697 0 0 -0.386426 0 0 32.357 0 0
1.24 120 1 0 0 0.836986 0.547224 0 0 -0.388405 0 0 -42.5398 0 0
1.25 120 1 0 0 0.959631 0.281261 0 0 -0.396825 0 0 -67.1335 0 0
1.26 120 1 0 0 0.998185 -0.0602169 0 0 -0.40672 0 0 -67.9813 0 0
1.27 120 1 0 0 0.937525 -0.347919 0 0 -0.415173 0 0 -47.6202 0 0
1.28 120 1 0 0 0.902191 -0.431338 0 0 -0.417769 0 0 14.3182 0 0
1.29 120 1 0 0 0.984668 -0.174438 0 0 -0.410016 0 0 66.1774 0 0
1.3 120 1 0 0 0.997734 -0.0672803 0 0 -0.406922 0 0 -17.5519 0 0
