0 41.9018 1 0 0 0 1 0 0 0 0 0 0 0 0
0.008 41.9018 1 0 0 -0.248885 0.968533 0 0 0.00720582 0 0 51.3336 0 0
0.016 41.9018 1 0 0 -0.36408 0.931368 0 0 0.0106747 0 0 14.6708 0 0
0.024 41.9018 1 0 0 -0.36257 0.931956 0 0 0.0106283 0 0 -10.0972 -0 0
0.032 41.9018 1 0 0 -0.292924 0.956136 0 0 0.00851645 0 0 -23.713 -0 0
0.04 41.9018 1 0 0 -0.18316 0.983083 0 0 0.0052777 0 0 -31.1889 -0 0
0.048 41.9018 1 0 0 -0.04911 0.998793 0 0 0.00140915 0 0 -35.4424 -0 0
0.056 41.9018 1 0 0 0.0985137 0.995136 0 0 -0.00282419 0 0 -37.9441 0 0
0.064 41.9018 1 0 0 0.251343 0.967898 0 0 -0.00727496 0 0 -39.4517 0 0
0.072 41.9018 1 0 0 0.402345 0.915488 0 0 -0.011858 0 0 -40.3754 0 0
0.08 41.9018 1 0 0 0.545455 0.83814 0 0 -0.0165225 0 0 -40.9475 0 0
0.088 41.9018 1 0 0 0.675436 0.737418 0 0 -0.0212378 0 0 -41.3044 0 0
0.096 41.9018 1 0 0 0.787836 0.615885 0 0 -0.0259847 0 0 -41.528 0 0
0.104 41.9018 1 0 0 0.878977 0.476864 0 0 -0.0307516 0 0 -41.6685 0 0
0.112 41.9018 1 0 0 0.94597 0.324253 0 0 -0.0355309 0 0 -41.7569 0 0
0.12 41.9018 1 0 0 0.986731 0.162363 0 0 -0.0403181 0 0 -41.8126 0 0
0.128 41.9018 1 0 0 0.999991 -0.00422584 0 0 -0.0451103 0 0 -41.8478 0 0
0.136 41.9018 1 0 0 0.985305 -0.170804 0 0 -0.0499057 0 0 -41.87 0 0
0.144 41.9018 1 0 0 0.943043 -0.332671 0 0 -0.054703 0 0 -41.884 0 0
0.152 41.9018 1 0 0 0.874366 -0.485266 0 0 -0.0595016 0 0 -41.8928 0 0
0.16 41.9018 1 0 0 0.781189 -0.624294 0 0 -0.0643009 0 0 -41.8984 0 0
0.168 41.9018 1 0 0 0.666117 -0.745847 0 0 -0.0691008 0 0 -41.9019 0 0
0.176 41.9018 1 0 0 0.532374 -0.846509 0 0 -0.0739009 0 0 -41.9042 0 0
0.184 41.9018 1 0 0 0.383707 -0.923455 0 0 -0.0787013 0 0 -41.9056 0 0
0.192 41.9018 1 0 0 0.224283 -0.974524 0 0 -0.0835018 0 0 -41.9065 0 0
0.2 41.9018 1 0 0 0.0585708 -0.998283 0 0 -0.0883024 0 0 -41.907 0 0
0.208 41.9018 1 0 0 -0.108784 -0.994065 0 0 -0.093103 0 0 -41.9074 0 0
0.216 41.9018 1 0 0 -0.273092 -0.961988 0 0 -0.0979036 0 0 -41.9076 0 0
0.224 41.9018 1 0 0 -0.429746 -0.90295 0 0 -0.102704 0 0 -41.9077 0 0
0.232 41.9018 1 0 0 -0.574357 -0.818605 0 0 -0.107505 0 0 -41.9078 0 0
0.24 41.9018 1 0 0 -0.702871 -0.711318 0 0 -0.112306 0 0 -41.9079 0 0
0.248 41.9018 1 0 0 -0.811686 -0.584095 0 0 -0.117106 0 0 -41.9079 0 0
0.256 41.9018 1 0 0 -0.897752 -0.440501 0 0 -0.121907 0 0 -41.9079 0 0
0.264 41.9018 1 0 0 -0.958658 -0.284562 0 0 -0.126708 0 0 -41.9079 0 0
0.272 41.9018 1 0 0 -0.992695 -0.120648 0 0 -0.131508 0 0 -41.908 0 0
0.28 41.9018 1 0 0 -0.998911 0.046648 0 0 -0.136309 0 0 -41.908 -0 0
0.288 41.9018 1 0 0 -0.977131 0.212636 0 0 -0.14111 0 0 -41.908 -0 0
0.296 41.9018 1 0 0 -0.927966 0.372665 0 0 -0.145911 0 0 -41.908 -0 0
0.304 41.9018 1 0 0 -0.852793 0.52225 0 0 -0.150711 0 0 -41.908 -0 0
0.312 41.9018 1 0 0 -0.753719 0.657197 0 0 -0.155512 0 0 -41.908 -0 0
0.32 41.9018 1 0 0 -0.63352 0.773726 0 0 -0.160313 0 0 -41.908 -0 0
0.328 41.9018 1 0 0 -0.495567 0.86857 0 0 -0.165113 0 0 -41.908 -0 0
0.336 41.9018 1 0 0 -0.343724 0.939071 0 0 -0.169914 0 0 -41.908 -0 0
0.344 41.9018 1 0 0 -0.182248 0.983253 0 0 -0.174715 0 0 -41.908 -0 0
0.352 41.9018 1 0 0 -0.0156646 0.999877 0 0 -0.179516 0 0 -41.908 -0 0
0.36 41.9018 1 0 0 0.151358 0.988479 0 0 -0.184316 0 0 -41.908 0 0
0.368 41.9018 1 0 0 0.314139 0.949377 0 0 -0.189117 0 0 -41.908 0 0
0.376 41.9018 1 0 0 0.468115 0.883667 0 0 -0.193918 0 0 -41.908 0 0
0.384 41.9018 1 0 0 0.608972 0.793192 0 0 -0.198718 0 0 -41.908 0 0
0.392 41.9018 1 0 0 0.732762 0.680485 0 0 -0.203519 0 0 -41.908 0 0
0.4 41.9018 1 0 0 0.836014 0.548708 0 0 -0.20832 0 0 -41.908 0 0
0.408 41.9018 1 0 0 0.915837 0.401551 0 0 -0.21312 0 0 -41.908 0 0
0.416 41.9018 1 0 0 0.969991 0.243141 0 0 -0.217921 0 0 -41.908 0 0
0.424 41.9018 1 0 0 0.99696 0.0779163 0 0 -0.222722 0 0 -41.908 0 0
0.432 41.9018 1 0 0 0.995988 -0.0894921 0 0 -0.227523 0 0 -41.908 0 0
0.44 41.9018 1 0 0 0.967101 -0.254392 0 0 -0.232323 0 0 -41.908 0 0
0.448 41.9018 1 0 0 0.91111 -0.412163 0 0 -0.237124 0 0 -41.908 0 0
0.456 41.9018 1 0 0 0.829584 -0.558382 0 0 -0.241925 0 0 -41.908 0 0
0.464 41.9018 1 0 0 0.724807 -0.688951 0 0 -0.246725 0 0 -41.908 0 0
0.472 41.9018 1 0 0 0.599717 -0.800212 0 0 -0.251526 0 0 -41.908 0 0
0.48 41.9018 1 0 0 0.457819 -0.889046 0 0 -0.256327 0 0 -41.908 0 0
0.488 41.9018 1 0 0 0.303089 -0.952962 0 0 -0.261128 0 0 -41.908 0 0
0.496 41.9018 1 0 0 0.139865 -0.990171 0 0 -0.265928 0 0 -41.908 0 0
0.504 41.9018 1 0 0 -0.0272785 -0.999628 0 0 -0.270729 0 0 -41.908 0 0
0.512 41.9018 1 0 0 -0.193658 -0.981069 0 0 -0.27553 0 0 -41.908 0 0
0.52 41.9018 1 0 0 -0.35461 -0.935014 0 0 -0.28033 0 0 -41.908 0 0
0.528 41.9018 1 0 0 -0.505623 -0.862754 0 0 -0.285131 0 0 -41.908 0 0
0.536 41.9018 1 0 0 -0.642466 -0.766315 0 0 -0.289932 0 0 -41.908 0 0
0.544 41.9018 1 0 0 -0.761302 -0.648398 0 0 -0.294732 0 0 -41.908 0 0
0.552 41.9018 1 0 0 -0.858802 -0.512308 0 0 -0.299533 0 0 -41.908 0 0
0.56 41.9018 1 0 0 -0.932232 -0.361861 0 0 -0.304334 0 0 -41.908 0 0
0.568 41.9018 1 0 0 -0.979536 -0.201271 0 0 -0.309135 0 0 -41.908 0 0
0.576 41.9018 1 0 0 -0.999386 -0.035041 0 0 -0.313935 0 0 -41.908 0 0
0.584 41.9018 1 0 0 -0.991227 0.132171 0 0 -0.318736 0 0 -41.908 -0 0
0.592 41.9018 1 0 0 -0.955287 0.295679 0 0 -0.323537 0 0 -41.908 -0 0
0.6 41.9018 1 0 0 -0.892574 0.4509 0 0 -0.328337 0 0 -41.908 -0 0
0.608 41.9018 1 0 0 -0.804845 0.593484 0 0 -0.333138 0 0 -41.908 -0 0
0.616 41.9018 1 0 0 -0.69456 0.719435 0 0 -0.337939 0 0 -41.908 -0 0
0.624 41.9018 1 0 0 -0.564808 0.825222 0 0 -0.342739 0 0 -41.908 -0 0
0.632 41.9018 1 0 0 -0.419226 0.907882 0 0 -0.34754 0 0 -41.908 -0 0
0.64 41.9018 1 0 0 -0.261895 0.965096 0 0 -0.352341 0 0 -41.908 -0 0
0.648 41.9018 1 0 0 -0.0972244 0.995262 0 0 -0.357142 0 0 -41.908 -0 0
0.656 41.9018 1 0 0 0.0701714 0.997535 0 0 -0.361942 0 0 -41.908 0 0
0.664 41.9018 1 0 0 0.235601 0.97185 0 0 -0.366743 0 0 -41.908 0 0
0.672 41.9018 1 0 0 0.394427 0.918927 0 0 -0.371544 0 0 -41.908 0 0
0.68 41.9018 1 0 0 0.542198 0.840251 0 0 -0.376344 0 0 -41.908 0 0
0.688 41.9018 1 0 0 0.674774 0.738024 0 0 -0.381145 0 0 -41.908 0 0
0.696 41.9018 1 0 0 0.788438 0.615114 0 0 -0.385946 0 0 -41.908 0 0
0.704 41.9018 1 0 0 0.880005 0.474964 0 0 -0.390747 0 0 -41.908 0 0
0.712 41.9018 1 0 0 0.946909 0.321502 0 0 -0.395547 0 0 -41.908 0 0
0.72 41.9018 1 0 0 0.987274 0.15903 0 0 -0.400348 0 0 -41.908 0 0
0.728 41.9018 1 0 0 0.999969 -0.00789894 0 0 -0.405149 0 0 -41.908 0 0
0.736 41.9018 1 0 0 0.984638 -0.174607 0 0 -0.409949 0 0 -41.908 0 0
0.744 41.9018 1 0 0 0.941712 -0.336421 0 0 -0.41475 0 0 -41.908 0 0
0.752 41.9018 1 0 0 0.872392 -0.488806 0 0 -0.419551 0 0 -41.908 0 0
0.76 41.9018 1 0 0 0.778623 -0.627492 0 0 -0.424351 0 0 -41.908 0 0
0.768 41.9018 1 0 0 0.663031 -0.748592 0 0 -0.429152 0 0 -41.908 0 0
0.776 41.9018 1 0 0 0.528857 -0.848711 0 0 -0.433953 0 0 -41.908 0 0
0.784 41.9018 1 0 0 0.379861 -0.925044 0 0 -0.438754 0 0 -41.908 0 0
0.792 41.9018 1 0 0 0.220218 -0.975451 0 0 -0.443554 0 0 -41.908 0 0
0.8 41.9018 1 0 0 0.0544042 -0.998519 0 0 -0.448355 0 0 -41.908 0 0
0.808 41.9018 1 0 0 -0.112935 -0.993602 0 0 -0.453156 0 0 -41.908 0 0
0.816 41.9018 1 0 0 -0.277109 -0.960839 0 0 -0.457956 0 0 -41.908 0 0
0.824 41.9018 1 0 0 -0.433516 -0.901146 0 0 -0.462757 0 0 -41.908 0 0
0.832 41.9018 1 0 0 -0.577774 -0.816197 0 0 -0.467558 0 0 -41.908 0 0
0.84 41.9018 1 0 0 -0.705838 -0.708373 0 0 -0.472359 0 0 -41.908 0 0
0.848 41.9018 1 0 0 -0.814121 -0.580696 0 0 -0.477159 0 0 -41.908 0 0
0.856 41.9018 1 0 0 -0.899586 -0.436744 0 0 -0.48196 0 0 -41.908 0 0
0.864 41.9018 1 0 0 -0.959839 -0.280551 0 0 -0.486761 0 0 -41.908 0 0
0.872 41.9018 1 0 0 -0.993191 -0.116496 0 0 -0.491561 0 0 -41.908 0 0
0.88 41.9018 1 0 0 -0.998708 0.0508243 0 0 -0.496362 0 0 -41.908 -0 0
0.888 41.9018 1 0 0 -0.976234 0.21672 0 0 -0.501163 0 0 -41.908 -0 0
0.896 41.9018 1 0 0 -0.926399 0.376542 0 0 -0.505963 0 0 -41.908 -0 0
0.904 41.9018 1 0 0 -0.850601 0.525811 0 0 -0.510764 0 0 -41.908 -0 0
0.912 41.9018 1 0 0 -0.750964 0.660343 0 0 -0.515565 0 0 -41.908 -0 0
0.92 41.9018 1 0 0 -0.63028 0.776368 0 0 -0.520366 0 0 -41.908 -0 0
0.928 41.9018 1 0 0 -0.491931 0.870634 0 0 -0.525166 0 0 -41.908 -0 0
0.936 41.9018 1 0 0 -0.339795 0.9405 0 0 -0.529967 0 0 -41.908 -0 0
0.944 41.9018 1 0 0 -0.178135 0.984006 0 0 -0.534768 0 0 -41.908 -0 0
0.952 41.9018 1 0 0 -0.0114836 0.999934 0 0 -0.539568 0 0 -41.908 -0 0
0.96 41.9018 1 0 0 0.15549 0.987837 0 0 -0.544369 0 0 -41.908 0 0
0.968 41.9018 1 0 0 0.318106 0.948055 0 0 -0.54917 0 0 -41.908 0 0
0.976 41.9018 1 0 0 0.471806 0.881702 0 0 -0.553971 0 0 -41.908 0 0
0.984 41.9018 1 0 0 0.612284 0.790638 0 0 -0.558771 0 0 -41.908 0 0
0.992 41.9018 1 0 0 0.735601 0.677415 0 0 -0.563572 0 0 -41.908 0 0
1 41.9018 1 0 0 0.838301 0.545207 0 0 -0.568373 0 0 -41.908 0 0
1.008 41.9018 1 0 0 0.917508 0.397718 0 0 -0.573173 0 0 -41.908 0 0
1.016 41.9018 1 0 0 0.970999 0.239083 0 0 -0.577974 0 0 -41.908 0 0
1.024 41.9018 1 0 0 0.997277 0.073747 0 0 -0.582775 0 0 -41.908 0 0
1.032 41.9018 1 0 0 0.995605 -0.0936559 0 0 -0.587575 0 0 -41.908 0 0
1.04 41.9018 1 0 0 0.966029 -0.258434 0 0 -0.592376 0 0 -41.908 0 0
1.048 41.9018 1 0 0 0.909379 -0.415969 0 0 -0.597177 0 0 -41.908 0 0
1.056 41.9018 1 0 0 0.827242 -0.561846 0 0 -0.601978 0 0 -41.908 0 0
1.064 41.9018 1 0 0 0.72192 -0.691976 0 0 -0.606778 0 0 -41.908 0 0
1.072 41.9018 1 0 0 0.596366 -0.802713 0 0 -0.611579 0 0 -41.908 0 0
1.08 41.9018 1 0 0 0.454097 -0.890952 0 0 -0.61638 0 0 -41.908 0 0
1.088 41.9018 1 0 0 0.299102 -0.954221 0 0 -0.62118 0 0 -41.908 0 0
1.096 41.9018 1 0 0 0.135724 -0.990747 0 0 -0.625981 0 0 -41.908 0 0
1.104 41.9018 1 0 0 -0.0314581 -0.999505 0 0 -0.630782 0 0 -41.908 0 0
1.112 41.9018 1 0 0 -0.197758 -0.980251 0 0 -0.635582 0 0 -41.908 0 0
1.12 41.9018 1 0 0 -0.358516 -0.933523 0 0 -0.640383 0 0 -41.908 0 0
1.128 41.9018 1 0 0 -0.509226 -0.860633 0 0 -0.645184 0 0 -41.908 0 0
1.136 41.9018 1 0 0 -0.645664 -0.763621 0 0 -0.649985 0 0 -41.908 0 0
1.144 41.9018 1 0 0 -0.764006 -0.645209 0 0 -0.654785 0 0 -41.908 0 0
1.152 41.9018 1 0 0 -0.860936 -0.508713 0 0 -0.659586 0 0 -41.908 0 0
1.16 41.9018 1 0 0 -0.933737 -0.357959 0 0 -0.664387 0 0 -41.908 0 0
1.168 41.9018 1 0 0 -0.980369 -0.197174 0 0 -0.669187 0 0 -41.908 0 0
1.176 41.9018 1 0 0 -0.999524 -0.0308619 0 0 -0.673988 0 0 -41.908 0 0
1.184 41.9018 1 0 0 -0.990666 0.136315 0 0 -0.678789 0 0 -41.908 -0 0
1.192 41.9018 1 0 0 -0.954043 0.299671 0 0 -0.68359 0 0 -41.908 -0 0
1.2 41.9018 1 0 0 -0.890681 0.454629 0 0 -0.68839 0 0 -41.908 -0 0
1.208 41.9018 1 0 0 -0.802357 0.596845 0 0 -0.693191 0 0 -41.908 -0 0
1.216 41.9018 1 0 0 -0.691545 0.722333 0 0 -0.697992 0 0 -41.908 -0 0
1.224 41.9018 1 0 0 -0.561352 0.827577 0 0 -0.702792 0 0 -41.908 -0 0
1.232 41.9018 1 0 0 -0.415426 0.909627 0 0 -0.707593 0 0 -41.908 -0 0
1.24 41.9018 1 0 0 -0.257858 0.966183 0 0 -0.712394 0 0 -41.908 -0 0
1.248 41.9018 1 0 0 -0.093062 0.99566 0 0 -0.717194 0 0 -41.908 -0 0
1.256 41.9018 1 0 0 0.0743418 0.997233 0 0 -0.721995 0 0 -41.908 0 0
1.264 41.9018 1 0 0 0.239662 0.970856 0 0 -0.726796 0 0 -41.908 0 0
1.272 41.9018 1 0 0 0.398266 0.91727 0 0 -0.731597 0 0 -41.908 0 0
1.28 41.9018 1 0 0 0.545707 0.837976 0 0 -0.736397 0 0 -41.908 0 0
1.288 41.9018 1 0 0 0.677854 0.735196 0 0 -0.741198 0 0 -41.908 0 0
1.296 41.9018 1 0 0 0.791003 0.611812 0 0 -0.745999 0 0 -41.908 0 0
1.304 41.9018 1 0 0 0.881984 0.47128 0 0 -0.750799 0 0 -41.908 0 0
1.312 41.9018 1 0 0 0.948245 0.31754 0 0 -0.7556 0 0 -41.908 0 0
1.32 41.9018 1 0 0 0.98793 0.154901 0 0 -0.760401 0 0 -41.908 0 0
1.328 41.9018 1 0 0 0.999927 -0.0120801 0 0 -0.765202 0 0 -41.908 0 0
1.336 41.9018 1 0 0 0.9839 -0.178722 0 0 -0.770002 0 0 -41.908 0 0
1.344 41.9018 1 0 0 0.940297 -0.340356 0 0 -0.774803 0 0 -41.908 0 0
1.352 41.9018 1 0 0 0.870341 -0.49245 0 0 -0.779604 0 0 -41.908 0 0
1.36 41.9018 1 0 0 0.775992 -0.630743 0 0 -0.784404 0 0 -41.908 0 0
1.368 41.9018 1 0 0 0.659895 -0.751358 0 0 -0.789205 0 0 -41.908 0 0
1.376 41.9018 1 0 0 0.525304 -0.850915 0 0 -0.794006 0 0 -41.908 0 0
1.384 41.9018 1 0 0 0.37599 -0.926624 0 0 -0.798806 0 0 -41.908 0 0
1.392 41.9018 1 0 0 0.216138 -0.976363 0 0 -0.803607 0 0 -41.908 0 0
1.4 41.9018 1 0 0 0.0502285 -0.998738 0 0 -0.808408 0 0 -41.908 0 0
1.408 41.9018 1 0 0 -0.117088 -0.993121 0 0 -0.813209 0 0 -41.908 0 0
1.416 41.9018 1 0 0 -0.281124 -0.959671 0 0 -0.818009 0 0 -41.908 0 0
1.424 41.9018 1 0 0 -0.43728 -0.899325 0 0 -0.82281 0 0 -41.908 0 0
1.432 41.9018 1 0 0 -0.581181 -0.813774 0 0 -0.827611 0 0 -41.908 0 0
1.44 41.9018 1 0 0 -0.708794 -0.705416 0 0 -0.832411 0 0 -41.908 0 0
1.448 41.9018 1 0 0 -0.816542 -0.577287 0 0 -0.837212 0 0 -41.908 0 0
1.456 41.9018 1 0 0 -0.901404 -0.432979 0 0 -0.842013 0 0 -41.908 0 0
1.464 41.9018 1 0 0 -0.961004 -0.276535 0 0 -0.846814 0 0 -41.908 0 0
1.472 41.9018 1 0 0 -0.99367 -0.112342 0 0 -0.851614 0 0 -41.908 0 0
1.48 41.9018 1 0 0 -0.998486 0.0549998 0 0 -0.856415 0 0 -41.908 -0 0
1.488 41.9018 1 0 0 -0.975319 0.2208 0 0 -0.861216 0 0 -41.908 -0 0
1.496 41.9018 1 0 0 -0.924817 0.380413 0 0 -0.866016 0 0 -41.908 -0 0
1.504 41.9018 1 0 0 -0.848395 0.529363 0 0 -0.870817 0 0 -41.908 -0 0
1.512 41.9018 1 0 0 -0.748196 0.663477 0 0 -0.875618 0 0 -41.908 -0 0
1.52 41.9018 1 0 0 -0.627028 0.778997 0 0 -0.880418 0 0 -41.908 -0 0
1.528 41.9018 1 0 0 -0.488286 0.872684 0 0 -0.885219 0 0 -41.908 -0 0
1.536 41.9018 1 0 0 -0.335859 0.941912 0 0 -0.89002 0 0 -41.908 -0 0
1.544 41.9018 1 0 0 -0.174019 0.984742 0 0 -0.894821 0 0 -41.908 -0 0
1.552 41.9018 1 0 0 -0.00730243 0.999973 0 0 -0.899621 0 0 -41.908 -0 0
1.56 41.9018 1 0 0 0.159619 0.987179 0 0 -0.904422 0 0 -41.908 0 0
1.568 41.9018 1 0 0 0.322067 0.946717 0 0 -0.909223 0 0 -41.908 0 0
1.576 41.9018 1 0 0 0.475489 0.879722 0 0 -0.914023 0 0 -41.908 0 0
1.584 41.9018 1 0 0 0.615584 0.788071 0 0 -0.918824 0 0 -41.908 0 0
1.592 41.9018 1 0 0 0.738427 0.674334 0 0 -0.923625 0 0 -41.908 0 0
1.6 41.9018 1 0 0 0.840574 0.541697 0 0 -0.928426 0 0 -41.908 0 0
1.608 41.9018 1 0 0 0.919163 0.393878 0 0 -0.933226 0 0 -41.908 0 0
1.616 41.9018 1 0 0 0.97199 0.235021 0 0 -0.938027 0 0 -41.908 0 0
1.624 41.9018 1 0 0 0.997577 0.0695763 0 0 -0.942828 0 0 -41.908 0 0
1.632 41.9018 1 0 0 0.995204 -0.0978181 0 0 -0.947628 0 0 -41.908 0 0
1.64 41.9018 1 0 0 0.96494 -0.262471 0 0 -0.952429 0 0 -41.908 0 0
1.648 41.9018 1 0 0 0.907632 -0.419768 0 0 -0.95723 0 0 -41.908 0 0
1.656 41.9018 1 0 0 0.824885 -0.5653 0 0 -0.96203 0 0 -41.908 0 0
1.664 41.9018 1 0 0 0.719021 -0.694989 0 0 -0.966831 0 0 -41.908 0 0
1.672 41.9018 1 0 0 0.593004 -0.805199 0 0 -0.971632 0 0 -41.908 0 0
1.68 41.9018 1 0 0 0.450368 -0.892843 0 0 -0.976433 0 0 -41.908 0 0
1.688 41.9018 1 0 0 0.295109 -0.955463 0 0 -0.981233 0 0 -41.908 0 0
1.696 41.9018 1 0 0 0.13158 -0.991306 0 0 -0.986034 0 0 -41.908 0 0
1.704 41.9018 1 0 0 -0.0356371 -0.999365 0 0 -0.990835 0 0 -41.908 0 0
1.712 41.9018 1 0 0 -0.201856 -0.979415 0 0 -0.995635 0 0 -41.908 0 0
1.72 41.9018 1 0 0 -0.362417 -0.932016 0 0 -1.00044 0 0 -41.908 0 0
1.728 41.9018 1 0 0 -0.51282 -0.858496 0 0 -1.00524 0 0 -41.908 0 0
1.736 41.9018 1 0 0 -0.648852 -0.760915 0 0 -1.01004 0 0 -41.908 0 0
1.744 41.9018 1 0 0 -0.766698 -0.642008 0 0 -1.01484 0 0 -41.908 0 0
1.752 41.9018 1 0 0 -0.863056 -0.505108 0 0 -1.01964 0 0 -41.908 0 0
1.76 41.9018 1 0 0 -0.935226 -0.354052 0 0 -1.02444 0 0 -41.908 0 0
1.768 41.9018 1 0 0 -0.981184 -0.193073 0 0 -1.02924 0 0 -41.908 0 0
1.776 41.9018 1 0 0 -0.999644 -0.0266822 0 0 -1.03404 0 0 -41.908 0 0
1.784 41.9018 1 0 0 -0.990087 0.140456 0 0 -1.03884 0 0 -41.908 -0 0
1.792 41.9018 1 0 0 -0.952781 0.303658 0 0 -1.04364 0 0 -41.908 -0 0
1.8 41.9018 1 0 0 -0.888772 0.458349 0 0 -1.04844 0 0 -41.908 -0 0
1.808 41.9018 1 0 0 -0.799854 0.600194 0 0 -1.05324 0 0 -41.908 -0 0
1.816 41.9018 1 0 0 -0.688519 0.725218 0 0 -1.05804 0 0 -41.908 -0 0
1.824 41.9018 1 0 0 -0.557887 0.829917 0 0 -1.06285 0 0 -41.908 -0 0
1.832 41.9018 1 0 0 -0.411619 0.911356 0 0 -1.06765 0 0 -41.908 -0 0
1.84 41.9018 1 0 0 -0.253815 0.967253 0 0 -1.07245 0 0 -41.908 -0 0
1.848 41.9018 1 0 0 -0.088898 0.996041 0 0 -1.07725 0 0 -41.908 -0 0
1.856 41.9018 1 0 0 0.078511 0.996913 0 0 -1.08205 0 0 -41.908 0 0
1.864 41.9018 1 0 0 0.24372 0.969846 0 0 -1.08685 0 0 -41.908 0 0
1.872 41.9018 1 0 0 0.402098 0.915597 0 0 -1.09165 0 0 -41.908 0 0
1.88 41.9018 1 0 0 0.549206 0.835687 0 0 -1.09645 0 0 -41.908 0 0
1.888 41.9018 1 0 0 0.680922 0.732356 0 0 -1.10125 0 0 -41.908 0 0
1.896 41.9018 1 0 0 0.793555 0.608499 0 0 -1.10605 0 0 -41.908 0 0
1.904 41.9018 1 0 0 0.883946 0.467588 0 0 -1.11085 0 0 -41.908 0 0
1.912 41.9018 1 0 0 0.949564 0.313572 0 0 -1.11565 0 0 -41.908 0 0
1.92 41.9018 1 0 0 0.988569 0.150768 0 0 -1.12045 0 0 -41.908 0 0
1.928 41.9018 1 0 0 0.999868 -0.0162611 0 0 -1.12525 0 0 -41.908 0 0
1.936 41.9018 1 0 0 0.983144 -0.182835 0 0 -1.13006 0 0 -41.908 0 0
1.944 41.9018 1 0 0 0.938865 -0.344284 0 0 -1.13486 0 0 -41.908 0 0
1.952 41.9018 1 0 0 0.868274 -0.496085 0 0 -1.13966 0 0 -41.908 0 0
1.96 41.9018 1 0 0 0.773348 -0.633982 0 0 -1.14446 0 0 -41.908 0 0
1.968 41.9018 1 0 0 0.656748 -0.75411 0 0 -1.14926 0 0 -41.908 0 0
1.976 41.9018 1 0 0 0.521741 -0.853104 0 0 -1.15406 0 0 -41.908 0 0
1.984 41.9018 1 0 0 0.372112 -0.928188 0 0 -1.15886 0 0 -41.908 0 0
1.992 41.9018 1 0 0 0.212053 -0.977258 0 0 -1.16366 0 0 -41.908 0 0
2 41.9018 1 0 0 0.046052 -0.998939 0 0 -1.16846 0 0 -41.908 0 0
2.008 41.9018 1 0 0 -0.12124 -0.992623 0 0 -1.17326 0 0 -41.908 0 0
2.016 41.9018 1 0 0 -0.285134 -0.958488 0 0 -1.17806 0 0 -41.908 0 0
2.024 41.9018 1 0 0 -0.441037 -0.897489 0 0 -1.18286 0 0 -41.908 0 0
2.032 41.9018 1 0 0 -0.584579 -0.811337 0 0 -1.18766 0 0 -41.908 0 0
2.04 41.9018 1 0 0 -0.711737 -0.702446 0 0 -1.19246 0 0 -41.908 0 0
2.048 41.9018 1 0 0 -0.818948 -0.573867 0 0 -1.19726 0 0 -41.908 0 0
2.056 41.9018 1 0 0 -0.903207 -0.429206 0 0 -1.20207 0 0 -41.908 0 0
2.064 41.9018 1 0 0 -0.962152 -0.272515 0 0 -1.20687 0 0 -41.908 0 0
2.072 41.9018 1 0 0 -0.994131 -0.108186 0 0 -1.21167 0 0 -41.908 0 0
2.08 41.9018 1 0 0 -0.998248 0.0591744 0 0 -1.21647 0 0 -41.908 -0 0
2.088 41.9018 1 0 0 -0.974387 0.224877 0 0 -1.22127 0 0 -41.908 -0 0
2.096 41.9018 1 0 0 -0.923218 0.384276 0 0 -1.22607 0 0 -41.908 -0 0
2.104 41.9018 1 0 0 -0.846174 0.532906 0 0 -1.23087 0 0 -41.908 -0 0
2.112 41.9018 1 0 0 -0.745415 0.6666 0 0 -1.23567 0 0 -41.908 -0 0
2.12 41.9018 1 0 0 -0.623765 0.781612 0 0 -1.24047 0 0 -41.908 -0 0
2.128 41.9018 1 0 0 -0.484633 0.874718 0 0 -1.24527 0 0 -41.908 -0 0
2.136 41.9018 1 0 0 -0.331918 0.943308 0 0 -1.25007 0 0 -41.908 -0 0
2.144 41.9018 1 0 0 -0.1699 0.985461 0 0 -1.25487 0 0 -41.908 -0 0
2.152 41.9018 1 0 0 -0.0031211 0.999995 0 0 -1.25967 0 0 -41.908 -0 0
2.16 41.9018 1 0 0 0.163746 0.986503 0 0 -1.26447 0 0 -41.908 0 0
2.168 41.9018 1 0 0 0.326023 0.945362 0 0 -1.26928 0 0 -41.908 0 0
2.176 41.9018 1 0 0 0.479163 0.877726 0 0 -1.27408 0 0 -41.908 0 0
2.184 41.9018 1 0 0 0.618874 0.78549 0 0 -1.27888 0 0 -41.908 0 0
2.192 41.9018 1 0 0 0.74124 0.67124 0 0 -1.28368 0 0 -41.908 0 0
2.2 41.9018 1 0 0 0.842832 0.538178 0 0 -1.28848 0 0 -41.908 0 0
2.208 41.9018 1 0 0 0.920801 0.390032 0 0 -1.29328 0 0 -41.908 0 0
2.216 41.9018 1 0 0 0.972965 0.230954 0 0 -1.29808 0 0 -41.908 0 0
2.224 41.9018 1 0 0 0.997859 0.0654045 0 0 -1.30288 0 0 -41.908 0 0
2.232 41.9018 1 0 0 0.994787 -0.101979 0 0 -1.30768 0 0 -41.908 0 0
2.24 41.9018 1 0 0 0.963834 -0.266504 0 0 -1.31248 0 0 -41.908 0 0
2.248 41.9018 1 0 0 0.905868 -0.423559 0 0 -1.31728 0 0 -41.908 0 0
2.256 41.9018 1 0 0 0.822514 -0.568744 0 0 -1.32208 0 0 -41.908 0 0
2.264 41.9018 1 0 0 0.716108 -0.697989 0 0 -1.32688 0 0 -41.908 0 0
2.272 41.9018 1 0 0 0.589632 -0.807672 0 0 -1.33168 0 0 -41.908 0 0
2.28 41.9018 1 0 0 0.446631 -0.894718 0 0 -1.33649 0 0 -41.908 0 0
2.288 41.9018 1 0 0 0.291112 -0.956689 0 0 -1.34129 0 0 -41.908 0 0
2.296 41.9018 1 0 0 0.127434 -0.991847 0 0 -1.34609 0 0 -41.908 0 0
2.304 41.9018 1 0 0 -0.0398156 -0.999207 0 0 -1.35089 0 0 -41.908 0 0
2.312 41.9018 1 0 0 -0.205949 -0.978563 0 0 -1.35569 0 0 -41.908 0 0
2.32 41.9018 1 0 0 -0.36631 -0.930493 0 0 -1.36049 0 0 -41.908 0 0
2.328 41.9018 1 0 0 -0.516406 -0.856344 0 0 -1.36529 0 0 -41.908 0 0
2.336 41.9018 1 0 0 -0.652028 -0.758195 0 0 -1.37009 0 0 -41.908 0 0
2.344 41.9018 1 0 0 -0.769375 -0.638797 0 0 -1.37489 0 0 -41.908 0 0
2.352 41.9018 1 0 0 -0.86516 -0.501495 0 0 -1.37969 0 0 -41.908 0 0
2.36 41.9018 1 0 0 -0.936698 -0.350138 0 0 -1.38449 0 0 -41.908 0 0
2.368 41.9018 1 0 0 -0.981983 -0.188968 0 0 -1.38929 0 0 -41.908 0 0
2.376 41.9018 1 0 0 -0.999747 -0.0225021 0 0 -1.39409 0 0 -41.908 0 0
2.384 41.9018 1 0 0 -0.989491 0.144595 0 0 -1.39889 0 0 -41.908 -0 0
2.392 41.9018 1 0 0 -0.951503 0.307639 0 0 -1.4037 0 0 -41.908 -0 0
2.4 41.9018 1 0 0 -0.886848 0.462061 0 0 -1.4085 0 0 -41.908 -0 0
2.408 41.9018 1 0 0 -0.797338 0.603534 0 0 -1.4133 0 0 -41.908 -0 0
2.416 41.9018 1 0 0 -0.685481 0.728091 0 0 -1.4181 0 0 -41.908 -0 0
2.424 41.9018 1 0 0 -0.554412 0.832242 0 0 -1.4229 0 0 -41.908 -0 0
2.432 41.9018 1 0 0 -0.407805 0.913069 0 0 -1.4277 0 0 -41.908 -0 0
2.44 41.9018 1 0 0 -0.249769 0.968306 0 0 -1.4325 0 0 -41.908 -0 0
2.448 41.9018 1 0 0 -0.0847324 0.996404 0 0 -1.4373 0 0 -41.908 -0 0
2.456 41.9018 1 0 0 0.0826788 0.996576 0 0 -1.4421 0 0 -41.908 0 0
2.464 41.9018 1 0 0 0.247773 0.968818 0 0 -1.4469 0 0 -41.908 0 0
2.472 41.9018 1 0 0 0.405922 0.913908 0 0 -1.4517 0 0 -41.908 0 0
2.48 41.9018 1 0 0 0.552696 0.833383 0 0 -1.4565 0 0 -41.908 0 0
2.488 41.9018 1 0 0 0.683979 0.729502 0 0 -1.4613 0 0 -41.908 0 0
2.496 41.9018 1 0 0 0.796092 0.605175 0 0 -1.4661 0 0 -41.908 0 0
2.504 41.9018 1 0 0 0.885894 0.463888 0 0 -1.47091 0 0 -41.908 0 0
2.512 41.9018 1 0 0 0.950867 0.309599 0 0 -1.47571 0 0 -41.908 0 0
2.52 41.9018 1 0 0 0.989191 0.146634 0 0 -1.48051 0 0 -41.908 0 0
2.528 41.9018 1 0 0 0.999791 -0.0204418 0 0 -1.48531 0 0 -41.908 0 0
2.536 41.9018 1 0 0 0.982371 -0.186944 0 0 -1.49011 0 0 -41.908 0 0
2.544 41.9018 1 0 0 0.937418 -0.348207 0 0 -1.49491 0 0 -41.908 0 0
2.552 41.9018 1 0 0 0.866192 -0.499711 0 0 -1.49971 0 0 -41.908 0 0
2.56 41.9018 1 0 0 0.77069 -0.63721 0 0 -1.50451 0 0 -41.908 0 0
2.568 41.9018 1 0 0 0.653589 -0.75685 0 0 -1.50931 0 0 -41.908 0 0
2.576 41.9018 1 0 0 0.518169 -0.855278 0 0 -1.51411 0 0 -41.908 0 0
2.584 41.9018 1 0 0 0.368227 -0.929736 0 0 -1.51891 0 0 -41.908 0 0
2.592 41.9018 1 0 0 0.207965 -0.978136 0 0 -1.52371 0 0 -41.908 0 0
2.6 41.9018 1 0 0 0.0418747 -0.999123 0 0 -1.52851 0 0 -41.908 0 0
2.608 41.9018 1 0 0 -0.12539 -0.992108 0 0 -1.53331 0 0 -41.908 0 0
2.616 41.9018 1 0 0 -0.289139 -0.957287 0 0 -1.53812 0 0 -41.908 0 0
2.624 41.9018 1 0 0 -0.444786 -0.895637 0 0 -1.54292 0 0 -41.908 0 0
2.632 41.9018 1 0 0 -0.587966 -0.808885 0 0 -1.54772 0 0 -41.908 0 0
2.64 41.9018 1 0 0 -0.714668 -0.699463 0 0 -1.55252 0 0 -41.908 0 0
2.648 41.9018 1 0 0 -0.821341 -0.570438 0 0 -1.55732 0 0 -41.908 0 0
2.656 41.9018 1 0 0 -0.904994 -0.425425 0 0 -1.56212 0 0 -41.908 0 0
2.664 41.9018 1 0 0 -0.963283 -0.268489 0 0 -1.56692 0 0 -41.908 0 0
2.672 41.9018 1 0 0 -0.994574 -0.104028 0 0 -1.57172 0 0 -41.908 0 0
2.68 41.9018 1 0 0 -0.997992 0.0633479 0 0 -1.57652 0 0 -41.908 -0 0
2.688 41.9018 1 0 0 -0.973438 0.228949 0 0 -1.58132 0 0 -41.908 -0 0
2.696 41.9018 1 0 0 -0.921603 0.388133 0 0 -1.58612 0 0 -41.908 -0 0
2.704 41.9018 1 0 0 -0.843939 0.536439 0 0 -1.59092 0 0 -41.908 -0 0
2.712 41.9018 1 0 0 -0.742622 0.669711 0 0 -1.59572 0 0 -41.908 -0 0
2.72 41.9018 1 0 0 -0.620491 0.784213 0 0 -1.60052 0 0 -41.908 -0 0
2.728 41.9018 1 0 0 -0.480971 0.876737 0 0 -1.60532 0 0 -41.908 -0 0
2.736 41.9018 1 0 0 -0.32797 0.944688 0 0 -1.61013 0 0 -41.908 -0 0
2.744 41.9018 1 0 0 -0.165778 0.986163 0 0 -1.61493 0 0 -41.908 -0 0
2.752 41.9018 1 0 0 0.00106028 0.999999 0 0 -1.61973 0 0 -41.908 -0 0
2.76 41.9018 1 0 0 0.167869 0.985809 0 0 -1.62453 0 0 -41.908 0 0
2.768 41.9018 1 0 0 0.329973 0.94399 0 0 -1.62933 0 0 -41.908 0 0
2.776 41.9018 1 0 0 0.482829 0.875715 0 0 -1.63413 0 0 -41.908 0 0
2.784 41.9018 1 0 0 0.622153 0.782896 0 0 -1.63893 0 0 -41.908 0 0
2.792 41.9018 1 0 0 0.74404 0.668135 0 0 -1.64373 0 0 -41.908 0 0
2.8 41.9018 1 0 0 0.845074 0.534649 0 0 -1.64853 0 0 -41.908 0 0
2.808 41.9018 1 0 0 0.922424 0.386178 0 0 -1.65333 0 0 -41.908 0 0
2.816 41.9018 1 0 0 0.973922 0.226884 0 0 -1.65813 0 0 -41.908 0 0
2.824 41.9018 1 0 0 0.998124 0.0612315 0 0 -1.66293 0 0 -41.908 0 0
2.832 41.9018 1 0 0 0.994351 -0.106137 0 0 -1.66773 0 0 -41.908 0 0
2.84 41.9018 1 0 0 0.962711 -0.270531 0 0 -1.67253 0 0 -41.908 0 0
2.848 41.9018 1 0 0 0.904089 -0.427343 0 0 -1.67734 0 0 -41.908 0 0
2.856 41.9018 1 0 0 0.820129 -0.572178 0 0 -1.68214 0 0 -41.908 0 0
2.864 41.9018 1 0 0 0.713184 -0.700977 0 0 -1.68694 0 0 -41.908 0 0
2.872 41.9018 1 0 0 0.58625 -0.81013 0 0 -1.69174 0 0 -41.908 0 0
2.88 41.9018 1 0 0 0.442886 -0.896578 0 0 -1.69654 0 0 -41.908 0 0
2.888 41.9018 1 0 0 0.287109 -0.957898 0 0 -1.70134 0 0 -41.908 0 0
2.896 41.9018 1 0 0 0.123285 -0.992371 0 0 -1.70614 0 0 -41.908 0 0
2.904 41.9018 1 0 0 -0.0439933 -0.999032 0 0 -1.71094 0 0 -41.908 0 0
2.912 41.9018 1 0 0 -0.210039 -0.977693 0 0 -1.71574 0 0 -41.908 0 0
2.92 41.9018 1 0 0 -0.370198 -0.928953 0 0 -1.72054 0 0 -41.908 0 0
2.928 41.9018 1 0 0 -0.519982 -0.854177 0 0 -1.72534 0 0 -41.908 0 0
2.936 41.9018 1 0 0 -0.655192 -0.755462 0 0 -1.73014 0 0 -41.908 0 0
2.944 41.9018 1 0 0 -0.77204 -0.635574 0 0 -1.73494 0 0 -41.908 0 0
2.952 41.9018 1 0 0 -0.86725 -0.497873 0 0 -1.73974 0 0 -41.908 0 0
2.96 41.9018 1 0 0 -0.938154 -0.346219 0 0 -1.74455 0 0 -41.908 0 0
2.968 41.9018 1 0 0 -0.982765 -0.184861 0 0 -1.74935 0 0 -41.908 0 0
2.976 41.9018 1 0 0 -0.999832 -0.0183216 0 0 -1.75415 0 0 -41.908 0 0
2.984 41.9018 1 0 0 -0.988878 0.148731 0 0 -1.75895 0 0 -41.908 -0 0
2.992 41.9018 1 0 0 -0.950208 0.311615 0 0 -1.76375 0 0 -41.908 -0 0
3 41.9018 1 0 0 -0.884908 0.465765 0 0 -1.76855 0 0 -41.908 -0 0
3.008 41.9018 1 0 0 -0.794807 0.606862 0 0 -1.77335 0 0 -41.908 -0 0
3.016 41.9018 1 0 0 -0.68243 0.730951 0 0 -1.77815 0 0 -41.908 -0 0
3.024 41.9018 1 0 0 -0.550927 0.834553 0 0 -1.78295 0 0 -41.908 -0 0
3.032 41.9018 1 0 0 -0.403984 0.914766 0 0 -1.78775 0 0 -41.908 -0 0
3.04 41.9018 1 0 0 -0.245718 0.969341 0 0 -1.79255 0 0 -41.908 -0 0
3.048 41.9018 1 0 0 -0.0805653 0.996749 0 0 -1.79735 0 0 -41.908 -0 0
3.056 41.9018 1 0 0 0.0868451 0.996222 0 0 -1.80215 0 0 -41.908 0 0
3.064 41.9018 1 0 0 0.251822 0.967774 0 0 -1.80695 0 0 -41.908 0 0
3.072 41.9018 1 0 0 0.40974 0.912202 0 0 -1.81176 0 0 -41.908 0 0
3.08 41.9018 1 0 0 0.556175 0.831065 0 0 -1.81656 0 0 -41.908 0 0
3.088 41.9018 1 0 0 0.687023 0.726636 0 0 -1.82136 0 0 -41.908 0 0
3.096 41.9018 1 0 0 0.798616 0.601841 0 0 -1.82616 0 0 -41.908 0 0
3.104 41.9018 1 0 0 0.887826 0.46018 0 0 -1.83096 0 0 -41.908 0 0
3.112 41.9018 1 0 0 0.952153 0.305621 0 0 -1.83576 0 0 -41.908 0 0
3.12 41.9018 1 0 0 0.989795 0.142496 0 0 -1.84056 0 0 -41.908 0 0
3.128 41.9018 1 0 0 0.999697 -0.0246221 0 0 -1.84536 0 0 -41.908 0 0
3.136 41.9018 1 0 0 0.98158 -0.19105 0 0 -1.85016 0 0 -41.908 0 0
3.144 41.9018 1 0 0 0.935953 -0.352124 0 0 -1.85496 0 0 -41.908 0 0
3.152 41.9018 1 0 0 0.864095 -0.503329 0 0 -1.85976 0 0 -41.908 0 0
3.16 41.9018 1 0 0 0.768019 -0.640427 0 0 -1.86456 0 0 -41.908 0 0
3.168 41.9018 1 0 0 0.650418 -0.759576 0 0 -1.86936 0 0 -41.908 0 0
3.176 41.9018 1 0 0 0.514588 -0.857437 0 0 -1.87416 0 0 -41.908 0 0
3.184 41.9018 1 0 0 0.364337 -0.931267 0 0 -1.87897 0 0 -41.908 0 0
3.192 41.9018 1 0 0 0.203873 -0.978997 0 0 -1.88377 0 0 -41.908 0 0
3.2 41.9018 1 0 0 0.0376966 -0.999289 0 0 -1.88857 0 0 -41.908 0 0
3.208 41.9018 1 0 0 -0.129537 -0.991575 0 0 -1.89337 0 0 -41.908 0 0
3.216 41.9018 1 0 0 -0.29314 -0.95607 0 0 -1.89817 0 0 -41.908 0 0
3.224 41.9018 1 0 0 -0.448527 -0.893769 0 0 -1.90297 0 0 -41.908 0 0
3.232 41.9018 1 0 0 -0.591344 -0.80642 0 0 -1.90777 0 0 -41.908 0 0
3.24 41.9018 1 0 0 -0.717587 -0.696469 0 0 -1.91257 0 0 -41.908 0 0
3.248 41.9018 1 0 0 -0.823719 -0.566999 0 0 -1.91737 0 0 -41.908 0 0
3.256 41.9018 1 0 0 -0.906765 -0.421637 0 0 -1.92217 0 0 -41.908 0 0
3.264 41.9018 1 0 0 -0.964397 -0.264459 0 0 -1.92697 0 0 -41.908 0 0
3.272 41.9018 1 0 0 -0.995001 -0.0998688 0 0 -1.93177 0 0 -41.908 0 0
3.28 41.9018 1 0 0 -0.997718 0.0675203 0 0 -1.93657 0 0 -41.908 -0 0
3.288 41.9018 1 0 0 -0.972473 0.233017 0 0 -1.94137 0 0 -41.908 -0 0
3.296 41.9018 1 0 0 -0.919972 0.391983 0 0 -1.94617 0 0 -41.908 -0 0
3.304 41.9018 1 0 0 -0.841688 0.539964 0 0 -1.95098 0 0 -41.908 -0 0
3.312 41.9018 1 0 0 -0.739815 0.672811 0 0 -1.95578 0 0 -41.908 -0 0
3.32 41.9018 1 0 0 -0.617207 0.786801 0 0 -1.96058 0 0 -41.908 -0 0
3.328 41.9018 1 0 0 -0.477301 0.87874 0 0 -1.96538 0 0 -41.908 -0 0
3.336 41.9018 1 0 0 -0.324018 0.946051 0 0 -1.97018 0 0 -41.908 -0 0
3.344 41.9018 1 0 0 -0.161653 0.986848 0 0 -1.97498 0 0 -41.908 -0 0
3.352 41.9018 1 0 0 0.00524164 0.999986 0 0 -1.97978 0 0 -41.908 -0 0
3.36 41.9018 1 0 0 0.17199 0.985099 0 0 -1.98458 0 0 -41.908 0 0
3.368 41.9018 1 0 0 0.333917 0.942602 0 0 -1.98938 0 0 -41.908 0 0
3.376 41.9018 1 0 0 0.486486 0.873688 0 0 -1.99418 0 0 -41.908 0 0
3.384 41.9018 1 0 0 0.625421 0.780287 0 0 -1.99898 0 0 -41.908 0 0
3.392 41.9018 1 0 0 0.746827 0.665018 0 0 -2.00378 0 0 -41.908 0 0
3.4 41.9018 1 0 0 0.847303 0.53111 0 0 -2.00858 0 0 -41.908 0 0
3.408 41.9018 1 0 0 0.924031 0.382318 0 0 -2.01338 0 0 -41.908 0 0
3.416 41.9018 1 0 0 0.974862 0.22281 0 0 -2.01819 0 0 -41.908 0 0
3.424 41.9018 1 0 0 0.998371 0.0570574 0 0 -2.02299 0 0 -41.908 0 0
3.432 41.9018 1 0 0 0.993899 -0.110294 0 0 -2.02779 0 0 -41.908 0 0
3.44 41.9018 1 0 0 0.961572 -0.274554 0 0 -2.03259 0 0 -41.908 0 0
3.448 41.9018 1 0 0 0.902295 -0.43112 0 0 -2.03739 0 0 -41.908 0 0
3.456 41.9018 1 0 0 0.817729 -0.575603 0 0 -2.04219 0 0 -41.908 0 0
3.464 41.9018 1 0 0 0.710246 -0.703953 0 0 -2.04699 0 0 -41.908 0 0
3.472 41.9018 1 0 0 0.582857 -0.812575 0 0 -2.05179 0 0 -41.908 0 0
3.48 41.9018 1 0 0 0.439133 -0.898422 0 0 -2.05659 0 0 -41.908 0 0
3.488 41.9018 1 0 0 0.283101 -0.95909 0 0 -2.06139 0 0 -41.908 0 0
3.496 41.9018 1 0 0 0.119135 -0.992878 0 0 -2.06619 0 0 -41.908 0 0
3.504 41.9018 1 0 0 -0.0481702 -0.998839 0 0 -2.07099 0 0 -41.908 0 0
3.512 41.9018 1 0 0 -0.214125 -0.976806 0 0 -2.07579 0 0 -41.908 0 0
3.52 41.9018 1 0 0 -0.374079 -0.927397 0 0 -2.08059 0 0 -41.908 0 0
3.528 41.9018 1 0 0 -0.523549 -0.851996 0 0 -2.0854 0 0 -41.908 0 0
3.536 41.9018 1 0 0 -0.658345 -0.752716 0 0 -2.0902 0 0 -41.908 0 0
3.544 41.9018 1 0 0 -0.774691 -0.63234 0 0 -2.095 0 0 -41.908 0 0
3.552 41.9018 1 0 0 -0.869324 -0.494243 0 0 -2.0998 0 0 -41.908 0 0
3.56 41.9018 1 0 0 -0.939593 -0.342293 0 0 -2.1046 0 0 -41.908 0 0
3.568 41.9018 1 0 0 -0.983529 -0.18075 0 0 -2.1094 0 0 -41.908 0 0
3.576 41.9018 1 0 0 -0.9999 -0.0141408 0 0 -2.1142 0 0 -41.908 0 0
3.584 41.9018 1 0 0 -0.988247 0.152864 0 0 -2.119 0 0 -41.908 -0 0
3.592 41.9018 1 0 0 -0.948897 0.315585 0 0 -2.1238 0 0 -41.908 -0 0
3.6 41.9018 1 0 0 -0.882953 0.469462 0 0 -2.1286 0 0 -41.908 -0 0
3.608 41.9018 1 0 0 -0.792263 0.61018 0 0 -2.1334 0 0 -41.908 -0 0
3.616 41.9018 1 0 0 -0.679368 0.733798 0 0 -2.1382 0 0 -41.908 -0 0
3.624 41.9018 1 0 0 -0.547433 0.83685 0 0 -2.143 0 0 -41.908 -0 0
3.632 41.9018 1 0 0 -0.400155 0.916447 0 0 -2.1478 0 0 -41.908 -0 0
3.64 41.9018 1 0 0 -0.241662 0.97036 0 0 -2.15261 0 0 -41.908 -0 0
3.648 41.9018 1 0 0 -0.0763968 0.997077 0 0 -2.15741 0 0 -41.908 -0 0
3.656 41.9018 1 0 0 0.0910099 0.99585 0 0 -2.16221 0 0 -41.908 0 0
3.664 41.9018 1 0 0 0.255866 0.966712 0 0 -2.16701 0 0 -41.908 0 0
3.672 41.9018 1 0 0 0.413551 0.910481 0 0 -2.17181 0 0 -41.908 0 0
3.68 41.9018 1 0 0 0.559646 0.828732 0 0 -2.17661 0 0 -41.908 0 0
3.688 41.9018 1 0 0 0.690055 0.723757 0 0 -2.18141 0 0 -41.908 0 0
3.696 41.9018 1 0 0 0.801125 0.598497 0 0 -2.18621 0 0 -41.908 0 0
3.704 41.9018 1 0 0 0.889742 0.456463 0 0 -2.19101 0 0 -41.908 0 0
3.712 41.9018 1 0 0 0.953423 0.301637 0 0 -2.19581 0 0 -41.908 0 0
3.72 41.9018 1 0 0 0.990383 0.138356 0 0 -2.20061 0 0 -41.908 0 0
3.728 41.9018 1 0 0 0.999585 -0.028802 0 0 -2.20541 0 0 -41.908 0 0
3.736 41.9018 1 0 0 0.980773 -0.195153 0 0 -2.21021 0 0 -41.908 0 0
3.744 41.9018 1 0 0 0.934473 -0.356034 0 0 -2.21501 0 0 -41.908 0 0
