0 0.00548568
0.02 0.00843477
0.04 0.0223552
0.06 0.0362756
0.08 0.050196
0.1 0.0641164
0.12 0.0780367
0.14 0.0919569
0.16 0.105877
0.18 0.119797
0.2 0.133717
0.22 0.147637
0.24 0.161557
0.26 0.175477
0.28 0.189396
0.3 0.203316
0.32 0.217235
0.34 0.231154
0.36 0.245073
0.38 0.258992
0.4 0.27291
0.42 0.286829
0.44 0.300747
0.46 0.314664
0.48 0.328582
0.5 0.342499
0.52 0.356416
0.54 0.370333
0.56 0.38425
0.58 0.398166
0.6 0.412081
0.62 0.425997
0.64 0.439911
0.66 0.453826
0.68 0.46774
0.7 0.481654
0.72 0.495567
0.74 0.509479
0.76 0.523391
0.78 0.537302
0.8 0.551213
0.82 0.565123
0.84 0.579033
0.86 0.592941
0.88 0.606849
0.9 0.620756
0.92 0.634662
0.94 0.648567
0.96 0.662471
0.98 0.676374
1 0.690276
1.02 0.704176
1.04 0.718075
1.06 0.731973
1.08 0.745869
1.1 0.759763
1.12 0.773654
1.14 0.787544
1.16 0.801432
1.18 0.815316
1.2 0.829198
1.22 0.843076
1.24 0.85695
1.26 0.870819
1.28 0.884682
1.3 0.898539
1.32 0.912387
1.34 0.926224
1.36 0.940047
1.38 0.953848
1.4 0.967612
1.42 0.981292
1.44 0.905803
1.46 0.813317
1.48 0.777532
1.5 0.730639
1.52 0.700814
1.54 0.67542
1.56 0.660539
1.58 0.633138
1.6 0.622346
1.62 0.597601
1.64 0.586165
1.66 0.576205
1.68 0.560684
1.7 0.543155
1.72 0.533242
1.74 0.524296
1.76 0.515561
1.78 0.50688
1.8 0.498233
1.82 0.489672
1.84 0.481292
1.86 0.473171
1.88 0.465323
1.9 0.457698
1.92 0.450216
1.94 0.442811
1.96 0.43545
1.98 0.428136
2 0.420906
2.02 0.413852
2.04 0.407189
2.06 0.401502
2.08 0.398151
2.1 0.395999
2.12 0.391368
2.14 0.38529
2.16 0.378809
2.18 0.372505
2.2 0.367295
2.22 0.365409
2.24 0.363839
2.26 0.358904
2.28 0.352919
2.3 0.347145
2.32 0.343347
2.34 0.343309
2.36 0.340086
2.38 0.334613
2.4 0.329094
2.42 0.325716
2.44 0.326089
2.46 0.322702
2.48 0.317362
2.5 0.312526
2.52 0.311457
2.54 0.310872
2.56 0.306313
2.58 0.301257
2.6 0.298746
2.62 0.299407
2.64 0.295712
2.66 0.290769
2.68 0.287836
2.7 0.288778
2.72 0.285566
2.74 0.280803
2.76 0.278106
2.78 0.279123
2.8 0.275871
2.82 0.271311
2.84 0.269425
2.86 0.270212
2.88 0.26657
2.9 0.262353
2.92 0.261875
2.94 0.26168
2.96 0.257623
2.98 0.254165
3 0.255146
3.02 0.25327
3.04 0.249096
3.06 0.247274
3.08 0.248286
3.1 0.244948
3.12 0.241303
3.14 0.241863
3.16 0.240836
3.18 0.236911
3.2 0.23504
3.22 0.23619
3.24 0.233077
3.26 0.229718
3.28 0.230586
3.3 0.229302
3.32 0.225569
3.34 0.224554
3.36 0.225269
3.38 0.221941
3.4 0.219351
3.42 0.220728
3.44 0.218488
3.46 0.215148
3.48 0.215677
3.5 0.215019
3.52 0.21155
3.54 0.210627
3.56 0.211396
3.58 0.208262
3.6 0.206135
3.62 0.207531
3.64 0.20512
3.66 0.202276
3.68 0.20342
3.7 0.202029
3.72 0.198872
3.74 0.199208
3.76 0.198932
3.78 0.195758
3.8 0.195132
3.82 0.195792
3.84 0.192826
3.86 0.191364
3.88 0.192593
3.9 0.19001
3.92 0.187934
3.94 0.18934
3.96 0.18727
3.98 0.184793
4 0.186062
4.02 0.184584
4.04 0.181875
4.06 0.182805
4.08 0.181937
4.1 0.179125
4.12 0.179621
4.14 0.179324
4.16 0.176502
4.18 0.176549
4.2 0.176744
4.22 0.173979
4.24 0.173613
4.26 0.174199
4.28 0.171536
4.3 0.170818
4.32 0.171692
4.34 0.169161
4.36 0.168156
4.38 0.16923
4.4 0.166845
4.42 0.165616
4.44 0.166818
4.46 0.164582
4.48 0.163184
4.5 0.164462
4.52 0.162368
4.54 0.160848
4.56 0.162164
4.58 0.1602
4.6 0.158599
4.62 0.159929
4.64 0.158076
4.66 0.156425
4.68 0.157757
4.7 0.155995
4.72 0.154322
4.74 0.155649
4.76 0.153955
4.78 0.152284
4.8 0.153604
4.82 0.151955
4.84 0.150307
4.86 0.151618
4.88 0.149995
4.9 0.148387
4.92 0.149691
4.94 0.148071
4.96 0.146524
4.98 0.147818
5 0.146185
5.02 0.144716
5.04 0.145997
5.06 0.144335
5.08 0.142962
5.1 0.144222
5.12 0.142519
5.14 0.141263
5.16 0.14249
5.18 0.140738
5.2 0.139618
5.22 0.140797
5.24 0.138991
5.26 0.138028
5.28 0.139138
5.3 0.137277
5.32 0.136493
5.34 0.137509
5.36 0.135598
5.38 0.135012
5.4 0.135907
5.42 0.133954
5.44 0.133585
5.46 0.134328
5.48 0.132346
5.5 0.132209
5.52 0.132769
5.54 0.130777
5.56 0.13088
5.58 0.131228
5.6 0.129248
5.62 0.129593
5.64 0.129704
5.66 0.127762
5.68 0.128341
5.7 0.128196
5.72 0.126325
5.74 0.127114
5.76 0.126703
5.78 0.124939
5.8 0.125905
5.82 0.125227
5.84 0.12361
5.86 0.124704
5.88 0.123768
5.9 0.122341
5.92 0.123502
5.94 0.12233
5.96 0.121137
5.98 0.122294
6 0.120916
6.02 0.119998
6.04 0.121075
6.06 0.119529
6.08 0.118923
6.1 0.119843
6.12 0.118176
6.14 0.117906
6.16 0.118597
6.18 0.116862
6.2 0.116938
6.22 0.11734
6.24 0.115594
6.26 0.116002
6.28 0.116074
6.3 0.11438
6.32 0.115081
6.34 0.114804
6.36 0.113228
6.38 0.114157
6.4 0.113536
6.42 0.112147
6.44 0.113214
6.46 0.112277
6.48 0.11114
6.5 0.11224
6.52 0.111035
6.54 0.110211
6.56 0.11123
6.58 0.109818
6.6 0.109354
6.62 0.110183
6.64 0.108635
6.66 0.108557
6.68 0.109102
6.7 0.107499
6.72 0.1078
6.74 0.107994
6.76 0.106421
6.78 0.107057
6.8 0.106868
6.82 0.105411
6.84 0.106301
6.86 0.105733
6.88 0.10448
6.9 0.10551
6.92 0.104602
6.94 0.103634
6.96 0.104671
6.98 0.103486
7 0.102872
7.02 0.103779
7.04 0.102398
7.06 0.102182
7.08 0.102836
7.1 0.101354
7.12 0.101543
7.14 0.101851
7.16 0.100367
7.18 0.100922
7.2 0.100834
7.22 0.099452
7.24 0.100287
7.26 0.0997995
7.28 0.0986214
7.3 0.0996099
7.32 0.0987628
7.34 0.097882
7.36 0.0988729
7.38 0.0977398
7.4 0.0972308
7.42 0.0980713
7.44 0.0967474
7.46 0.096652
7.48 0.0972097
7.5 0.0958031
7.52 0.0961159
7.54 0.0962994
7.56 0.0949246
7.58 0.0955842
7.6 0.0953559
7.62 0.0941278
7.64 0.0950201
7.66 0.0943965
7.68 0.093424
7.7 0.0943965
7.72 0.0934399
7.74 0.0928153
7.76 0.0937012
7.78 0.092506
7.8 0.0922894
7.82 0.0929352
7.84 0.0916148
7.86 0.091818
7.88 0.0921093
7.9 0.0907866
7.92 0.0913603
7.94 0.09124
7.96 0.0900399
7.98 0.0908742
8 0.0903472
8.02 0.0893881
8.04 0.0903271
8.06 0.089452
8.08 0.0888346
8.1 0.0897031
8.12 0.0885768
8.14 0.0883671
8.16 0.0890021
8.18 0.0877442
8.2 0.0879551
8.22 0.0882354
8.24 0.0869765
8.26 0.0875546
8.28 0.0874217
8.3 0.0862936
8.32 0.0871205
8.34 0.0865828
8.36 0.0857089
8.38 0.0866193
8.4 0.0857426
8.42 0.0852237
8.44 0.0860358
8.46 0.0849257
8.48 0.084821
8.5 0.0853722
8.52 0.0841567
8.54 0.0844647
8.56 0.0846426
8.58 0.0834594
8.6 0.0841067
8.62 0.0838683
8.64 0.0828533
8.66 0.0837013
8.68 0.0830738
8.7 0.082349
8.72 0.0832189
8.74 0.0822852
8.76 0.0819415
8.78 0.0826499
8.8 0.0815291
8.82 0.0816047
8.84 0.0820018
8.86 0.0808316
8.88 0.0812941
8.9 0.0812932
8.92 0.0802164
8.94 0.0809589
8.96 0.0805486
8.98 0.0797001
9 0.080558
9.02 0.079795
9.04 0.0792862
9.06 0.0800704
9.08 0.0790605
9.1 0.0789581
9.12 0.0794958
9.14 0.0783732
9.16 0.0786773
9.18 0.0788491
9.2 0.0777594
9.22 0.0783922
9.24 0.0781537
9.26 0.0772399
9.28 0.0780545
9.3 0.0774373
9.32 0.0768241
9.34 0.0776336
9.36 0.0767291
9.38 0.0765025
9.4 0.077122
9.42 0.0760588
9.44 0.0762426
9.46 0.0765301
9.48 0.0754546
9.5 0.0759939
9.52 0.0758802
9.54 0.07494
9.56 0.0757042
9.58 0.0752001
9.6 0.0745286
9.62 0.0753363
9.64 0.0745199
9.66 0.0742157
9.68 0.0748761
9.7 0.0738706
9.72 0.0739731
9.74 0.0743308
9.76 0.0732819
9.78 0.0737525
9.8 0.0737208
9.82 0.0727792
9.84 0.0734995
9.86 0.0730741
9.88 0.0723784
9.9 0.0731723
9.92 0.0724218
9.94 0.0720781
9.96 0.0727527
9.98 0.0717956
