0 0.000112486
0.16 0.00217843
0.32 0.00446935
0.48 0.00676027
0.64 0.00905118
0.8 0.0113421
0.96 0.013633
1.12 0.0159239
1.28 0.0182149
1.44 0.0205058
1.6 0.0227967
1.76 0.0250876
1.92 0.0273785
2.08 0.0296695
2.24 0.0319604
2.4 0.0342513
2.56 0.0365422
2.72 0.0388331
2.88 0.0411241
3.04 0.043415
3.2 0.0457059
3.36 0.0479968
3.52 0.0502878
3.68 0.0525787
3.84 0.0548696
4 0.0571605
4.16 0.0594515
4.32 0.0617424
4.48 0.0640333
4.64 0.0663242
4.8 0.0686152
4.96 0.0709061
5.12 0.073197
5.28 0.075488
5.44 0.0777789
5.6 0.0800698
5.76 0.0823608
5.92 0.0846517
6.08 0.0869426
6.24 0.0892336
6.4 0.0915245
6.56 0.0938155
6.72 0.0961064
6.88 0.0983973
7.04 0.100688
7.2 0.102979
7.36 0.10527
7.52 0.107561
7.68 0.109852
7.84 0.112143
8 0.114434
8.16 0.116725
8.32 0.119016
8.48 0.121307
8.64 0.123598
8.8 0.125889
8.96 0.12818
9.12 0.130471
9.28 0.132762
9.44 0.135053
9.6 0.137344
9.76 0.139635
9.92 0.141926
10.08 0.144217
10.24 0.146507
10.4 0.148798
10.56 0.151089
10.72 0.15338
10.88 0.155671
11.04 0.157962
11.2 0.160253
11.36 0.162544
11.52 0.164835
11.68 0.167126
11.84 0.169417
12 0.171708
12.16 0.173999
12.32 0.17629
12.48 0.178581
12.64 0.180872
12.8 0.183163
12.96 0.185454
13.12 0.187745
13.28 0.190036
13.44 0.192327
13.6 0.194618
13.76 0.196909
13.92 0.1992
14.08 0.201491
14.24 0.203783
14.4 0.206074
14.56 0.208365
14.72 0.210656
14.88 0.212947
15.04 0.215238
15.2 0.217529
15.36 0.21982
15.52 0.222111
15.68 0.224402
15.84 0.226693
16 0.228984
16.16 0.231275
16.32 0.233566
16.48 0.235857
16.64 0.238148
16.8 0.240439
16.96 0.24273
17.12 0.245022
17.28 0.247313
17.44 0.249604
17.6 0.251895
17.76 0.254186
17.92 0.256477
18.08 0.258768
18.24 0.261059
18.4 0.26335
18.56 0.265641
18.72 0.267932
18.88 0.270224
19.04 0.272515
19.2 0.274806
19.36 0.277097
19.52 0.279388
19.68 0.281679
19.84 0.28397
20 0.286261
20.16 0.288553
20.32 0.290844
20.48 0.293135
20.64 0.295426
20.8 0.297717
20.96 0.300008
21.12 0.3023
21.28 0.304591
21.44 0.306882
21.6 0.309173
21.76 0.311464
21.92 0.313755
22.08 0.316047
22.24 0.318338
22.4 0.320629
22.56 0.32292
22.72 0.325211
22.88 0.327503
23.04 0.329794
23.2 0.332085
23.36 0.334376
23.52 0.336667
23.68 0.338959
23.84 0.34125
24 0.343541
24.16 0.345832
24.32 0.348124
24.48 0.350415
24.64 0.352706
24.8 0.354997
24.96 0.357289
25.12 0.35958
25.28 0.361871
25.44 0.364162
25.6 0.366454
25.76 0.368745
25.92 0.371036
26.08 0.373328
26.24 0.375619
26.4 0.37791
26.56 0.380201
26.72 0.382493
26.88 0.384784
27.04 0.387075
27.2 0.389367
27.36 0.391658
27.52 0.393949
27.68 0.396241
27.84 0.398532
28 0.400823
28.16 0.403115
28.32 0.405406
28.48 0.407698
28.64 0.409989
28.8 0.41228
28.96 0.414572
29.12 0.416863
29.28 0.419154
29.44 0.421446
29.6 0.423737
29.76 0.426029
29.92 0.42832
30.08 0.430611
30.24 0.432903
30.4 0.435194
30.56 0.437486
30.72 0.439777
30.88 0.442069
31.04 0.44436
31.2 0.446652
31.36 0.448943
31.52 0.451234
31.68 0.453526
31.84 0.455817
32 0.458109
32.16 0.4604
32.32 0.462692
32.48 0.464983
32.64 0.467275
32.8 0.469566
32.96 0.471858
33.12 0.474149
33.28 0.476441
33.44 0.478732
33.6 0.481024
33.76 0.483316
33.92 0.485607
34.08 0.487899
34.24 0.49019
34.4 0.492482
34.56 0.494773
34.72 0.497065
34.88 0.499356
35.04 0.501648
35.2 0.50394
35.36 0.506231
35.52 0.508523
35.68 0.510815
35.84 0.513106
36 0.515398
36.16 0.517689
36.32 0.519981
36.48 0.522273
36.64 0.524564
36.8 0.526856
36.96 0.529148
37.12 0.531439
37.28 0.533731
37.44 0.536023
37.6 0.538314
37.76 0.540606
37.92 0.542898
38.08 0.54519
38.24 0.547481
38.4 0.549773
38.56 0.552065
38.72 0.554356
38.88 0.556648
39.04 0.55894
39.2 0.561232
39.36 0.563523
39.52 0.565815
39.68 0.568107
39.84 0.570399
40 0.572691
40.16 0.574982
40.32 0.577274
40.48 0.579566
40.64 0.581858
40.8 0.58415
40.96 0.586442
41.12 0.588733
41.28 0.591025
41.44 0.593317
41.6 0.595609
41.76 0.597901
41.92 0.600193
42.08 0.602485
42.24 0.604776
42.4 0.607068
42.56 0.60936
42.72 0.611652
42.88 0.613944
43.04 0.616236
43.2 0.618528
43.36 0.62082
43.52 0.623112
43.68 0.625404
43.84 0.627696
44 0.629988
44.16 0.63228
44.32 0.634572
44.48 0.636864
44.64 0.639156
44.8 0.641448
44.96 0.64374
45.12 0.646032
45.28 0.648324
45.44 0.650616
45.6 0.652908
45.76 0.6552
45.92 0.657492
46.08 0.659784
46.24 0.662076
46.4 0.664368
46.56 0.66666
46.72 0.668953
46.88 0.671245
47.04 0.673537
47.2 0.675829
47.36 0.678121
47.52 0.680413
47.68 0.682705
47.84 0.684998
48 0.68729
48.16 0.689582
48.32 0.691874
48.48 0.694166
48.64 0.696458
48.8 0.698751
48.96 0.701043
49.12 0.703335
49.28 0.705627
49.44 0.70792
49.6 0.710212
49.76 0.712504
49.92 0.714796
50.08 0.717089
50.24 0.719381
50.4 0.721673
50.56 0.723966
50.72 0.726258
50.88 0.72855
51.04 0.730843
51.2 0.733135
51.36 0.735427
51.52 0.73772
51.68 0.740012
51.84 0.742304
52 0.744597
52.16 0.746889
52.32 0.749181
52.48 0.751474
52.64 0.753766
52.8 0.756059
52.96 0.758351
53.12 0.760644
53.28 0.762936
53.44 0.765228
53.6 0.767521
53.76 0.769813
53.92 0.772106
54.08 0.774398
54.24 0.776691
54.4 0.778983
54.56 0.781276
54.72 0.783568
54.88 0.785861
55.04 0.788154
55.2 0.790446
55.36 0.792739
55.52 0.795031
55.68 0.797324
55.84 0.799616
56 0.801909
56.16 0.804202
56.32 0.806494
56.48 0.808787
56.64 0.81108
56.8 0.813372
56.96 0.815665
57.12 0.817957
57.28 0.82025
57.44 0.822543
57.6 0.824835
57.76 0.827128
57.92 0.829421
58.08 0.831714
58.24 0.834006
58.4 0.836299
58.56 0.838592
58.72 0.840885
58.88 0.843177
59.04 0.84547
59.2 0.847763
59.36 0.850056
59.52 0.852348
59.68 0.854641
59.84 0.856934
60 0.859227
60.16 0.86152
60.32 0.863813
60.48 0.866105
60.64 0.868398
60.8 0.870691
60.96 0.872984
61.12 0.875277
61.28 0.87757
61.44 0.879863
61.6 0.882156
61.76 0.884448
61.92 0.886741
62.08 0.889034
62.24 0.891327
62.4 0.89362
62.56 0.895913
62.72 0.898206
62.88 0.900499
63.04 0.902792
63.2 0.905085
63.36 0.907378
63.52 0.909671
63.68 0.911964
63.84 0.914257
64 0.91655
64.16 0.918843
64.32 0.921136
64.48 0.923429
64.64 0.925722
64.8 0.928015
64.96 0.930308
65.12 0.932601
65.28 0.934894
65.44 0.937187
65.6 0.93948
65.76 0.941774
65.92 0.944067
66.08 0.94636
66.24 0.948653
66.4 0.950946
66.56 0.953239
66.72 0.955532
66.88 0.957825
67.04 0.960118
67.2 0.962411
67.36 0.964704
67.52 0.966997
67.68 0.96929
67.84 0.971583
68 0.973876
68.16 0.976169
68.32 0.978462
68.48 0.980755
68.64 0.983048
68.8 0.985341
68.96 0.987634
69.12 0.989927
69.28 0.992219
69.44 0.994511
69.6 0.996803
69.76 0.999094
69.92 0.94511
70.08 0.91546
70.24 0.894792
70.4 0.878142
70.56 0.863752
70.72 0.850819
70.88 0.839578
71.04 0.828854
71.2 0.819396
71.36 0.810085
71.52 0.80162
71.68 0.793811
71.84 0.786211
72 0.778726
72.16 0.771968
72.32 0.765271
72.48 0.758999
72.64 0.752765
72.8 0.74694
72.96 0.741165
73.12 0.735769
73.28 0.730415
73.44 0.725354
73.6 0.720171
73.76 0.715285
73.92 0.710748
74.08 0.705929
74.24 0.701439
74.4 0.697078
74.56 0.692924
74.72 0.688608
74.88 0.684501
75.04 0.680496
75.2 0.676682
75.36 0.672885
75.52 0.669024
75.68 0.665346
75.84 0.661776
76 0.658222
76.16 0.654693
76.32 0.65148
76.48 0.647995
76.64 0.644833
76.8 0.641414
76.96 0.638241
77.12 0.635126
77.28 0.632031
77.44 0.629044
77.6 0.626193
77.76 0.623132
77.92 0.620383
78.08 0.617375
78.24 0.614678
78.4 0.611966
78.56 0.609142
78.72 0.606387
78.88 0.603753
79.04 0.601257
79.2 0.598701
79.36 0.596081
79.52 0.593475
79.68 0.591169
79.84 0.588581
