0.335865 43.1237 71.9113 431.369
0.281505 17.002 35.5017 264.214
0.420261 56.2922 79.6961 446.915
0.425636 58.8165 97.568 528.768
0.285747 34.3626 55.5812 362.642
0.367785 33.5893 62.8222 405.854
0.362988 41.5728 63.1411 401.984
0.506721 36.6179 76.1444 453.854
0.400968 86.723 121.595 658.666
0.363033 22.13 47.8341 320.475
0.401983 35.4503 77.3096 507.823
0.380895 269.438 310.867 1244.73
0.391797 38.6391 86.1529 559.58
0.49041 76.1772 135.846 703.05
0.358451 25.7089 49.8978 333.603
0.352173 27.5095 55.6173 379.362
0.294492 27.7973 54.2955 376.858
0.400776 61.7387 114.194 617.749
0.335625 38.8997 58.5212 374.947
0.414057 54.4352 105.913 633.395
0.318114 50.5906 98.4754 608.905
0.361826 205.293 246.303 1009.19
0.564337 82.8841 148.679 747.955
0.384347 45.222 82.6126 493.854
0.385356 135.786 211.155 1093.1
0.353277 26.2993 53.2082 375.474
0.688038 103.205 184.236 857.334
0.392375 41.0882 67.7003 411.169
0.687207 313.954 378.615 1474.8
0.548103 58.3819 113.424 581.147
0.517621 48.3387 83.0141 476.302
0.455767 41.5376 70.9062 424.7
0.219178 24.1236 48.879 353.484
0.453792 68.4319 120.289 660.301
0.496902 108.429 171.219 893.356
0.463434 153.157 194.629 889.169
0.309533 28.3976 49.5378 350.817
0.428189 40.5521 78.4275 471.209
0.383626 54.435 81.9221 490.256
0.363243 46.0593 88.5434 551.851
0.26095 27.2096 48.9399 345.374
0.350577 30.9521 65.4698 442.845
0.395203 36.5726 70.5186 437.856
0.346095 70.0555 103.343 588.056
0.494886 74.8607 130.535 683.09
0.538593 76.0819 120.557 621.246
0.371198 43.639 69.8275 431.61
0.404038 69.3049 95.6257 527.311
0.59115 137.627 200.259 953.868
0.402908 275.146 313.776 1233.77
0.439948 29.7607 59.0425 383.4
0.627788 85.6023 153.508 747.089
0.360327 26.5593 56.7414 391.583
0.313548 25.4806 53.3787 384.494
0.278463 31.0739 61.037 432.923
0.165169 9.9644 24.0887 217.973
0.375216 48.0333 84.0893 528.704
0.385233 33.3542 58.5329 375.535
0.42964 109.627 138.473 633.985
0.250512 71.2745 97.8851 548.91
0.640164 134.274 235.015 1045.41
0.5134 462.857 552.159 2103.45
0.362555 50.6654 78.9251 473.535
0.536592 175.081 223.39 956.644
0.463066 82.8441 123.155 641.722
0.26427 42.2879 60.6917 369.813
0.292976 22.3797 43.5175 314.8
0.40552 35.0457 65.687 410.141
0.3506 178.377 222.943 1010.26
0.327849 54.5884 87.0695 546.572
0.34642 22.3013 51.629 374.702
0.42687 85.0434 117.23 626.233
0.467549 32.5959 71.076 439.275
0.354051 36.8602 75.5417 483.792
0.364085 25.3367 54.3091 371.073
0.386408 89.4693 125.562 672.842
0.526602 69.9048 120.537 671.835
0.418324 92.8973 133.277 690.498
0.343342 850.955 994.999 3448.13
0.381387 31.2844 61.0032 402.443
0.419917 79.2252 122.828 692.721
0.315316 21.5468 45.4507 327.096
0.42174 69.0202 113.196 623.081
0.410284 50.8398 92.4928 579.06
0.405816 35.4319 73.4087 446.1
0.431092 37.1382 70.7045 443.135
0.435491 197.864 289.472 1226.28
0.309139 21.9998 42.0115 306.863
0.500202 338.902 380.492 1359.65
0.352895 41.4492 65.3761 399.042
0.437855 67.8375 107.62 578.933
0.377282 62.67 88.2497 524.486
0.510831 116.402 179.935 845.429
0.33389 66.857 100.031 606.779
0.474454 52.9055 110.649 647.179
0.485109 124.882 183.066 920.651
0.509327 212.209 245.021 968.009
0.434826 42.9937 85.7903 513.38
0.319682 39.9105 59.4318 369.714
0.553304 111.174 161.032 787.272
0.459117 54.2195 85.3311 493.73
0.431107 191.93 224.325 911.894
0.307655 52.2249 75.0385 464.41
0.600918 201.557 280.396 1211.62
0.418775 75.0437 106.657 597.28
0.250818 21.1705 45.0526 344.23
0.564274 72.7082 130.65 703.47
0.452921 69.8609 102.345 560.887
0.416884 32.8982 60.7705 388.899
0.481195 490.343 538.705 1825.58
0.415716 34.0777 66.0514 414.654
0.467691 105.542 149.815 738.073
0.369567 22.6599 50.6208 341.361
0.415123 31.9034 69.9422 460.725
0.299838 1275.94 1581.18 5526.15
0.433211 50.6699 83.39 457.133
0.298441 61.6143 84.2521 489.975
0.481884 44.8902 78.2307 445.733
0.558917 108.393 166.707 789.766
0.416092 39.2643 69.3706 417.395
0.496234 65.4983 118.138 653.671
0.369149 78.1055 101.84 520.065
0.417442 38.6919 71.2569 436.323
0.338889 52.3291 85.9769 534.437
0.467268 39.369 82.9202 512.323
0.418559 25.0124 56.5105 364.971
0.473692 40.9669 78.1912 464.629
0.382008 48.1472 83.2159 488.149
0.205467 12.0272 30.2771 252.326
0.370992 82.6076 105.288 539.154
0.415236 41.5231 66.1411 399.55
0.363932 22.1637 43.7402 302.454
0.413256 49.0433 86.0673 493.543
0.446285 67.983 121.308 660.936
0.600063 77.3529 132.548 634.61
0.489927 88.129 136.433 721.513
0.395494 96.177 123.796 613.04
0.333935 27.807 57.1381 383.646
0.496392 31.7344 69.0347 417.427
0.350389 36.5386 60.8939 386.313
0.447776 72.6267 121.516 643.055
0.584877 82.2243 140.312 712.56
0.356881 46.635 74.849 472.239
0.559251 123.922 153.544 700.359
0.289919 29.1494 58.6409 407.988
0.523867 50.2536 87.6941 477.296
0.360247 40.0225 75.6964 444.434
0.44874 27.0274 63.8291 408.286
0.289684 22.8522 48.0157 346.028
0.448862 44.2736 78.6074 460.894
0.47674 123.349 161.347 801.605
0.40155 56.101 87.5245 512.835
0.429191 70.9526 102.56 539.772
0.382158 38.2831 65.763 407.664
0.362654 31.814 62.5203 407.994
0.310747 89.3552 112.124 561.966
0.403896 24.8606 54.7032 364.25
0.341348 46.1609 67.7337 413.525
0.276704 13.5921 33.3022 260.535
0.333408 32.0642 76.6277 525.414
0.392315 30.2649 54.3047 352.577
0.364222 36.5322 61.2445 399.719
0.498919 264.842 311.873 1261.98
0.477145 183.856 214.166 888.834
0.469465 100.214 129.956 667.913
0.27541 20.1633 37.7383 286.129
0.478423 171.321 215.658 993.382
0.197656 14.7597 29.351 241.226
0.424604 55.0136 81.6912 478.517
0.458784 37.9324 82.924 485.422
0.443556 21.2598 52.4687 345.449
0.346535 63.2279 90.3036 513.865
0.326945 40.0644 64.7872 403.755
0.317084 19.5239 41.7346 309.165
0.378077 33.1646 63.1639 399.264
0.333629 73.7661 99.9727 546.61
0.496098 55.004 104.458 576.354
0.378805 78.3254 104.404 578.071
0.263883 15.6508 35.578 277.194
0.519525 179.403 220.066 933.61
0.401273 164.181 217.828 1033.33
0.444129 33.867 67.9824 418.869
0.34255 88.0528 119.184 625.425
0.306572 41.1734 68.9059 465.407
0.564883 52.2855 97.2827 535.496
0.348867 42.3894 86.3809 566.041
0.514791 67.6734 112.065 581.502
0.339464 218.362 264.541 1100.73
0.380361 29.3403 54.9244 363.209
0.35132 51.9656 72.1859 430.986
0.363381 66.2081 111.9 648.467
0.570301 59.7508 109.183 579.789
0.531395 51.1531 90.854 511.282
0.394836 183.555 273.467 1169.33
0.486933 92.637 137.522 675.284
0.506358 454.89 510.897 1777.58
0.323027 24.8609 53.3481 357.254
0.472044 61.1698 115.669 674.312
0.456483 92.1143 128.277 666.47
0.394545 69.7556 93.3816 509.337
0.388814 33.1491 63.8256 414.642
0.450114 62.0569 99.0379 576.168
0.607255 99.4726 162.771 754.276
0.562568 126.611 179.695 900.038
0.420823 123.357 156.257 768.085
0.324962 33.5368 61.0747 387.268
0.465717 42.5856 83.8589 496.07
0.373212 74.2862 99.7163 506.732
0.44364 35.6122 71.8689 432.457
0.330653 36.9945 72.2168 478.593
0.349561 34.9499 67.2799 426.161
0.373011 38.6968 80.8583 512
0.241343 25.0797 47.7864 339.236
0.470689 32.0708 69.0999 429.135
0.319955 14.7864 35.2064 266.037
0.281512 35.1163 57.8691 395.814
0.384726 35.8548 70.1479 452.083
0.562981 208.268 309.909 1482.69
0.428798 79.2903 127.81 687.687
0.39577 33.5862 58.8913 382.599
0.460415 155.741 205.961 989.83
0.354243 56.6872 90.6917 528.291
0.525753 80.8341 108.382 546.679
0.391555 140.797 180.387 877.444
0.410073 47.3362 87.0135 505.611
0.449447 143.119 184.031 881.676
0.330026 742.123 831.511 2800.66
0.435061 99.5473 125.009 604.565
0.376866 65.7921 96.4392 542.518
0.417179 78.3567 118.608 637.613
0.408673 74.8531 133.665 754.877
0.400311 69.6388 121.879 670.425
0.378881 59.0565 92.8233 548.022
0.409401 57.5527 87.3143 501.845
0.475904 77.3839 100.875 505.957
0.427118 40.2226 72.3614 427.71
0.284998 50.434 77.8933 490.105
0.509975 152.252 188.41 861.787
0.535601 69.873 111.312 609.798
0.363051 46.8419 89.1209 548.03
0.588341 167.839 211.853 959.551
0.458239 176.253 211.558 938.944
0.39962 69.6092 102.75 580.266
0.421516 47.9665 84.904 507.648
0.395567 48.6511 75.4699 457.378
0.41748 64.0965 96.7647 535.339
0.62056 187.13 282.035 1152.37
0.376481 30.4721 53.3045 366.247
0.433423 73.6674 120.722 659.814
0.43476 103.797 128.427 620.437
0.486684 88.3948 133.974 636.048
0.394177 52.8702 87.5677 512.092
0.286595 17.75 37.3438 278.617
0.51851 35.4151 71.7189 416.942
0.321262 32.2139 54.6852 366.232
0.414971 42.7817 74.6654 445.524
0.378232 45.1096 77.6988 465.15
0.442387 211.168 254.119 1079.53
0.42778 63.8277 89.2501 499.969
0.391687 31.6654 68.1966 449.682
0.405414 69.2096 105.338 587.38
0.333998 30.9849 51.1174 346.113
0.40924 24.066 52.8365 352.798
0.506701 65.8331 121.083 680.627
0.370935 30.9727 66.62 438.649
0.442416 70.9428 110.732 621.642
0.447265 127.461 153.849 708.946
0.392026 25.2652 48.679 324.267
0.307165 26.1517 50.6308 347.889
0.47564 62.34 94.6652 503.985
0.422299 24.0709 56.0247 361.655
0.441396 62.409 87.5369 481.227
0.35264 29.439 54.2892 369.134
0.427373 115.961 153.85 785.219
0.363159 36.8737 64.1856 415.9
0.319194 20.1398 45.8075 331.631
0.354708 41.0082 63.9822 393.885
0.35307 52.6086 77.6614 460.924
0.269864 19.8946 37.7245 284.575
0.433111 77.357 130.728 734.985
0.42822 82.8203 131.229 714.707
0.537133 182.997 214.95 898.749
0.391771 87.1955 113.68 583.979
0.43725 42.3275 73.1607 435.362
0.449023 33.7005 68.2041 417.915
0.475604 65.3342 103.308 542.136
0.432794 53.1941 95.8242 534.45
0.497383 80.8228 113.278 588.078
0.515654 83.7632 154.806 820.606
0.422113 58.2529 86.8366 498.714
0.361195 43.3597 69.6586 428.105
0.505138 63.0756 99.3715 554.848
0.350596 30.2879 53.8315 365.82
0.450876 64.6004 104.72 608.725
0.391663 35.7142 70.47 457.673
0.347659 54.9633 78.2236 471.122
0.343915 43.046 69.021 438.668
0.41321 57.7849 95.1041 544.731
0.434845 92.1046 132.073 683.12
0.529902 63.1978 121.286 634.398
0.3914 39.7127 70.6881 447.4
0.387197 242.293 277.03 1108.81
0.542339 125.068 161.937 774.313
0.36057 117.309 157.929 811.861
0.455617 339.819 385.786 1409.61
0.345883 69.2257 100.454 557.583
0.358056 84.0433 109.537 586.134
0.348273 34.5568 61.1751 417.272
0.399193 27.5952 60.3587 397.015
0.298908 114.511 142.489 678.856
0.319833 51.6464 75.1115 467.646
0.328932 67.9148 91.6365 512.88
0.454936 53.4345 92.7755 500.238
0.332793 250.667 292.628 1189.9
0.32151 42.7683 64.1863 409.735
0.436304 33.7131 69.121 440.62
0.364027 32.4069 56.9351 376.922
0.440201 74.1999 102.005 548.112
0.345183 26.4306 50.7169 335.012
0.294836 35.9358 53.4315 342.519
0.417792 56.2194 94.9094 578.369
0.332675 32.7619 60.8931 410.224
0.468365 53.6358 102.166 563.582
0.452629 107.257 141.594 654.272
0.260802 50.8984 75.7419 474.743
0.419813 38.596 65.1211 396.011
0.409224 117.249 185.15 889.461
0.414643 74.2287 115.578 641.054
0.44948 47.5815 87.6856 504.952
0.429503 109.176 134.84 653.537
0.344813 22.6274 49.0284 344.903
0.304042 53.7385 76.1043 451.074
0.373666 92.6222 121.305 640.389
0.405485 33.8133 65.4772 427.304
0.488612 36.7042 78.611 476.078
0.329328 23.7083 52.5373 349.026
0.420487 57.7508 103.856 623.469
0.324526 17.957 38.3964 282.288
0.378063 109.172 137.952 689.647
0.32867 68.3241 102.855 554.687
0.363543 50.4198 77.4094 454.968
0.385789 91.0907 119.527 631.995
0.425504 66.1573 91.2542 493.153
0.444333 37.998 65.4248 408.146
0.426573 27.9046 62.7096 410.305
0.439131 55.4694 85.7626 482.324
0.323229 90.392 128.272 705.821
0.403112 32.6454 61.2222 387.454
0.316712 33.4796 57.2288 379.568
0.365941 24.5141 57.311 400.627
0.407617 26.5014 50.7592 328.244
0.372346 106.194 132.846 634.045
0.347767 101.156 129.114 666.229
0.271727 97.9874 126.797 627.119
0.357938 58.4611 120.466 716.619
0.342384 27.5653 54.678 384.351
0.26939 56.3686 89.2714 549.332
0.520936 44.4325 90.5788 528.11
0.47103 86.2944 119.298 643.243
0.30722 101.515 144.064 740.001
0.403931 22.6389 52.6877 361.372
0.431242 171.93 204.254 895.44
0.45782 58.5969 88.5814 480.555
0.436242 208.997 238.142 952.105
0.439098 73.2882 140.612 786.148
0.40496 47.2818 90.7119 550.817
0.463582 112.068 170.466 908.457
0.363002 57.5297 84.7446 497.809
0.615567 59.3262 117.56 611.015
0.419647 44.6788 76.6662 464.18
0.448547 46.9142 90.3488 532.989
0.485341 80.2542 126.205 680.039
0.359294 229.484 272.466 1113.6
0.338632 33.4655 74.5091 517.97
0.552392 205.114 320.936 1375.76
0.524809 101.645 156.029 734.514
0.469952 40.5063 80.8543 455.114
0.306349 137.085 182.439 841.878
0.356303 69.9342 98.0136 535.454
0.428987 44.458 87.0129 503.03
0.314429 19.544 41.8957 300.871
0.192367 165.898 237.929 1084.75
0.404986 240.725 288.723 1155.88
0.37919 47.2226 79.687 470.132
0.529019 148.524 186.001 871.113
0.459442 86.3898 114.805 600.11
0.351898 32.1326 57.8973 382.031
0.33114 26.626 54.1914 361.461
0.359043 41.5557 73.7504 451.317
0.358312 37.4545 74.0314 468.513
0.452447 62.1814 102.552 557.294
0.378917 169.637 227.79 1161.61
0.493494 38.2878 83.9727 490.657
0.52147 90.4764 132.116 662.125
0.387967 39.4966 69.4323 426.65
0.432402 42.1884 78.9195 468.266
0.430958 43.4105 75.3958 459.773
0.565979 167.025 241.888 1073.88
0.349234 75.372 99.7592 538.538
0.389472 34.9019 73.9088 471.61
0.533141 58.6355 112.29 607.893
0.412493 118.273 149.219 743.016
0.535594 226.903 284.061 1259.26
0.412793 123.826 153.483 714.134
0.3614 25.0616 51.1872 340.629
0.340561 31.9321 56.6985 380.778
0.458843 36.1082 71.2054 426.752
0.393088 88.3654 116.867 593.492
0.42606 123.419 177.639 881.731
0.320603 38.4705 64.8699 438.874
0.427308 369.83 423.916 1660.55
0.379053 61.3244 87.1081 504.648
0.458226 82.5102 119.3 611.973
0.552767 115.65 196.28 936.032
0.546258 109.273 193.038 968.823
0.367799 23.5338 50.9797 351.042
0.379362 46.0968 70.9684 424.132
0.341548 45.1482 70.7273 443.325
0.538408 79.4819 126.7 673.766
0.418966 80.7123 141.712 793.478
0.377065 24.0626 53.0591 348.967
0.43463 43.7105 78.9615 462.799
0.298943 40.3076 69.8043 430.51
0.297524 27.6359 50.8889 336.747
0.429531 45.146 75.267 462.726
0.435293 100.745 135.561 715.385
0.407998 37.941 84.803 526.455
0.300408 25.398 50.7064 351.822
0.486476 40.9286 80.1728 469.548
0.445621 60.9438 94.5633 548.995
0.289468 41.3205 70.9342 467.126
0.511426 51.5 97.1737 550.353
0.294454 220.845 283.291 1284.57
0.424796 32.3223 65.9723 409.319
0.284089 46.8348 68.9922 414.518
0.510727 44.3032 86.6926 487.184
0.425561 70.4269 104.777 560.746
0.351837 53.8789 76.6594 444.311
0.332525 50.229 78.1378 482.504
0.467416 62.2651 95.8428 536.576
0.428733 81.6264 128.373 709.986
0.298952 31.9075 54.2683 357.256
0.448872 73.8383 103.016 551.887
0.386675 250.612 306.617 1400.51
0.471866 51.2977 90.0611 505.057
0.337687 27.4143 62.4487 435.255
0.312956 18.734 42.7693 319.469
0.47368 182.694 224.288 912.103
0.458891 62.2578 98.2796 540.641
0.275936 29.7348 64.4736 443.438
0.445499 78.1736 105.136 525.753
0.251633 26.275 49.1373 355.483
0.285343 14.69 35.9297 284.478
0.400085 27.9716 58.5843 372.976
0.312607 32.8281 60.7085 392.329
0.359628 27.681 59.4311 403.95
0.571565 40.7229 90.0271 501.577
0.379468 26.5551 59.823 394.424
0.319613 21.8246 56.2732 394.221
0.267985 18.9594 39.0569 297.648
0.445681 36.1622 72.4251 442.466
0.33516 27.641 60.829 413.852
0.425442 52.8815 94.4071 537.29
0.503993 58.153 115.952 636.08
0.500631 98.3522 178.358 927.062
0.478097 69.2854 119.183 659.156
0.306822 39.2083 74.6542 480.912
0.335811 24.3868 49.52 330.748
0.289263 33.3772 51.9825 344.228
0.258326 17.2059 35.4744 272.86
0.53491 142.316 216.965 987.109
0.430672 55.5557 85.1431 463.459
0.477962 47.8616 94.714 533.45
0.37776 36.4625 70.2769 449.931
0.365924 26.185 60.5243 407.195
0.263602 26.8618 50.9861 372.839
0.344643 47.6642 85.8234 524.699
0.538196 74.9199 125.022 664.281
0.451085 36.2856 67.8051 404.731
0.365413 27.9704 56.2046 377.485
0.443256 56.5688 80.8139 466.783
0.48154 82.5217 111.237 571.318
0.409869 22.8616 52.6899 355.253
0.373852 87.9559 121.07 646.821
0.595989 232.167 268.678 1079.83
0.398243 24.6948 56.4908 390.394
0.552983 66.1465 130.811 719.245
0.522678 124.912 177.846 836.379
0.246584 26.8035 43.2757 306.103
0.442756 74.1063 109.384 589.933
0.373794 159.252 202.723 946.902
0.327953 34.5158 63.7513 392.935
0.457015 50.4517 81.2548 474.686
0.338971 61.4282 95.1614 526.117
0.355257 18.6079 45.9296 330.846
0.524807 102.44 164.395 819.277
0.332082 20.3684 45.7774 324.115
0.433256 44.0525 91.8276 569.362
0.341337 66.1853 92.5298 529.913
0.424181 48.4469 72.7238 410.376
0.552153 76.347 124.336 668
0.39106 36.4992 65.0167 401.124
0.426857 49.3721 86.6539 536.477
0.32584 29.6416 52.1366 354.123
0.356562 220.393 262.029 1120.25
0.336015 54.7181 83.9375 505.572
0.488952 39.9225 78.8411 473.876
0.38727 31.3873 58.5884 378.563
0.380626 31.6453 52.884 343.525
0.353736 101.158 136.309 666.475
0.376231 49.5692 75.5989 468.292
0.236034 18.2865 35.4231 272.086
0.439034 53.395 105.177 614.979
0.395376 31.2507 58.4441 369.23
0.482358 46.0972 93.7463 528.168
0.264564 36.5999 54.8779 367.267
0.296536 19.6749 38.937 284.095
0.359209 77.4591 105.175 552.166
0.363453 38.8165 64.5313 412.12
0.359157 31.6402 62.5824 426.997
0.435193 47.8673 81.0191 480.354
0.475289 34.5321 73.2367 431.726
0.339827 109.796 157.274 815.172
0.43329 28.622 62.1384 403.488
0.293053 33.3727 57.5229 392.002
0.31052 26.1503 50.8608 354.896
0.321379 31.2389 53.7279 361.339
0.472173 55.6313 96.5338 539.077
0.349554 182.853 238.521 1120.77
0.601232 81.7518 143.464 698.54
0.390822 39.695 79.7414 492.87
0.309574 58.3568 93.1246 586.108
0.478817 77.3347 130.323 698.301
0.472013 79.5859 129.632 704.003
0.542675 54.9913 108.17 582.825
0.359305 34.2877 61.2446 384.524
0.429901 61.7964 88.9906 504.682
0.49798 57.3902 97.131 517.598
0.367179 40.6951 71.1765 431.215
0.318366 18.2559 42.803 311.262
0.536093 55.4442 103.91 567.607
0.364618 330.777 396.513 1663.61
0.376175 70.6142 108.611 571.646
0.323519 31.408 67.0938 456.97
0.386552 45.9531 82.9543 500.355
0.274101 17.554 36.5176 283.796
0.518211 95.0769 134.364 703.059
0.25588 12.4781 32.2509 264.215
0.33771 40.238 74.6505 469.964
0.445819 317.405 371.575 1454.02
0.596375 108.562 153.799 748.924
0.387209 277.566 429.466 2008.19
0.385069 46.5949 75.2998 450.626
0.299289 109.477 146.354 746.232
0.402571 22.1979 49.8423 339.302
0.386754 34.7215 64.4077 399.938
0.367448 43.4653 68.5975 426.664
0.273586 23.8029 49.5437 354.696
0.440378 47.3529 88.3442 498.804
0.442097 50.1937 74.9114 431.409
0.392697 34.2477 66.1446 430.755
0.457903 48.6092 87.4038 477.282
0.471574 74.8568 108.592 599.473
0.353678 35.2395 54.724 349.228
0.405546 25.9548 53.8606 351.98
0.426578 70.7005 92.3724 484.636
0.261993 34.1541 65.1544 459.58
0.266557 48.988 67.2908 400.667
0.437156 176.818 253.32 1154.2
0.35421 47.1961 73.1074 445.499
0.375106 27.9313 50.0917 341.681
0.464647 113.574 153.342 748.41
0.408745 42.3882 71.3343 440.274
0.45918 38.9093 80.2101 498.791
0.400632 37.2739 70.762 426.617
0.342807 111.282 137.839 657.923
0.327272 19.5271 45.9135 332.497
0.458876 50.9632 94.1289 535.984
0.407394 66.0593 107.516 626.663
0.499892 31.1539 67.5625 410.076
0.314977 678.638 854.546 3185.94
0.423429 47.3797 87.5426 544.746
0.456973 44.4338 87.7566 536.156
0.381182 42.7129 71.8561 446.216
0.484759 44.231 89.1949 502.178
0.414338 88.4625 120.443 632.392
0.284035 41.2033 74.6668 480.65
0.413563 65.2589 121.768 692.694
0.468774 100.762 151.852 755.102
0.28228 20.9617 42.2548 310.946
0.288812 32.5087 59.8887 407.086
0.440093 41.3477 81.9074 515.337
0.372693 106.112 155.386 864.755
0.471201 61.0874 94.717 513.84
0.56594 61.0029 109.712 587.462
0.421123 158.626 197.557 947.785
0.446067 37.8573 73.2125 437.862
0.50259 52.2361 101.038 555.801
0.448864 37.3292 71.5554 443.273
0.409805 68.5125 107.719 567.813
0.321368 19.9918 39.3251 287.583
0.442389 109.436 150.652 781.194
0.342093 69.583 100.742 596.294
0.39867 35.3111 75.011 487.344
0.395425 40.4642 70.2803 439.87
0.455687 247.106 302.84 1284.08
0.367255 32.8906 58.8229 388.886
0.482937 39.3806 75.4026 452.75
0.546258 36.3424 82.8169 478.203
0.343921 44.0887 64.2066 390.952
0.442972 69.5935 100.414 537.266
0.407833 63.667 104.896 594.32
0.353784 54.8944 87.119 534.531
0.499927 49.0675 87.4308 510.773
0.343781 99.918 139.768 719.663
0.377311 49.0934 76.1576 473.345
0.44232 55.3135 88.1228 520.959
0.32872 80.2764 106.955 552.454
0.480416 61.7962 92.4069 505.476
0.365912 42.3046 72.0461 444.914
0.459747 29.7706 62.8194 392.204
0.538227 424.897 475.655 1618.81
0.250355 53.3519 75.2112 445.161
0.537066 111.88 157.8 778.413
0.38657 59.0728 79.8372 446.238
0.319853 22.4487 47.7797 333.944
0.344786 184.032 239.029 1135.24
0.353111 29.5847 64.6321 434.847
0.389378 28.2377 64.0528 414.448
0.376597 72.7484 96.252 509.122
0.294669 19.0441 41.311 311.63
0.33743 106.2 143.478 716.116
0.256324 32.2395 58.7096 391.259
0.375634 21.1767 47.0014 333.077
0.335601 43.4987 80.4853 494.399
0.38068 39.1361 73.1452 466.778
0.413908 29.6292 56.2417 360.462
0.509624 38.1586 82.1885 465.482
0.484295 167.305 200.982 861.084
0.385246 70.9134 92.9101 503.39
0.348509 73.4214 102.682 566.542
0.277329 120.52 154.926 730.759
0.523055 77.0778 122.691 614.147
0.52361 84.5741 133.982 670.001
0.515026 40.16 86.5919 510.4
0.464007 49.7804 81.0074 451.576
0.413885 129.781 155.284 693.055
0.355512 35.6649 59.4196 398.258
0.336885 66.9986 94.1436 509.402
0.27983 28.603 49.4729 326.22
0.36564 35.5437 58.2703 377.675
0.383354 44.9197 77.0354 474.111
0.453941 105.325 141.677 709.197
0.411726 74.7754 111.671 563.25
0.503811 71.9029 102.723 552.52
0.443422 28.0039 57.9835 377.3
0.365364 70.8686 111.009 655.059
0.333608 84.5207 110.759 547.838
0.336264 21.875 47.4706 332.692
0.372908 46.4921 78.5714 499.129
0.467668 855.064 1007.82 3396.81
0.319806 30.0433 59.7099 399.632
0.346981 17.3095 38.3293 282.403
0.596622 111.247 157.047 758.999
0.45671 41.5004 74.2382 429.765
0.375783 60.0225 98.5556 545.241
0.448851 84.1213 128.471 680.087
0.410764 38.442 68.9151 421.648
0.422306 30.0522 61.1166 380.896
0.457893 56.999 103.08 592.575
0.444915 34.6058 71.0304 447.171
0.406741 60.7945 92.397 546.8
0.35704 72.8325 96.9645 529.787
0.433412 45.0989 71.4489 434.654
0.39241 168.326 213.293 1037.75
0.392543 44.1825 78.1849 457.648
0.341771 36.6411 74.3491 474.446
0.318741 31.1872 58.2185 385.873
0.348401 29.2697 59.1069 397.362
0.408625 32.07 65.5165 416.93
0.530503 98.5684 141.355 699.981
0.458565 125.455 155.145 737.308
0.309214 30.3416 53.637 355.949
0.394766 28.9207 67.7173 436.09
0.391074 39.9596 76.0705 486.872
0.328136 54.2409 76.262 444.168
0.400654 33.6593 64.5214 396.66
0.368391 55.9612 85.1209 513.513
0.447317 123.993 154.591 740.168
0.450172 146.437 182.251 883.325
0.324145 277.484 324.454 1301.92
0.412761 33.9239 66.7374 418.087
0.364732 61.8003 87.1242 490.251
0.383268 31.6621 68.3474 424.925
0.377878 143.605 199.223 956.51
0.360094 81.8726 103.089 541.886
0.376077 52.911 92.6123 570.061
0.45892 140.803 195.959 952.084
0.278053 18.6106 41.0746 304.646
0.284669 22.8505 47.3289 338.37
0.269926 16.2748 37.4421 286.86
0.353537 73.4691 103.917 576.537
0.429168 64.9371 108.725 617.518
0.580952 48.1065 91.6439 490.388
0.300447 27.8745 44.9325 314.317
0.578358 62.5128 99.6887 539.155
0.476651 66.2895 117.168 638.057
0.349227 33.3481 68.7434 456.403
0.338733 78.3215 114.619 660.805
0.390816 50.1483 77.3408 463.676
0.361072 36.5695 66.952 444.012
0.392737 69.2955 115.835 695.389
0.411166 73.2734 124.564 663.165
0.492276 77.4861 136.066 703.168
0.543801 85.6479 134.56 680.319
0.374983 86.0784 111.181 597.753
0.429544 57.5371 107.529 641.113
0.565372 54.0307 116.858 638.449
0.350472 28.0798 59.5744 396.708
0.500958 253.914 318.107 1329.22
0.504356 140.626 172.793 779.882
0.387208 45.0366 82.9417 501.655
0.41957 43.4095 78.2328 454.407
0.410479 34.1941 58.9791 374.482
0.397963 44.8449 84.141 504.947
0.518629 302.346 351.757 1391.78
0.401944 57.1094 92.4788 516.731
0.414918 40.0424 68.7095 413.185
0.359072 39.8539 80.3182 507.355
0.303025 35.4864 55.0503 362.162
0.432224 36.829 70.1567 432.03
0.344058 76.9827 127.774 760.6
0.393176 56.4405 103.481 609.421
0.39882 80.999 131.131 710.169
0.387585 45.9978 79.49 484.436
0.412687 44.3962 74.294 443.119
0.350739 48.5452 85.5305 559.615
0.377706 26.762 55.752 373.47
0.397598 51.4172 90.1095 539.503
0.398891 71.9219 117.809 677.161
0.389474 42.037 63.8241 395.907
0.360298 55.5797 86.2158 485.191
0.48613 41.6439 74.219 431.454
0.542261 85.4992 155.736 782.661
0.462451 76.3798 101.393 533.295
0.498307 73.3857 113.865 589.443
0.43018 63.8447 112.697 619.856
0.441116 114.015 139.099 653.931
0.409031 53.8219 79.3948 458.017
0.378041 56.4427 106.179 612.154
0.431847 83.9325 121.784 603.454
0.303522 52.0235 81.3167 524.692
0.392829 26.2412 58.3812 373.399
0.418229 27.0473 59.9718 391.401
0.344632 25.2692 50.524 349.245
0.345615 26.1414 53.503 361.049
0.427147 39.2449 73.1449 446.351
0.27518 38.1949 60.4688 400.299
0.304751 132.171 162.604 738.788
0.381364 292.878 337.876 1288.19
0.347202 52.1715 74.7006 445.094
0.412112 65.685 91.8089 506.363
0.345072 293.469 360.249 1409.65
0.468349 106.456 154.55 825.111
0.608154 103.19 183.045 864.333
0.358151 327.092 410.586 1657.79
0.345333 83.9089 116.437 631.921
0.41077 71.8843 115.17 644.184
0.47285 38.4251 76.6557 447.333
0.397545 51.578 79.9815 469.79
0.401202 58.7412 91.3525 515.918
0.356023 29.9059 58.7524 384.6
0.478276 252.475 335.072 1531.14
0.37597 42.3967 84.0067 496.638
0.267504 14.2191 33.6392 266.076
0.310063 29.9991 57.9242 395.53
0.395131 31.2029 58.4215 377.551
0.438169 65.0984 104.878 591.448
0.373716 69.1099 99.9209 564.203
0.427851 57.5675 89.1923 504.504
0.517382 85.2307 120.144 606.833
0.320412 63.5775 96.0779 557.734
0.431629 64.197 91.5308 506.894
0.339182 78.9375 103.468 544.089
0.362286 54.0146 78.2619 435.125
0.309517 40.1527 61.3475 398.2
0.506266 128.521 162.877 770.94
0.402479 52.2699 78.3113 466.676
0.471332 103.802 137.132 658.771
0.439434 35.102 66.1988 401.745
0.450816 38.1772 78.4215 484.429
0.341413 26.5712 52.3944 366.725
0.244261 34.0014 61.4839 436.166
0.335176 112.81 139.688 664.919
0.399223 43.0978 78.5456 481.739
0.285998 23.7984 48.9732 346.382
0.416919 79.5314 104.834 545.013
0.445571 44.9799 83.8073 498.252
0.334719 30.8507 52.5737 351.047
0.446767 155.692 187.298 853.09
0.400742 73.4378 99.8115 524.241
0.400926 43.757 64.1102 388.126
0.369457 84.3585 106.585 533.788
0.458808 47.0116 85.7767 504.416
0.473793 39.8083 79.1523 453.593
0.349115 43.5548 64.6548 407.162
0.504144 92.3157 136.731 648.497
0.326459 44.0043 68.1921 414.506
0.486164 42.4634 87.2385 526.659
0.389475 44.6255 77.5216 485.267
0.344201 69.9184 96.4472 544.23
0.505087 73.3898 102.967 549.138
0.370142 61.3092 109.921 632.853
0.468617 49.8584 83.3952 488.981
0.328783 59.1878 107.71 641.015
0.397019 30.4184 58.717 388.179
0.383378 59.2977 107.483 635.508
0.499316 104.041 136.756 662.404
0.412282 37.3729 74.1417 485.239
0.447711 29.2102 64.3288 404.077
0.454978 81.209 120.226 651.002
0.342967 54.3328 72.981 414.555
0.47218 71.2205 103.335 556.873
0.362044 82.4331 110.897 617.979
0.426458 54.4411 85.3895 482.865
0.324886 43.6564 74.0767 461.557
0.375442 43.2611 67.3408 431.561
0.363839 76.7943 100.84 531.068
0.343779 32.783 62.2935 402.594
0.384876 108.611 158.663 841.407
0.49337 47.7444 85.8898 498.905
0.529838 35.1777 76.407 439.851
0.28595 19.9143 50.5858 384.095
0.448164 60.3093 105.656 584.098
0.64442 371.907 438.898 1687.57
0.525343 59.8114 103.574 549.023
0.323367 165.822 222.783 1074.43
0.36652 55.0867 86.7975 505.238
0.460249 113.261 152.339 768.004
0.339978 20.1538 46.8392 329.845
0.388179 66.9698 110.408 630.484
0.399998 34.6041 61.8229 378.384
0.436514 57.0484 84.5986 476.646
0.326648 47.6361 73.266 454.906
0.263491 22.1223 44.6953 336.673
0.417635 86.5617 121.151 661.013
0.386576 21.5727 49.1446 336.671
0.33068 31.7461 62.2998 422.51
0.538254 41.0796 77.2532 435.453
0.484959 45.2985 79.8453 446.649
0.469662 44.5836 101.12 614.15
0.648106 63.0652 129.587 647.991
0.519744 33.5536 72.7693 431.23
0.536194 95.9508 146.766 749.178
0.348946 19.6246 45.8067 324.922
0.465794 42.5478 81.7037 469.788
0.335974 54.5898 81.5459 495.926
0.302262 27.4073 53.177 360.507
0.337897 128.357 166.858 783.036
0.318985 22.0808 45.1821 317.184
0.321863 29.9485 62.3051 427.312
0.423496 123.519 151.968 714.143
0.368552 45.8994 78.3657 476.522
0.355925 62.9803 91.2285 533.134
0.3984 37.0682 74.0809 454.862
0.561162 78.7965 126.337 613.894
0.439863 36.8503 80.9968 513.633
0.360187 40.343 67.0906 410.543
0.447421 167.762 200.947 900.171
0.380801 41.3046 62.8177 394.714
0.282805 38.3961 60.115 399.217
0.387028 43.2702 78.0818 444.752
0.47294 31.4867 65.5912 408.183
0.510384 54.5002 112.852 648.958
0.464288 211.128 276.035 1266.83
0.417657 36.2829 72.029 457.818
0.417387 38.2209 69.5508 418.276
0.282496 46.8029 79.8745 517.61
0.323411 24.1691 50.3265 348.165
0.279477 18.9554 40.6559 306.944
0.348405 32.6354 62.6963 408.378
0.321909 15.2665 37.1289 282.004
0.361552 19.9771 44.6231 315.344
0.36095 43.4255 85.1081 542.449
0.252501 22.0948 41.4669 312.01
0.345468 42.9477 67.8468 439.113
0.292737 29.348 54.9129 390.158
0.413601 34.5274 67.0167 440.05
0.493258 107.979 166.752 776.927
0.47122 241.723 280.998 1134.57
0.359285 90.3809 136.934 677.569
0.294823 35.3616 68.7901 464.87
0.407001 50.7653 81.8306 478.308
0.36877 61.688 82.4285 466.311
0.283357 59.2736 98.754 550.319
0.20385 18.5199 39.1793 290.674
0.35411 237.788 288.138 1176.15
0.388205 78.2861 119.598 682.807
0.362612 61.0365 88.8734 536.485
0.469311 110.601 146.066 735.037
0.417355 41.3283 80.4835 478.386
0.407152 97.3389 127.017 647.664
0.320105 40.9561 61.7724 396.967
0.396953 57.445 85.2814 503.081
0.467827 108.751 135.609 644.826
0.425065 22.08 52.5854 348.836
0.464672 264.84 304.011 1204.69
0.376449 40.5569 76.8661 480.761
0.402493 23.47 54.1774 354.111
0.403016 32.8781 64.3128 404.267
0.373971 76.4036 98.5691 519.289
0.353056 34.818 69.474 432.844
0.303104 26.2363 50.4834 356.294
0.348102 80.171 120.94 641.976
0.32043 50.6803 76.1073 464.564
0.392556 96.8822 163.788 861.298
0.329221 33.2096 63.1022 417.185
0.270199 18.6316 40.2389 301.263
0.260375 24.2221 53.1984 385.352
0.43054 150.926 198.027 943.868
0.427839 42.1437 76.6594 448.875
0.402775 44.6823 78.6076 497.308
0.422829 129.739 212.749 1089.16
0.300934 31.1514 80.8427 575.662
0.341163 68.2804 102.01 578.469
0.390464 17.1734 44.8939 315.79
0.417535 48.5712 78.5286 457.256
0.424566 44.6538 77.3852 451.075
0.405383 31.3681 56.8097 361.443
0.369678 65.0568 104.863 607.271
0.433382 33.5641 63.1374 395.605
0.384014 39.31 78.0957 452.905
0.504262 51.226 94.2388 532.232
0.364938 200.375 244.796 1040.04
0.372923 74.9011 129.434 703.246
0.426268 33.9249 75.9023 474.768
0.377635 31.9745 57.3175 379.916
0.294998 26.4291 49.5003 361.111
0.451738 37.7403 69.4021 411.89
0.356557 33.6322 61.0504 376.557
0.378278 51.4631 83.9892 518.802
0.304734 36.8577 55.4955 362.786
0.507789 198.199 257.978 1089.21
0.420927 27.8901 57.1266 369.809
0.348853 250.341 313.436 1249.14
0.407587 43.905 83.0211 504.759
0.354266 140.286 205.003 1096.27
0.397426 33.9806 70.0882 442.295
0.340973 47.0294 77.5133 445.986
0.46584 61.0434 101.506 566.491
0.388513 42.6727 75.7197 459.331
0.32543 30.705 57.6627 388.048
0.285985 30.2776 52.8513 342.797
0.366146 52.2481 91.5323 572.216
0.514158 90.0758 129.06 680.491
0.336737 37.2699 62.1314 397.748
0.284316 53.4182 74.5091 438.981
0.343078 54.6168 82.503 503.088
0.33108 47.5125 81.3338 482.307
0.425269 36.9518 67.7853 410.072
0.435773 102.482 154.749 883.122
0.629771 436.162 481.506 1632.26
0.252445 74.6985 132.546 820.991
0.413843 104.461 133.051 648.209
0.326118 42.1812 62.2463 382.621
0.42004 93.4437 128.085 665.845
0.3258 46.9341 96.1255 619.717
0.553688 83.2128 118.433 608.935
0.510535 59.559 112.212 618.164
0.229226 15.9313 36.2953 290.212
0.355935 26.668 54.5494 373.018
0.490671 147.605 178.551 806.405
0.31508 73.3881 115.578 677.627
0.491845 49.8682 84.8377 491.259
0.376116 23.424 51.5672 344.606
0.438081 54.3567 87.8342 486.902
0.396435 23.2174 50.1217 328.741
0.267833 83.8598 114.692 641.791
0.425838 35.8834 70.4175 435.417
0.509546 49.5597 104.883 599.114
0.468624 80.3411 119.274 647.685
0.420832 50.0037 84.0351 493.328
0.449717 38.9194 71.1781 410.474
0.463944 39.4015 73.9912 432.307
0.42989 68.2368 106.212 569.272
0.560113 53.5005 98.3145 509.824
0.371226 36.2838 59.4744 383.701
0.39618 60.0394 89.2873 498.211
0.463037 34.9278 75.7637 477.57
0.581886 570.084 624.748 1977.98
0.429598 106.204 140.531 711.328
0.367638 120.684 214.822 1132.73
0.373975 66.7182 90.9215 500.01
0.32501 22.3373 49.7431 353.219
0.320509 26.2089 47.194 337.955
0.371068 22.6081 49.3839 343.22
0.353414 24.2351 50.867 349.221
0.316819 31.9024 66.4067 447.202
0.464126 53.0518 97.0382 556.288
0.318452 24.2322 49.0862 334.898
