0.162199 1.36199 2.10777 25.9737
0.773631 7.40074 7.70726 72.1571
0.189403 1.4363 2.14825 26.2955
0.264326 1.66862 2.29819 27.4955
0.0360226 1.07034 2.0052 25.1494
0.61834 3.99891 4.38926 44.5279
0.119726 1.25486 2.05808 25.5761
0.432665 2.41129 2.90342 32.3617
0.302385 1.80537 2.3986 28.3004
0.00223202 1.00422 2.00002 25.1053
0.777195 7.53622 7.84033 73.3215
0.107417 1.22565 2.04663 25.4844
0.585146 3.60871 4.01528 41.4429
0.628213 4.12874 4.51431 45.5614
0.175448 1.39758 2.12661 26.1227
0.506021 2.89376 3.34157 35.9374
0.0775869 1.15796 2.02421 25.3037
0.516578 2.9754 3.41739 36.5569
0.209334 1.4939 2.18244 26.5682
0.700493 5.34769 5.6972 55.3768
0.565753 3.40892 3.82516 39.9022
0.0492366 1.09741 2.00972 25.1863
0.00892777 1.01698 2.00032 25.1083
0.684503 5.02861 5.38639 52.792
0.792593 8.17651 8.46976 78.5382
0.211025 1.49892 2.18552 26.5949
0.22897 1.55349 2.22005 26.8706
0.516091 2.97155 3.41381 36.5276
0.00869836 1.01654 2.0003 25.1081
0.36497 2.0655 2.60603 29.9699
0.088793 1.18289 2.03176 25.3647
0.177684 1.4037 2.12995 26.1513
0.353799 2.01539 2.56473 29.637
0.353631 2.01465 2.56412 29.625
0.457647 2.56081 3.037 33.444
0.758523 6.87189 7.18823 67.8658
0.224041 1.53825 2.21023 26.7897
0.451334 2.52173 3.00187 33.1706
0.807986 8.92187 9.20342 84.7404
0.261936 1.6605 2.29247 27.4497
0.229116 1.55394 2.22034 26.873
0.12204 1.26044 2.06038 25.5945
0.49462 2.80948 3.26372 35.2864
0.207625 1.48885 2.17935 26.5436
0.807761 8.91009 9.19182 84.586
0.0154912 1.02965 2.00096 25.114
0.455449 2.5471 3.02466 33.3558
0.379577 2.13372 2.66311 30.4303
0.619427 4.01286 4.40269 44.6666
0.23995 1.58812 2.24284 27.0528
0.348218 1.991 2.54483 29.4699
0.262259 1.66159 2.29324 27.4559
0.604308 3.82579 4.22297 43.1812
0.156381 1.34669 2.1 25.9115
0.303329 1.80895 2.40132 28.3222
0.434779 2.42343 2.91418 32.4591
0.823527 9.80955 10.0783 92.0755
0.830342 10.2513 10.5142 95.6695
0.651336 4.46233 4.83664 48.262
0.443069 2.47192 2.9573 32.7979
0.238298 1.58284 2.23933 27.0247
0.225102 1.54152 2.21232 26.8064
0.538301 3.15532 3.58568 37.9156
0.697682 5.28908 5.64007 54.9423
0.22777 1.54976 2.21763 26.8488
0.225086 1.54147 2.21229 26.8062
0.122004 1.26035 2.06034 25.5938
0.567031 3.42151 3.83712 39.9774
0.0720452 1.14585 2.02086 25.2766
0.85711 12.4033 12.6404 113.501
0.0472358 1.09326 2.00894 25.1804
0.250341 1.62181 2.26562 27.2319
0.0306081 1.05945 2.00375 25.1374
0.305469 1.8171 2.40753 28.372
0.0946902 1.19625 2.03615 25.4003
0.00785812 1.01493 2.00025 25.1077
0.00928269 1.01766 2.00034 25.1086
0.125414 1.26862 2.06381 25.622
0.152283 1.33605 2.09472 25.8692
0.544349 3.20851 3.63572 38.3254
0.270916 1.69129 2.31432 27.621
0.640076 4.29439 4.6742 46.9147
0.769815 7.26045 7.56951 71.0549
0.915239 21.8596 22.0246 192.207
0.312092 1.84264 2.42714 28.5294
0.362663 2.055 2.59733 29.8998
0.214181 1.50834 2.19135 26.6392
0.137252 1.29783 2.07664 25.7238
0.205265 1.48191 2.17514 26.51
0.200718 1.46866 2.16718 26.4465
0.685827 5.05376 5.41087 53.0342
0.467386 2.62293 3.09316 33.9129
0.490691 2.78132 3.2378 35.0909
0.888615 16.2884 16.4897 145.866
0.486293 2.75032 3.20934 34.8439
0.439776 2.45249 2.93998 32.6576
0.508465 2.91234 3.35879 36.0781
0.0137931 1.02636 2.00076 25.1123
0.352321 2.0089 2.55942 29.5942
0.0209946 1.0404 2.00176 25.121
0.319497 1.87178 2.44976 28.7062
0.505079 2.88665 3.33498 35.8836
0.23272 1.56521 2.22769 26.9317
0.367935 2.07909 2.61733 30.061
0.539677 3.1673 3.59694 38.0078
0.703808 5.41827 5.76603 55.9917
0.226614 1.54618 2.21532 26.8329
0.101911 1.21283 2.04193 25.4467
0.687801 5.09167 5.44776 53.3413
0.121969 1.26027 2.06031 25.5935
0.106331 1.22311 2.04569 25.4766
0.311072 1.83867 2.42408 28.5048
0.177277 1.40259 2.12934 26.1464
0.283667 1.73633 2.34699 27.8822
0.0582253 1.11623 2.0136 25.2183
0.639742 4.28959 4.66955 46.8459
0.870878 13.8645 14.0868 125.633
0.284453 1.73915 2.34907 27.8988
0.653467 4.49538 4.86865 48.4951
0.583008 3.58575 3.99338 41.2626
0.604106 3.82339 4.22066 43.1622
0.20746 1.48837 2.17906 26.5432
0.108722 1.22871 2.04779 25.4937
0.504326 2.88098 3.32974 35.8408
0.487528 2.75896 3.21727 34.9236
0.0247099 1.04772 2.00244 25.1268
0.430727 2.40025 2.89366 32.2827
0.494718 2.81018 3.26436 35.2916
0.374729 2.11072 2.64376 30.2657
0.0232378 1.04481 2.00216 25.1242
0.709118 5.53478 5.87971 56.9392
0.328103 1.90644 2.477 28.925
0.376425 2.11873 2.65048 30.3285
0.414956 2.31309 2.8171 31.664
0.512518 2.94358 3.38779 36.315
0.734482 6.15742 6.48824 62.0168
0.149473 1.3288 2.09119 25.841
0.300832 1.7995 2.39415 28.2647
0.256969 1.64378 2.28078 27.353
0.832574 10.404 10.6648 96.9944
0.139063 1.30237 2.07871 25.7413
0.364904 2.06519 2.60578 29.96
0.643562 4.34522 4.72333 47.322
0.552727 3.28463 3.7075 38.9349
0.311144 1.83896 2.4243 28.5066
0.0235727 1.04547 2.00222 25.125
0.653949 4.50291 4.87594 48.5881
0.0137417 1.02626 2.00076 25.1123
0.685796 5.05316 5.41028 53.0293
0.806275 8.83303 9.11592 84.007
0.678502 4.91727 5.27809 51.9296
0.769588 7.25224 7.56145 70.9875
0.553914 3.29565 3.71792 38.999
0.453682 2.53616 3.01482 33.2641
0.491475 2.7869 3.24294 35.1327
0.215901 1.5135 2.19457 26.6649
0.31196 1.84213 2.42674 28.5262
0.0974783 1.20262 2.03833 25.4178
0.151694 1.33452 2.09397 25.8633
0.57583 3.5104 3.9216 40.6958
0.340912 1.9597 2.51951 29.2664
0.523401 3.03011 3.4684 36.9564
0.107435 1.22569 2.04665 25.4843
0.381233 2.14166 2.6698 30.4843
0.38438 2.15686 2.68267 30.5792
0.321635 1.88031 2.45643 28.7597
0.249238 1.61819 2.26315 27.2151
0.0326843 1.06361 2.00428 25.1418
0.884434 15.6491 15.8555 140.545
0.636185 4.23884 4.62053 46.4402
0.383058 2.15046 2.67725 30.5444
0.289092 1.75597 2.3615 28.0027
0.0542632 1.10789 2.01181 25.2038
0.745379 6.4641 6.78851 64.4778
0.543972 3.20516 3.63255 38.2995
0.0482077 1.09527 2.00932 25.183
0.313536 1.84827 2.43149 28.5643
0.194327 1.45027 2.15633 26.3618
0.511312 2.93423 3.3791 36.244
0.400548 2.23748 2.75156 31.1349
0.132047 1.28489 2.07085 25.6776
0.473825 2.66527 3.13164 34.2261
0.548654 3.24727 3.67224 38.6246
0.297355 1.78646 2.38429 28.1856
0.484295 2.73641 3.19659 34.7551
0.665218 4.68533 5.05281 50.0569
0.290019 1.75935 2.36401 28.0229
0.137281 1.2979 2.07667 25.725
0.0945431 1.19591 2.03604 25.3994
0.294968 1.77758 2.37762 28.1274
0.181492 1.4142 2.13575 26.1976
0.729919 6.03654 6.36998 61.0293
0.18074 1.41212 2.1346 26.1884
0.473779 2.66496 3.13136 34.2238
0.242937 1.59771 2.24927 27.1041
0.146034 1.32 2.08696 25.8061
0.000520788 1.00098 2 25.105
0.422175 2.35239 2.8515 31.9418
0.162996 1.3641 2.10885 25.9824
0.457594 2.56047 3.0367 33.4537
0.259172 1.65116 2.28593 27.3973
0.706525 5.47734 5.82365 56.4719
0.266697 1.67673 2.30393 27.5415
0.641443 4.31421 4.69335 47.0735
0.378927 2.13062 2.66049 30.4005
0.399171 2.23044 2.7455 31.086
0.380264 2.13701 2.66588 30.4527
0.260944 1.65714 2.29011 27.4276
0.708359 5.51787 5.8632 56.8016
0.279435 1.7212 2.33593 27.7937
0.936384 29.643 29.7746 257.26
0.0996095 1.20752 2.04004 25.4313
0.78668 7.9194 8.21691 76.4215
0.662091 4.63346 5.00248 49.6388
0.678549 4.91812 5.27892 51.8991
0.660717 4.61098 4.98068 49.4578
0.619113 4.00883 4.3988 44.6345
0.399859 2.23396 2.74853 31.1104
0.706879 5.48512 5.83125 56.5352
0.67615 4.87478 5.23679 51.5861
0.679671 4.9386 5.29884 52.1022
0.0921932 1.19057 2.03426 25.3851
0.375575 2.11471 2.64711 30.2927
0.77218 7.34683 7.65432 71.7144
0.0963906 1.20013 2.03747 25.411
0.266352 1.67555 2.3031 27.5348
0.662457 4.63948 5.00832 49.653
0.0328317 1.06391 2.00432 25.1421
0.0559964 1.11153 2.01258 25.2095
0.129767 1.27927 2.06838 25.658
0.50089 2.85534 3.30603 35.6473
0.662866 4.64623 5.01487 49.7417
0.450684 2.51776 2.9983 33.1417
0.494719 2.81019 3.26437 35.2917
0.232806 1.56547 2.22786 26.9331
0.569133 3.44242 3.85696 40.1638
0.0403777 1.07918 2.00653 25.1607
0.542432 3.1915 3.6197 38.1942
0.878572 14.8278 15.0413 133.64
0.259701 1.65295 2.28717 27.4073
0.418701 2.33335 2.83481 31.807
0.342109 1.96478 2.5236 29.3055
0.423834 2.36156 2.85956 32.0167
0.104354 1.2185 2.04399 25.4629
0.456735 2.55511 3.03187 33.4144
0.730217 6.04432 6.37759 61.0928
0.0626398 1.1256 2.01575 25.2357
0.5318 3.09969 3.53349 37.5071
0.436896 2.43568 2.92504 32.5366
0.0619749 1.12418 2.01542 25.2325
0.697845 5.29246 5.64335 54.9697
0.926924 25.6003 25.7474 223.504
0.477858 2.69233 3.1563 34.4269
0.55815 3.33546 3.75556 39.3078
0.00522923 1.00991 2.00011 25.1063
0.0919085 1.18993 2.03404 25.3831
0.172722 1.39017 2.1226 26.0925
0.546117 3.22434 3.65063 38.4678
0.27604 1.7092 2.32721 27.728
0.434062 2.41931 2.91052 32.4295
0.00800367 1.01521 2.00026 25.1077
0.314402 1.85166 2.43412 28.5805
0.452055 2.52615 3.00583 33.1912
0.16696 1.37465 2.11435 26.0247
0.539103 3.16229 3.59223 37.9887
0.563547 3.38733 3.80469 39.7111
0.538916 3.16066 3.5907 37.9761
0.230503 1.55826 2.22315 26.8928
0.601449 3.79205 4.19062 42.9141
0.558644 3.34016 3.76001 39.3664
0.549687 3.25667 3.68111 38.6973
0.0793523 1.16185 2.02533 25.3132
0.322193 1.88254 2.45818 28.7738
0.034676 1.06762 2.00481 25.1462
0.245565 1.60621 2.255 27.15
0.077361 1.15747 2.02407 25.3026
0.42802 2.38494 2.88014 32.1733
0.461087 2.58249 3.05657 33.6152
0.390445 2.1866 2.70796 30.7831
0.776799 7.52095 7.82533 73.196
0.768639 7.21815 7.52798 70.7074
0.301365 1.80151 2.39567 28.2769
0.899143 18.1364 18.324 161.175
0.0435062 1.08558 2.00758 25.1694
0.284133 1.738 2.34823 27.8964
0.416284 2.32024 2.82335 31.7144
0.20514 1.48155 2.17492 26.5082
0.504521 2.88244 3.33109 35.8354
0.747629 6.53084 6.8539 65.0239
0.852346 11.9621 12.2041 109.842
0.75368 6.71646 7.03582 66.5917
0.249614 1.61942 2.26399 27.2218
0.676922 4.88865 5.25028 51.6612
0.353186 2.01269 2.56252 29.6192
0.672851 4.81623 5.1799 51.0768
0.549877 3.25841 3.68275 38.7316
0.574418 3.49588 3.90778 40.5582
0.789463 8.0386 8.33411 77.4026
0.607917 3.8691 4.26452 43.5244
0.0242304 1.04677 2.00235 25.1258
0.361183 2.04832 2.5918 29.8553
0.427145 2.38003 2.87581 32.1482
0.393511 2.20187 2.72099 30.8973
0.305371 1.81672 2.40724 28.3649
0.59301 3.69526 4.09796 42.1242
0.585921 3.61709 4.02327 41.5088
0.509402 2.91952 3.36545 36.1157
0.0106932 1.02037 2.00046 25.1096
0.573549 3.487 3.89933 40.4887
0.439529 2.45104 2.93869 32.658
0.383578 2.15298 2.67938 30.5527
0.560299 3.35596 3.77497 39.467
0.403455 2.25244 2.76446 31.239
0.685408 5.04578 5.4031 52.9696
0.398733 2.22821 2.74359 31.0796
0.685668 5.05072 5.40791 53.0096
0.0169223 1.03244 2.00115 25.1156
0.751247 6.6407 6.96156 65.9233
0.929973 26.7834 26.9256 233.291
0.101103 1.21096 2.04126 25.4411
0.328226 1.90694 2.4774 28.9333
0.540082 3.17083 3.60026 38.035
0.269227 1.68544 2.31014 27.5875
0.0811777 1.16589 2.02651 25.3227
0.664822 4.67871 5.04638 49.9687
0.0723816 1.14658 2.02105 25.2782
0.580832 3.56263 3.97133 41.1055
0.123569 1.26414 2.06192 25.6069
0.318063 1.86609 2.44532 28.6754
0.13825 1.30033 2.07778 25.7338
0.449538 2.51078 2.99204 33.0794
0.694454 5.22315 5.57582 54.4072
0.166626 1.37376 2.11388 26.0227
0.0651659 1.131 2.01705 25.2458
0.259644 1.65275 2.28704 27.4062
0.0980899 1.20402 2.03882 25.4218
0.230844 1.55933 2.22385 26.8984
0.0909989 1.18787 2.03337 25.3779
0.451782 2.52447 3.00433 33.179
0.188422 1.43354 2.14667 26.2829
0.718264 5.74602 6.08598 58.6153
0.389733 2.18308 2.70495 30.7679
0.517755 2.98473 3.42607 36.6106
0.0874245 1.17982 2.03078 25.3571
0.290722 1.76192 2.36592 28.0382
0.450222 2.51494 2.99578 33.1212
0.0591118 1.11811 2.01402 25.2217
0.144082 1.31503 2.08461 25.7874
0.704045 5.42339 5.77102 55.9914
0.132357 1.28566 2.07118 25.6803
0.449006 2.50755 2.98915 33.0559
0.819325 9.55417 9.8265 89.964
0.222963 1.53495 2.20812 26.7753
0.0909309 1.18772 2.03332 25.3773
0.681496 4.97227 5.33159 52.3366
0.163306 1.36492 2.10928 25.9858
0.454072 2.53857 3.01699 33.2935
0.616234 3.9721 4.36348 44.3149
0.536618 3.14077 3.57201 37.8037
0.261357 1.65854 2.29109 27.4354
0.0717291 1.14516 2.02067 25.2751
0.294528 1.77595 2.3764 28.1222
0.582677 3.58222 3.99001 41.2594
0.0661372 1.13309 2.01756 25.2504
0.753623 6.71464 7.03404 66.5289
0.0974629 1.20259 2.03832 25.4177
0.661276 4.62011 4.98953 49.5313
0.480193 2.70819 3.17078 34.5303
0.407882 2.27551 2.78442 31.4001
0.0151623 1.02901 2.00092 25.1137
0.0693917 1.1401 2.01934 25.2648
0.63624 4.23962 4.62129 46.4464
0.11629 1.24662 2.05475 25.5495
0.273368 1.69983 2.32045 27.67
0.24732 1.61192 2.25888 27.178
0.689635 5.12734 5.48249 53.5908
0.203665 1.47723 2.17231 26.4894
0.412783 2.30145 2.80696 31.5914
0.801507 8.5937 8.88029 81.9762
0.854502 12.1581 12.398 111.535
0.00378615 1.00717 2.00006 25.1058
0.871147 13.8963 14.1182 125.969
0.672212 4.80504 5.16903 50.9865
0.626762 4.10922 4.49549 45.4345
0.84846 11.6231 11.869 107.097
0.454213 2.53944 3.01777 33.2998
0.266589 1.67636 2.30367 27.5394
0.786824 7.92553 8.22294 76.5253
0.376258 2.11794 2.64982 30.3231
0.71814 5.74306 6.08308 58.5912
0.263258 1.66498 2.29563 27.4716
0.12267 1.26196 2.06101 25.5996
0.582706 3.58253 3.99031 41.2373
0.569492 3.446 3.86037 40.1684
0.320094 1.87415 2.45162 28.726
0.0387276 1.07582 2.00601 25.156
0.0437206 1.08602 2.00766 25.1696
0.503799 2.87703 3.32608 35.811
0.603349 3.81441 4.21205 43.0911
0.0813598 1.16629 2.02663 25.3233
0.555376 3.3093 3.73082 39.1264
0.86032 12.7178 12.9516 116.181
0.446084 2.48992 2.97337 32.9281
0.492579 2.79479 3.2502 35.1763
0.375323 2.11353 2.64611 30.2932
0.613994 3.94391 4.33637 44.1182
0.164323 1.36762 2.11068 25.9954
0.20346 1.47663 2.17195 26.4865
0.593725 3.70331 4.10565 42.213
0.487691 2.76011 3.21833 34.9322
0.486254 2.75004 3.20909 34.8418
0.664315 4.67025 5.03817 49.9006
0.923516 24.3902 24.5426 213.317
0.0739116 1.14991 2.02196 25.286
0.524488 3.03898 3.47668 37.024
0.132913 1.28703 2.07179 25.686
0.0958835 1.19897 2.03708 25.4075
0.735504 6.18508 6.51532 62.1967
0.558268 3.33658 3.75662 39.3165
0.641044 4.30841 4.68774 47.027
0.433381 2.4154 2.90705 32.3911
0.0341407 1.06654 2.00467 25.145
0.744889 6.44976 6.77446 64.3605
0.298044 1.78903 2.38623 28.1964
0.575598 3.50801 3.91932 40.6531
0.125105 1.26787 2.06349 25.6195
0.669202 4.75288 5.11837 50.6018
0.0891249 1.18364 2.032 25.3667
0.654565 4.51256 4.88528 48.6657
0.0723454 1.1465 2.02103 25.2785
0.6666 4.70858 5.07536 50.2443
0.519181 2.99608 3.43665 36.697
0.0687676 1.13875 2.019 25.262
0.428037 2.38504 2.88023 32.184
0.639972 4.29289 4.67274 46.8724
0.18903 1.43525 2.14765 26.2907
0.741569 6.35387 6.68055 63.5762
0.157787 1.35037 2.10185 25.9263
0.391885 2.19375 2.71405 30.8413
0.5198 3.00104 3.44128 36.7523
0.588483 3.64502 4.04995 41.7285
0.550632 3.26532 3.68928 38.7642
0.0729859 1.1479 2.02141 25.2811
0.0110224 1.02101 2.00049 25.1098
0.658999 4.58314 4.95368 49.2
0.25234 1.62839 2.27014 27.268
0.445108 2.48407 2.96815 32.8858
0.487592 2.75941 3.21769 34.927
0.817721 9.45985 9.73352 89.1254
0.057614 1.11494 2.01332 25.2155
0.66064 4.60972 4.97945 49.4137
0.668775 4.74557 5.11127 50.5428
0.00415862 1.00787 2.00007 25.1059
0.143455 1.31344 2.08386 25.7824
0.805997 8.81877 9.10188 83.8326
0.473515 2.66321 3.12976 34.2108
0.102969 1.21528 2.04281 25.4538
0.0736073 1.14925 2.02178 25.2845
0.450225 2.51496 2.99579 33.1213
0.00235195 1.00445 2.00002 25.1053
0.615617 3.9643 4.35597 44.2529
0.16351 1.36546 2.10956 25.9865
0.0580155 1.11579 2.0135 25.2175
0.367996 2.07937 2.61756 30.0548
0.227976 1.5504 2.21805 26.8521
0.0966272 1.20067 2.03766 25.4122
0.203293 1.47615 2.17166 26.4823
0.495938 2.81903 3.27251 35.3739
0.745377 6.46406 6.78847 64.5246
0.351272 2.0043 2.55566 29.5639
0.356775 2.02857 2.57554 29.7168
0.452359 2.52801 3.0075 33.2164
0.565706 3.40845 3.82473 39.8756
0.0033413 1.00632 2.00004 25.1056
0.457461 2.55964 3.03596 33.4355
0.170878 1.38518 2.11992 26.0711
0.607156 3.8599 4.25569 43.4514
0.474468 2.66956 3.13554 34.2439
0.222063 1.53219 2.20636 26.7589
0.343644 1.97132 2.52888 29.3418
0.782426 7.74332 8.04383 74.9729
0.745034 6.45399 6.77861 64.4422
0.815684 9.34247 9.61782 88.2143
0.473184 2.66101 3.12775 34.1945
0.389175 2.18033 2.70261 30.74
0.0917921 1.18966 2.03396 25.3827
0.72178 5.83103 6.16904 59.3079
0.15171 1.33457 2.09399 25.8623
0.182713 1.41758 2.13764 26.2127
0.315817 1.85722 2.43842 28.62
0.803839 8.70927 8.99406 82.9856
0.708805 5.52779 5.87288 56.8396
0.0855205 1.17555 2.02945 25.3463
0.116562 1.24727 2.05501 25.5515
0.791151 8.11245 8.40674 78.0106
0.00760895 1.01446 2.00023 25.1076
0.191748 1.44293 2.15207 26.3278
0.166535 1.37352 2.11375 26.02
0.225894 1.54396 2.21389 26.8214
0.157857 1.35056 2.10194 25.9271
0.53082 3.09145 3.52576 37.4253
0.847896 11.5755 11.8219 106.636
0.527451 3.06335 3.49947 37.2285
0.398879 2.22896 2.74422 31.0847
0.503487 2.87469 3.32391 35.7933
0.602839 3.80839 4.20628 43.0173
0.583014 3.58581 3.99344 41.2631
0.504263 2.8805 3.3293 35.8208
0.200674 1.46853 2.1671 26.4459
0.0341399 1.06654 2.00467 25.1454
0.327674 1.90469 2.47562 28.919
0.541926 3.18703 3.6155 38.1598
0.576203 3.51426 3.92527 40.7021
0.63234 4.18512 4.56869 46.0112
0.181184 1.41334 2.13528 26.1938
0.104985 1.21997 2.04452 25.4675
0.27679 1.71184 2.32913 27.7393
0.37258 2.10065 2.63532 30.1977
0.268229 1.682 2.30768 27.5716
0.162098 1.36172 2.10763 25.9711
0.341517 1.96226 2.52157 29.2892
0.331121 1.91881 2.4868 29.009
0.517553 2.98312 3.42457 36.6156
0.138158 1.3001 2.07767 25.7321
0.0343106 1.06688 2.00471 25.1454
0.443368 2.4737 2.95888 32.8107
0.606124 3.84748 4.24377 43.3266
0.26333 1.66523 2.2958 27.4764
0.217889 1.5195 2.19833 26.6972
0.333703 1.92947 2.49529 29.0774
0.412171 2.29818 2.80412 31.5591
0.237784 1.58121 2.23824 27.016
0.38088 2.13997 2.66838 30.464
0.288381 1.75338 2.35958 27.9829
0.695849 5.25147 5.60341 54.5965
0.122058 1.26048 2.0604 25.5947
0.59373 3.70337 4.10572 42.2135
0.110475 1.23283 2.04936 25.506
0.774741 7.44248 7.74826 72.5508
0.493173 2.79906 3.25412 35.2239
0.277335 1.71376 2.33052 27.7505
0.139552 1.30359 2.07928 25.7458
0.605282 3.8374 4.2341 43.2732
0.0630864 1.12655 2.01598 25.2371
0.599978 3.77488 4.17417 42.7524
0.0566126 1.11283 2.01286 25.2118
0.553926 3.29576 3.71802 38.9999
0.101696 1.21233 2.04175 25.445
0.350931 2.00281 2.55445 29.5472
0.546565 3.22837 3.65442 38.4786
0.765009 7.09038 7.40258 69.6093
0.540191 3.17179 3.60116 38.062
0.58563 3.61393 4.02027 41.5088
0.670181 4.76974 5.13475 50.7019
0.71408 5.64767 5.98991 57.8147
0.573264 3.4841 3.89657 40.466
0.0603636 1.12076 2.01462 25.2261
0.391757 2.19312 2.71351 30.8279
0.0898414 1.18526 2.03252 25.3709
0.47927 2.70191 3.16504 34.4837
0.711456 5.58746 5.93113 57.3249
0.20985 1.49543 2.18338 26.5777
0.0107596 1.0205 2.00046 25.1097
0.450249 2.5151 2.99592 33.1224
0.265219 1.67167 2.30035 27.5093
0.367307 2.0762 2.61492 30.0335
0.0736049 1.14925 2.02178 25.2841
0.0441158 1.08683 2.0078 25.1707
0.0618671 1.12396 2.01536 25.2321
0.146325 1.32074 2.08731 25.81
0.10357 1.21668 2.04332 25.4576
0.58036 3.55765 3.96659 41.0421
0.163827 1.3663 2.10999 25.9915
0.555429 3.3098 3.73129 39.1087
0.683219 5.00441 5.36285 52.5963
0.498121 2.83495 3.28719 35.4936
0.603166 3.81225 4.20998 43.074
0.595764 3.7264 4.12775 42.3696
0.585183 3.60911 4.01566 41.4461
0.34075 1.95901 2.51895 29.2681
0.120925 1.25774 2.05926 25.5852
0.140906 1.307 2.08085 25.7583
0.474754 2.67146 3.13728 34.258
0.315275 1.85509 2.43677 28.6067
0.144802 1.31686 2.08547 25.7953
0.373704 2.10591 2.63972 30.2332
0.0473942 1.09359 2.009 25.1809
0.856324 12.3284 12.5664 112.949
0.036724 1.07176 2.0054 25.1511
0.435323 2.42657 2.91696 32.4712
0.384924 2.1595 2.68491 30.5973
0.425198 2.36914 2.86622 32.0608
0.268999 1.68466 2.30958 27.5831
0.0021384 1.00404 2.00002 25.1053
0.758827 6.88187 7.19801 67.9476
0.626337 4.10353 4.49 45.3605
0.242476 1.59622 2.24827 27.0933
0.434582 2.4223 2.91317 32.4405
0.143705 1.31408 2.08415 25.7848
0.792812 8.18632 8.47941 78.6736
0.435326 2.42658 2.91697 32.4818
0.255353 1.63839 2.27704 27.3262
0.581535 3.57007 3.97843 41.164
0.320481 1.8757 2.45282 28.7308
0.0313966 1.06103 2.00395 25.1394
0.140307 1.30549 2.08015 25.7519
0.500219 2.85038 3.30144 35.6099
0.191758 1.44296 2.15209 26.328
0.448655 2.50542 2.98724 33.0405
0.491181 2.78481 3.24101 35.1015
0.203528 1.47683 2.17207 26.4875
0.395342 2.21105 2.72885 30.9517
0.727111 5.96421 6.29924 60.3937
0.253955 1.63374 2.27383 27.3005
0.285365 1.74244 2.35149 27.9182
0.115948 1.24581 2.05443 25.5466
0.328137 1.90658 2.47711 28.931
0.195324 1.45312 2.158 26.3733
0.302777 1.80686 2.39973 28.3046
0.456224 2.55192 3.029 33.3791
0.632566 4.18826 4.57171 46.0362
0.212964 1.5047 2.18909 26.6212
0.161063 1.35898 2.10623 25.9613
0.298516 1.7908 2.38756 28.2119
0.169247 1.38078 2.11759 26.0506
0.625124 4.08736 4.47443 45.2317
0.721588 5.82634 6.16446 59.314
0.281875 1.7299 2.34228 27.8487
0.776239 7.49944 7.8042 72.968
0.767168 7.16588 7.47668 70.2782
0.425415 2.37035 2.86729 32.0694
0.468919 2.63291 3.10222 33.9733
0.250901 1.62365 2.26689 27.242
0.313586 1.84847 2.43164 28.5655
0.316476 1.85981 2.44044 28.6362
0.789349 8.03363 8.32923 77.3617
0.271172 1.69218 2.31496 27.6261
0.698879 5.3139 5.66426 55.1027
0.556647 3.32125 3.74211 39.2193
0.190791 1.44022 2.1505 26.3136
0.500909 2.85549 3.30616 35.6484
0.843357 11.204 11.4549 103.622
0.554846 3.30434 3.72613 39.0664
0.661901 4.63035 4.99946 49.5796
0.315468 1.85585 2.43736 28.6066
0.591839 3.68216 4.08544 42.0209
0.288896 1.75525 2.36097 27.9985
0.30067 1.79889 2.39368 28.261
0.396996 2.2194 2.73602 31.0094
0.00638992 1.01213 2.00016 25.1068
0.355974 2.02501 2.57262 29.7006
0.385588 2.16274 2.68765 30.6194
0.583096 3.58669 3.99428 41.27
0.115988 1.2459 2.05447 25.5469
0.126198 1.27053 2.06462 25.6279
0.492292 2.79274 3.24831 35.1609
0.796963 8.37636 8.66637 80.2399
0.804477 8.74139 9.02568 83.2507
0.117314 1.24907 2.05573 25.557
0.648063 4.41238 4.78829 47.8608
0.246784 1.61017 2.25769 27.1715
0.301599 1.8024 2.39634 28.2823
0.114285 1.24185 2.05286 25.5343
0.702739 5.39533 5.74366 55.7636
0.318828 1.86912 2.44769 28.6944
0.114012 1.2412 2.0526 25.5322
0.19883 1.4632 2.16393 26.4225
0.673737 4.83183 5.19506 51.2391
0.814103 9.25318 9.52983 87.4183
0.0373271 1.07298 2.00558 25.1529
0.498682 2.83906 3.29099 35.5086
0.448605 2.50512 2.98697 33.0497
0.288881 1.7552 2.36093 27.9982
0.475105 2.67382 3.13942 34.2754
0.54727 3.23473 3.66042 38.5277
0.324507 1.89185 2.46549 28.8325
0.304517 1.81347 2.40476 28.3498
0.45357 2.53547 3.0142 33.2709
0.614379 3.94873 4.34101 44.1293
0.581933 3.5743 3.98246 41.1972
0.700295 5.34352 5.69313 55.3843
0.10797 1.22694 2.04712 25.488
0.138347 1.30057 2.07789 25.7338
0.34486 1.97653 2.53309 29.3756
0.52567 3.04867 3.48573 37.098
0.540335 3.17305 3.60234 38.052
0.00211633 1.004 2.00002 25.1053
0.348776 1.99343 2.5468 29.4925
0.948603 37.0808 37.191 319.307
0.526612 3.05642 3.49298 37.1754
0.257268 1.64478 2.28148 27.3617
0.230341 1.55776 2.22282 26.8902
0.0476651 1.09415 2.00911 25.1818
0.231622 1.56176 2.22543 26.9137
0.212434 1.50312 2.18811 26.6156
0.450716 2.51795 2.99848 33.1431
0.183281 1.41916 2.13853 26.2179
0.126354 1.27091 2.06478 25.6298
0.527672 3.06518 3.50117 37.2425
0.0466889 1.09213 2.00874 25.1788
0.139828 1.30429 2.0796 25.7474
0.138549 1.30108 2.07812 25.7365
0.45825 2.56459 3.04041 33.4717
0.504923 2.88547 3.33389 35.8747
0.450559 2.517 2.99762 33.1246
0.0347235 1.06772 2.00483 25.1464
0.182771 1.41774 2.13773 26.2116
0.523206 3.02852 3.46692 36.9442
0.829646 10.2046 10.468 95.3437
0.885169 15.7581 15.9636 141.376
0.421971 2.35127 2.85051 31.9435
0.455934 2.55011 3.02737 33.3779
0.165237 1.37005 2.11194 26.0055
0.100208 1.2089 2.04053 25.4352
0.859124 12.5989 12.834 115.194
0.49879 2.83986 3.29172 35.5145
0.571119 3.46235 3.8759 40.2961
0.732922 6.11563 6.44735 61.6753
0.658409 4.57363 4.94447 49.1236
0.420106 2.34103 2.84153 31.8709
0.248564 1.61598 2.26164 27.2031
0.282848 1.73339 2.34484 27.8649
0.318388 1.86737 2.44632 28.6834
0.137755 1.29909 2.07721 25.7293
0.147763 1.32442 2.08907 25.8241
0.908579 20.1584 20.333 178.105
0.555551 3.31094 3.73237 39.1392
0.671889 4.7994 5.16355 50.941
0.764614 7.07673 7.38918 69.5464
0.47606 2.68022 3.14525 34.3369
0.517538 2.983 3.42447 36.6148
0.235037 1.5725 2.23248 26.9673
0.652069 4.47366 4.84761 48.353
0.168614 1.37909 2.11669 26.0434
0.924135 24.602 24.7535 215.085
0.79218 8.15804 8.45159 78.4405
0.364828 2.06485 2.60549 29.9656
0.880731 15.1207 15.3316 136.15
0.253384 1.63185 2.27252 27.287
0.413441 2.30497 2.81002 31.6068
0.543578 3.20166 3.62926 38.2725
0.493083 2.79841 3.25353 35.2191
0.201026 1.46955 2.16771 26.4508
0.258123 1.64764 2.28347 27.3777
0.707294 5.49427 5.84017 56.5672
0.0236489 1.04562 2.00224 25.1251
0.220799 1.52834 2.20391 26.7417
0.436209 2.43169 2.9215 32.5185
0.517895 2.98584 3.42711 36.619
0.238569 1.58371 2.2399 27.0293
0.0149394 1.02858 2.00089 25.1134
0.123705 1.26447 2.06206 25.6075
0.609271 3.88557 4.28032 43.655
0.284522 1.7394 2.34925 27.9046
0.700598 5.34989 5.69935 55.4361
0.0433929 1.08535 2.00754 25.169
0.282257 1.73127 2.34328 27.8525
0.0558792 1.11128 2.01252 25.2091
0.571288 3.46405 3.87752 40.3329
0.387159 2.17042 2.69418 30.681
0.758841 6.88233 7.19846 67.9514
0.256719 1.64294 2.2802 27.3515
0.0158984 1.03044 2.00101 25.1145
0.367084 2.07518 2.61407 30.0267
0.439214 2.44919 2.93705 32.6446
0.531358 3.09597 3.53 37.4786
0.252073 1.62751 2.26954 27.2632
0.143747 1.31418 2.0842 25.7842
0.74074 6.33031 6.65748 63.4303
0.606707 3.85449 4.2505 43.4086
0.219174 1.5234 2.20079 26.7168
0.201234 1.47015 2.16807 26.4536
0.0144699 1.02767 2.00084 25.113
0.200225 1.46723 2.16632 26.4397
0.746112 6.48573 6.8097 64.6548
0.0192691 1.03702 2.00149 25.1186
0.664534 4.67391 5.04172 49.9648
0.664862 4.67938 5.04703 50.0089
0.753527 6.71166 7.03111 66.5045
0.435963 2.43027 2.92024 32.5083
0.333677 1.92936 2.4952 29.0712
0.440635 2.45754 2.94448 32.7049
0.1835 1.41977 2.13887 26.2207
0.692283 5.17961 5.5334 54.0142
0.327861 1.90545 2.47622 28.9187
0.00997035 1.01898 2.0004 25.109
0.669371 4.75579 5.12119 50.5895
0.0534419 1.10617 2.01145 25.2009
0.518246 2.98863 3.4297 36.6576
0.0911604 1.18823 2.03349 25.3789
0.0209101 1.04023 2.00175 25.1207
0.258758 1.64977 2.28496 27.3896
0.24005 1.58844 2.24306 27.0545
0.526612 3.05642 3.49298 37.1573
0.00629389 1.01194 2.00016 25.1067
0.302135 1.80442 2.39788 28.2898
0.382112 2.14589 2.67338 30.5132
0.297358 1.78647 2.3843 28.1857
0.513106 2.94815 3.39204 36.3327
0.0320484 1.06234 2.00411 25.1408
0.234699 1.57144 2.23178 26.9644
0.237895 1.58156 2.23848 27.0152
0.0654083 1.13152 2.01718 25.2468
0.734937 6.16972 6.50028 62.0712
0.375505 2.11438 2.64683 30.2904
0.210542 1.49748 2.18464 26.5878
0.333405 1.92824 2.49431 29.064
0.73372 6.13695 6.46821 61.8495
0.100665 1.20995 2.0409 25.4385
0.718482 5.75123 6.09107 58.7017
0.500908 2.85548 3.30615 35.6483
0.353286 2.01313 2.56288 29.6221
0.388617 2.17758 2.70026 30.7301
0.0340533 1.06637 2.00464 25.1452
0.27469 1.70446 2.32379 27.6966
0.584332 3.59993 4.00691 41.374
0.341904 1.96391 2.5229 29.2937
0.14646 1.32109 2.08748 25.8103
0.513249 2.94926 3.39307 36.3411
0.792148 8.15661 8.45019 78.4288
0.630783 4.1637 4.54802 45.8403
0.0508979 1.10086 2.01039 25.1917
0.571718 3.4684 3.88165 40.3669
0.531507 3.09722 3.53117 37.4882
0.431915 2.40701 2.89964 32.331
0.908276 20.087 20.2621 177.51
0.500226 2.85043 3.30149 35.5941
0.505727 2.89154 3.33951 35.9206
0.0411163 1.08069 2.00677 25.1623
0.416567 2.32177 2.82469 31.7347
0.0361701 1.07064 2.00524 25.1497
0.392462 2.19663 2.71651 30.8611
0.572055 3.47181 3.88489 40.3936
0.596522 3.73504 4.13601 42.4378
0.643045 4.33762 4.71598 47.261
0.187204 1.43012 2.14472 26.2691
0.0289523 1.05614 2.00336 25.1345
0.17645 1.40032 2.1281 26.1365
0.253875 1.63347 2.27364 27.296
0.422156 2.35228 2.85141 31.9508
0.536028 3.13569 3.56725 37.7647
0.794478 8.26162 8.55348 79.2393
0.741447 6.3504 6.67715 63.5946
0.288479 1.75373 2.35984 27.9894
0.20189 1.47206 2.16921 26.4627
0.367492 2.07705 2.61563 30.0473
0.188927 1.43496 2.14748 26.2912
0.425146 2.36886 2.86597 32.0686
0.522092 3.01949 3.45848 36.893
0.0796094 1.16242 2.02549 25.3145
0.414184 2.30894 2.81349 31.6441
0.252392 1.62856 2.27026 27.269
0.767893 7.19158 7.5019 70.4892
0.314906 1.85364 2.43565 28.5977
0.193197 1.44705 2.15445 26.3451
0.499732 2.84679 3.29812 35.5828
0.7894 8.03586 8.33143 77.434
0.708423 5.51928 5.86458 56.8131
0.607118 3.85945 4.25525 43.4478
0.52995 3.08415 3.51893 37.3694
0.436673 2.43438 2.92389 32.5273
0.408763 2.28014 2.78843 31.4417
0.801939 8.61489 8.90115 82.207
0.592747 3.69232 4.09515 42.1263
0.216915 1.51656 2.19649 26.6824
0.39761 2.22251 2.73869 31.031
0.664939 4.68067 5.04828 50.0193
0.798762 8.46122 8.74989 80.884
0.288527 1.75391 2.35997 27.9861
0.653416 4.49457 4.86786 48.4886
0.653926 4.50255 4.87559 48.5526
0.157536 1.34971 2.10152 25.9223
0.526925 3.05901 3.4954 37.1952
0.389731 2.18307 2.70494 30.7588
0.151928 1.33513 2.09427 25.8645
0.408685 2.27973 2.78808 31.4388
0.24944 1.61885 2.2636 27.2187
0.845739 11.3962 11.6447 105.216
0.111359 1.23492 2.05016 25.5127
0.584482 3.60155 4.00845 41.4114
0.28616 1.74531 2.35361 27.9395
0.394882 2.20874 2.72687 30.9357
0.0495731 1.0981 2.00985 25.1874
0.0570495 1.11375 2.01306 25.2139
0.188999 1.43516 2.1476 26.2903
0.182914 1.41814 2.13796 26.2152
0.056146 1.11185 2.01264 25.2105
0.00797678 1.01516 2.00025 25.1078
0.273471 1.70019 2.32071 27.672
0.468877 2.63264 3.10197 33.9713
0.193566 1.4481 2.15507 26.3517
0.138735 1.30154 2.07833 25.7374
0.134155 1.29011 2.07316 25.6969
0.20576 1.48337 2.17602 26.519
0.129997 1.27984 2.06863 25.6606
0.370477 2.09085 2.62713 30.14
0.0795488 1.16229 2.02546 25.3138
0.116815 1.24788 2.05525 25.5532
0.306301 1.82028 2.40996 28.3867
0.492703 2.79568 3.25101 35.1986
0.516242 2.97274 3.41491 36.5194
0.216502 1.51531 2.19571 26.6762
0.10312 1.21563 2.04294 25.4545
0.72428 5.89284 6.22946 59.8117
0.227383 1.54856 2.21686 26.8426
0.606944 3.85734 4.25323 43.4047
0.72996 6.03762 6.37103 61.0381
0.085481 1.17546 2.02942 25.3459
0.947978 36.6155 36.7269 315.517
0.685046 5.0389 5.3964 52.8752
0.693541 5.20477 5.55791 54.2581
0.736373 6.20879 6.53851 62.3903
0.0846682 1.17365 2.02886 25.3413
0.0713854 1.14442 2.02048 25.2735
0.715083 5.67098 6.01268 58.0044
0.46849 2.63011 3.09968 33.966
0.373556 2.10522 2.63915 30.237
0.296708 1.78404 2.38248 28.1663
0.298806 1.79189 2.38839 28.2137
0.492179 2.79193 3.24756 35.1705
0.324904 1.89345 2.46675 28.8477
0.203857 1.47779 2.17265 26.4902
0.442994 2.47147 2.9569 32.8057
0.611782 3.91641 4.30995 43.8728
0.287251 1.74927 2.35653 27.9629
0.53043 3.08817 3.5227 37.4003
0.779603 7.6303 7.93276 74.0436
0.725744 5.92956 6.26536 60.111
0.342285 1.96553 2.52421 29.3104
0.16953 1.38155 2.11799 26.0556
0.122932 1.26259 2.06127 25.6012
0.708288 5.51628 5.86165 56.7887
0.792254 8.16133 8.45483 78.4132
0.35339 2.01359 2.56326 29.618
0.473214 2.66121 3.12794 34.1959
0.189395 1.43628 2.14823 26.2954
0.275519 1.70737 2.32589 27.7134
0.372958 2.10241 2.6368 30.218
0.272771 1.69775 2.31895 27.6619
0.0660119 1.13282 2.0175 25.2494
0.793217 8.2045 8.49729 78.7687
0.764175 7.0616 7.37434 69.4222
0.285289 1.74217 2.35129 27.9209
0.00338041 1.0064 2.00005 25.1057
0.467445 2.62331 3.09351 33.9158
0.488989 2.76926 3.22672 34.9852
0.0620225 1.12429 2.01544 25.2327
0.350006 1.99877 2.55116 29.5207
0.572423 3.47555 3.88844 40.3992
0.184593 1.42281 2.14058 26.2343
0.356463 2.02719 2.5744 29.715
0.262456 1.66226 2.29371 27.4563
0.165449 1.37062 2.11224 26.0095
0.511956 2.93921 3.38373 36.2818
0.0893239 1.18409 2.03214 25.3678
0.100162 1.20879 2.04049 25.4349
0.56584 3.40977 3.82597 39.9088
0.20049 1.468 2.16678 26.4452
0.106468 1.22343 2.0458 25.4775
0.234436 1.5706 2.23123 26.96
0.426817 2.37819 2.87419 32.1352
0.863024 12.9943 13.2252 118.406
0.107271 1.22531 2.04651 25.4831
0.0530568 1.10536 2.01129 25.1995
0.15808 1.35114 2.10224 25.9281
0.176642 1.40085 2.12839 26.1369
0.47214 2.65409 3.12146 34.1432
0.260397 1.65529 2.28882 27.4172
0.662843 4.64585 5.0145 49.7043
0.0169694 1.03253 2.00115 25.1157
0.219961 1.52579 2.2023 26.7288
0.509987 2.92401 3.36962 36.1665
0.557289 3.32731 3.74785 39.2664
0.818469 9.50363 9.77668 89.4872
0.173685 1.39278 2.12401 26.1019
0.422932 2.35657 2.85517 31.9812
0.251326 1.62505 2.26784 27.2527
0.270039 1.68825 2.31214 27.6073
0.302859 1.80717 2.39996 28.3065
0.0144441 1.02762 2.00083 25.1129
0.932627 27.9006 28.0385 242.708
0.170334 1.38371 2.11914 26.063
0.286518 1.74661 2.35457 27.9472
0.059338 1.11858 2.01413 25.2226
0.0947143 1.1963 2.03617 25.4005
0.55635 3.31845 3.73947 39.1758
0.147935 1.32486 2.08928 25.8258
0.0219307 1.04224 2.00192 25.1222
0.666696 4.7102 5.07694 50.2222
0.520594 3.00742 3.44722 36.7833
0.00743753 1.01413 2.00022 25.1075
0.085057 1.17452 2.02913 25.3435
0.713315 5.62999 5.97265 57.7141
0.0210655 1.04054 2.00178 25.1211
0.812644 9.17212 9.44995 86.7489
0.574082 3.49244 3.90451 40.5313
0.352011 2.00753 2.5583 29.5782
0.336077 1.93936 2.50318 29.141
0.0747248 1.15169 2.02245 25.2899
0.658417 4.57377 4.9446 49.1247
