0.490437 16.281 23.7581 179.73
0.309836 3.96064 6.85578 70.7013
0.331739 7.51152 10.8623 96.7519
0.27951 5.18202 7.83852 77.4938
0.199261 4.78937 7.30684 74.456
0.340638 9.20047 12.1719 105.973
0.517207 7.41007 11.5327 99.5546
0.414776 14.243 17.3562 138.656
0.334604 7.78866 10.677 96.1553
0.482091 28.5832 32.7669 231.942
0.267967 4.37296 7.09632 72.3931
0.187265 5.25537 7.81208 78.3259
0.507101 21.0067 26.5663 195.845
0.427247 7.1114 10.2842 93.1803
0.235374 6.03282 8.62628 83.4214
0.209825 2.86898 5.48851 61.2134
0.337708 5.37923 8.0244 78.2035
0.629984 22.8596 28.277 198.537
0.407111 5.29106 8.91102 84.8274
0.485276 11.9161 14.9049 120.466
0.309465 4.85135 8.43922 84.3567
0.426116 11.9063 14.8922 123.954
0.327917 10.9345 14.0654 118.857
0.473221 6.77229 10.372 92.303
0.370469 5.88386 9.05746 84.972
0.418334 16.4099 23.7997 205.462
0.593943 20.8421 27.0033 210.596
0.408474 5.61205 8.85179 83.2163
0.671822 167.776 176.499 985.031
0.179141 2.35837 5.13455 58.8627
0.54766 17.1623 20.6498 156.476
0.595757 22.5716 29.5859 210.142
0.300318 15.6002 19.0984 153.888
0.490682 8.77623 12.4508 107.756
0.676145 36.1382 40.1965 258.113
0.216322 3.55016 6.11181 65.7317
0.427484 9.63991 13.1252 115.473
0.359075 7.72947 10.6468 97.7054
0.259768 7.62078 10.3079 94.6763
0.362227 7.08918 9.8977 91.1689
0.303301 5.55445 8.6495 82.722
0.144113 2.56854 5.09699 58.4885
0.300251 20.9038 25.7548 200.545
0.690861 23.5919 32.7316 224.349
0.298968 3.76653 7.07798 73.2776
0.494312 8.57083 12.1735 105.268
0.364369 6.12622 9.04062 84.5143
0.277781 23.7825 28.8545 220.512
0.299322 5.3011 7.84525 77.4236
0.449318 8.09424 11.6678 100.804
0.445116 8.33726 13.623 122.638
0.377629 5.64291 8.75599 82.7574
0.442876 6.9052 10.2505 92.5334
0.796394 24.1182 33.712 227.978
0.494579 7.98232 11.7534 100.64
0.311828 3.75938 6.70826 69.6575
0.453704 7.31559 10.8465 97.2132
0.208827 3.14299 5.65421 62.4296
0.33972 4.96064 7.90615 77.1059
0.318737 13.9201 17.163 140.213
0.21508 3.57066 6.1528 66.3324
0.232061 5.38784 7.94189 79.0018
0.111755 2.1224 4.67693 55.3958
0.150377 3.72109 6.22857 67.1772
0.152318 3.25611 5.81847 64.0543
0.432651 8.17913 11.7006 101.36
0.354654 23.3023 32.1032 259.958
0.49891 25.2867 30.6902 236.025
0.342123 10.1612 13.9805 124.431
0.296293 3.56834 6.62121 69.3477
0.271478 5.48583 8.78514 87.1676
0.607078 23.4212 27.5891 192.68
0.359587 4.44165 7.53489 74.8226
0.311212 7.01263 10.3406 93.817
0.15416 2.32945 4.88005 56.8494
0.480927 51.6766 58.704 384.136
0.80021 45.7895 62.9132 391.336
0.525846 10.8404 15.012 121.003
0.440311 12.1033 15.809 134.827
0.522877 213.485 237.446 1442.75
0.349938 5.08687 9.17304 89.5433
0.652488 14.3428 20.0936 149.336
0.160595 3.36878 5.85247 63.9372
0.58681 22.2475 25.8357 185.82
0.34851 8.07663 10.9849 98.1338
0.438266 7.52322 12.1597 110.398
0.673836 30.1912 34.2338 226.365
0.200816 4.00717 7.14052 74.7479
0.303165 9.57975 12.4345 109.367
0.150525 3.21666 5.69487 63.0023
0.151537 2.67324 5.19533 59.2631
0.319736 5.67006 8.53122 81.8379
0.410792 11.4412 14.4458 119.76
0.36327 6.79002 10.1757 92.6267
0.331206 4.23982 7.33693 74.4052
0.338747 4.39141 7.31772 73.3963
0.374449 9.33704 12.2361 107.692
0.298455 19.5584 26.7761 216.032
0.395346 14.9099 18.4197 145.535
0.243141 3.85332 7.123 74.5846
0.377026 5.75675 8.67773 82.0283
0.418103 8.22822 11.7909 106.552
0.531785 8.54576 12.669 106.243
0.284092 4.40649 7.59831 77.7064
0.43686 14.4313 18.9549 148.983
0.257951 6.67576 9.27632 88.0989
0.328949 5.1375 8.00179 79.203
0.247748 5.05317 7.6765 76.2892
0.515524 18.5554 21.69 161.571
0.685347 25.1227 30.1705 214.711
0.472449 38.2256 42.9272 291.82
0.363683 10.6064 13.5396 114.685
0.243362 4.12499 6.85785 70.6712
0.233544 3.2186 6.32427 68.1484
0.169356 2.54357 5.0955 58.3883
0.544374 13.1187 17.37 136.813
0.539241 24.0301 29.2299 225.607
0.665939 30.429 34.8695 232.063
0.333472 4.69522 8.16337 81.3668
0.483653 13.6902 16.6078 130.737
0.337096 6.31988 9.11774 86.8532
0.385015 5.68416 9.25142 88.5157
0.244287 5.81681 8.41093 81.8284
0.342636 9.52424 13.1412 111.802
0.744526 31.7207 37.6054 244.341
0.426941 15.7256 19.6338 160.24
0.293297 3.70855 6.68246 69.855
0.621109 17.9976 25.3571 182.517
0.624715 24.4983 34.2402 238.447
0.286175 18.8762 23.598 187.578
0.23126 4.15017 6.7473 70.2044
0.404434 7.23732 10.7668 95.6993
0.575726 10.8384 15.0083 119.483
0.470349 12.0827 15.2037 124.885
0.3952 14.6114 17.8115 144.625
0.294477 6.86354 9.44531 88.8677
0.379289 12.638 15.9768 129.645
0.230694 4.94323 7.5344 75.6924
0.374275 13.5861 17.8497 142.768
0.446992 8.69899 12.2382 105.033
0.570701 41.884 46.1189 301.773
0.325613 5.07868 9.07166 89.3961
0.14581 2.11802 4.7187 55.6262
0.462525 8.52576 12.0042 105.408
0.482542 13.2252 16.4234 131.077
0.452542 10.9148 14.258 117.8
0.565633 48.2939 52.9436 342.015
0.387918 38.1042 43.1891 297.319
0.516898 8.55483 13.095 112.806
0.410198 12.0463 15.4782 131.053
0.376183 8.63864 13.3762 122.732
0.505303 11.9962 15.0918 121.155
0.407047 6.68559 10.0815 91.2002
0.307985 9.0259 11.855 105.699
0.394484 7.89258 11.038 97.6479
0.482908 36.9734 41.4079 283.861
0.311993 5.79806 8.49035 82.3609
0.507574 34.3936 39.9891 288.776
0.183197 2.80815 5.38141 60.6635
0.578427 22.1033 25.8276 189.184
0.468108 17.617 21.3816 168.499
0.425818 14.6623 21.0342 162.768
0.230863 3.69775 6.20295 66.3661
0.190596 2.60822 5.19883 59.1443
0.527307 9.63966 13.4967 112.81
0.356207 6.17446 9.43442 87.512
0.489854 12.6 15.8703 128.444
0.351456 5.76976 8.94247 86.4302
0.235275 4.48427 6.98231 72.1763
0.322893 23.0882 27.961 213.545
0.441884 8.69412 12.6236 107.416
0.194649 3.01582 5.58691 62.0324
0.326864 7.64995 10.6845 99.5428
0.197958 3.58611 6.20691 66.1359
0.350958 4.26104 7.39697 74.0217
0.385554 4.91208 8.24452 80.0677
0.367123 14.6862 18.0293 146.501
0.363888 5.27619 8.30235 79.8449
0.554248 21.8128 25.0529 179.484
0.227585 10.098 13.2632 117.224
0.794004 32.7398 41.5709 269.145
0.551867 13.6771 17.6402 141.215
0.475775 7.50608 11.0943 97.1536
0.390193 5.25306 8.37518 79.9393
0.506156 10.5877 14.231 116.635
0.519063 13.916 17.3002 135.724
0.506553 11.7609 15.2581 123.168
0.415471 5.25963 8.69735 82.4047
0.318539 5.50207 8.55895 82.003
0.139596 2.66882 5.16639 59.0708
0.531079 8.20282 12.5243 106.488
0.329869 5.46709 8.09762 78.8741
0.339158 69.5756 83.311 577.528
0.225282 8.71657 11.7104 106.468
0.126019 2.61739 5.40698 61.2247
0.363077 5.88724 9.43226 90.7497
0.496924 12.0277 15.2273 122.103
0.346989 4.96303 7.74848 75.959
0.333987 13.186 20.6889 183.604
0.678902 19.9269 25.6465 189.168
0.496271 18.5555 22.5321 169.013
0.400836 6.56236 9.92921 90.1825
0.471992 6.53053 10.6281 95.6885
0.397601 5.69331 8.85848 84.0889
0.478248 10.7273 14.9177 121.834
0.508283 38.5057 55.6335 383.61
0.658324 13.4832 19.2462 145.511
0.656923 17.1899 21.6631 156.606
0.547581 10.3889 14.8446 119.354
0.50105 8.02399 12.7785 111.607
0.362877 6.88309 10.2958 93.3708
0.600252 71.2983 77.0815 470.446
0.27178 4.87885 7.49435 75.5815
0.343712 8.48467 12.1758 106.018
0.250069 7.50697 10.7712 100.632
0.618828 12.5117 17.7884 136.072
0.387559 4.96705 8.10559 78.2687
0.431589 6.18782 9.55942 87.5356
0.13547 3.27776 5.76168 63.5265
0.519604 19.9507 23.6747 174.937
0.445649 6.06167 9.57906 87.8194
0.320705 5.46101 8.48506 81.3693
0.507748 8.92013 12.7553 107.64
0.342947 10.6665 13.665 115.414
0.241979 3.26586 5.90806 64.0659
0.386262 15.8277 19.1826 152.858
0.207598 3.68632 6.16156 66.1728
0.519895 20.6261 23.8901 174.62
0.490064 21.2127 24.6085 181.162
0.344828 13.8665 18.396 155.266
0.364635 8.15775 11.2092 99.3143
0.166177 2.91259 5.42992 60.8843
0.344046 9.44987 13.0635 111.952
0.536782 9.46668 13.4931 113.077
0.370103 5.15587 8.95254 86.816
0.199654 3.42567 5.95546 64.6418
0.52414 9.13566 13.1886 110.01
0.342944 4.88182 7.82954 77.0947
0.174842 2.70182 5.45107 61.4565
0.225186 2.81594 5.51021 61.2517
0.417308 18.8128 22.3304 171.36
0.248449 4.31719 6.91078 71.2531
0.374276 4.81128 8.06346 78.9492
0.533695 38.9772 43.3984 289.548
0.499014 7.24393 11.2163 98.0823
0.622805 43.3025 51.6976 376.912
0.363272 7.27826 10.4891 94.8791
0.753289 28.4477 37.341 246.941
0.404865 5.09607 8.64759 82.6127
0.344581 6.00915 8.81103 83.7067
0.642148 37.7422 41.8897 279.641
0.600366 16.3775 20.6886 158.875
0.1097 2.39712 4.92909 57.4104
0.382936 5.60209 8.70572 82.3164
0.470341 19.6383 23.2378 177.949
0.111602 2.0031 4.56853 54.4661
0.358627 4.78403 7.84123 77.2248
0.383355 4.86318 8.40597 81.5665
0.421662 5.58371 8.98484 84.3064
0.523468 8.13593 11.9951 101.797
0.271807 3.97681 6.5455 68.5931
0.256412 7.73713 10.4453 96.1187
0.275116 7.88985 10.7 98.5201
0.378574 5.02661 8.02512 77.7232
0.572476 11.3073 15.156 119.887
0.50516 11.3439 16.34 130.825
0.408942 23.3613 27.758 201.843
0.298787 4.06307 6.77414 69.7957
0.452955 104.507 117.098 748.089
0.414982 14.2892 20.1691 173.964
0.465007 9.09613 12.0834 103.181
0.536017 8.59416 12.7776 107.016
0.347559 5.85656 9.38743 90.8773
0.656617 16.146 22.1217 161.254
0.344713 11.5133 14.8122 122.463
0.245156 5.44301 7.97498 79.1535
0.464897 8.56983 12.9476 115.225
0.324113 6.35431 9.06391 86.0791
0.203445 3.56809 6.13707 65.7295
0.434331 9.10723 12.0893 103.72
0.340662 5.02092 8.32239 82.3771
0.523972 10.3801 14.4152 121.568
0.418315 11.6343 17.0632 150.722
0.489903 8.35297 11.9385 103.386
0.465277 7.24671 11.2102 100.706
0.314065 6.1287 9.61783 93.4538
0.268263 4.66677 7.28218 73.9476
0.527615 12.6981 16.2474 131.863
0.516713 9.7935 13.624 115.135
0.246722 4.17758 6.81074 70.2403
0.464714 9.89494 13.3382 111.646
0.331647 4.42031 7.33383 73.7164
0.558858 11.7534 16.7589 131.315
0.373143 6.44766 9.34798 87.6619
0.312623 5.29043 8.28506 80.1409
0.317172 6.41677 9.72043 89.5288
0.248967 3.18525 5.86084 63.6566
0.345144 7.49049 12.6911 119.428
0.537233 18.4667 21.8365 163.387
0.43715 6.61487 10.0429 90.7335
0.220804 2.84646 5.72026 63.2446
0.421693 5.73575 9.11125 85.3792
0.433687 5.67453 9.53066 88.7731
0.321752 14.0492 17.24 138.853
0.323845 4.42272 7.48874 75.708
0.517274 8.69578 12.7266 106.619
0.577749 11.4908 15.8927 126.488
0.569181 9.62473 14.1407 115.174
0.371833 10.2264 14.971 123.467
0.400048 32.4431 37.1402 264
0.499109 10.7146 14.1424 116.515
0.241884 3.69525 6.33583 67.1155
0.326788 6.07219 9.07006 85.4856
0.394182 9.27938 12.9503 110.91
0.321153 4.45677 7.62995 77.103
0.599718 15.2786 20.1642 150.762
0.188131 2.70882 5.29063 59.7627
0.282888 4.9433 7.78373 78.4574
0.288121 8.98043 11.9865 108.011
0.375 4.66605 7.9867 78.3294
0.387915 7.25469 10.1756 93.5804
0.284099 3.92951 6.61798 68.9781
0.476138 17.6328 20.9877 162.215
0.242579 5.2705 8.30089 83.1477
0.401363 7.73396 11.413 100.32
0.178245 2.45935 5.12524 58.7504
0.371778 4.86726 7.96894 77.7319
0.215673 7.04149 9.7718 92.5449
0.432121 11.48 14.4856 120.886
0.321049 5.53861 8.41488 80.9009
0.677512 17.483 23.152 168.548
0.199057 18.3003 23.0569 184.919
0.580606 11.3934 16.8905 137.65
0.362022 8.11409 11.7386 102.561
0.166809 2.80117 5.98595 65.8993
0.392304 5.46938 8.62003 81.995
0.250188 8.85015 11.7715 106.201
0.441211 7.48407 10.7459 95.5992
0.465609 6.55032 10.3753 93.83
0.355804 7.09897 10.7082 101.05
0.424479 9.76258 13.8372 115.656
0.281351 4.40431 7.07649 72.4942
0.42403 15.1139 18.3087 145.4
0.319601 31.5536 37.6542 277.835
0.432381 10.5783 13.3857 112.04
0.340991 12.9949 16.133 132.228
0.446923 10.7855 14.5237 125.503
0.284463 5.80539 8.73351 82.941
0.237707 3.6369 6.30064 66.8448
0.141799 2.62317 5.17135 59.1044
0.443671 12.1301 15.2042 125.375
0.256393 4.60704 7.22741 73.9909
0.379553 6.398 9.12779 85.3328
0.571005 11.1896 15.5375 123.1
0.490758 61.7267 68.6363 445.297
0.245109 3.5311 6.22074 66.7432
0.222672 4.17089 6.73493 70.1745
0.305704 7.94619 10.7181 96.8788
0.627415 17.7118 21.9801 162.9
0.149166 2.50608 5.01846 57.9758
0.230009 4.8162 7.36574 74.4168
0.292901 5.53184 8.19991 80.6815
0.502718 13.0431 17.9896 141.793
0.391658 8.02702 10.9142 97.7322
0.325061 12.8222 21.469 191.829
0.254607 15.169 18.7619 152.236
0.264123 5.13665 9.71221 96.056
0.666191 35.487 42.67 280.317
0.494894 10.9113 14.3351 116.404
0.513542 10.0392 14.3677 117.165
0.279976 4.29742 6.97778 71.8783
0.661782 18.1767 25.8351 196.135
0.260886 8.11688 10.8608 99.1465
0.354079 61.1142 69.752 471.877
0.296578 4.76349 7.43895 74.6263
0.40709 10.05 13.2437 116.173
0.379881 10.3117 13.2183 113.428
0.375964 5.02632 8.02143 77.9374
0.386261 5.18604 8.34112 80.3613
0.452474 8.75376 11.9058 102.497
0.589202 11.5628 16.4241 128.225
0.248731 4.20915 6.88162 70.9316
0.405212 8.22754 11.4488 103.336
0.323504 7.46963 11.0316 98.2513
0.731152 123.606 130.163 747.198
0.726033 43.9402 48.4607 306.155
0.223126 5.01343 7.54999 75.9556
0.51088 13.7196 16.9104 132.632
0.451995 22.8419 26.9053 196.619
0.356872 5.05901 8.05341 78.1405
0.503723 36.3017 41.0042 281.429
0.560037 62.344 69.4133 443.939
0.424564 26.255 35.6149 292.636
0.253353 3.38945 6.12306 65.8627
0.549454 34.3965 38.9998 271.627
0.71683 21.9614 28.2542 202.46
0.531437 11.3177 14.6504 117.947
0.27488 4.01437 6.71587 69.7086
0.680408 27.2881 32.0135 219.64
0.530502 18.533 22.5356 166.09
0.553584 17.6858 21.1427 158.843
0.427838 6.44983 9.52252 87.0444
0.530922 21.7148 25.1191 181.716
0.272381 11.1256 14.2386 122.847
0.6214 12.9379 19.7895 156.291
0.635874 28.873 32.7151 221.783
0.359201 29.0798 33.6237 242.142
0.273429 4.23968 7.0159 71.6617
0.36222 7.85033 10.9099 97.2248
0.487628 6.84986 10.7783 95.4547
0.239191 4.63707 7.29094 73.8959
0.535272 12.8552 17.6416 137.482
0.344654 5.07545 8.04448 78.3466
0.415929 18.1866 22.1708 169.001
0.375094 9.29834 12.9223 110.247
0.620403 17.5951 21.756 158.314
0.306239 7.60307 10.322 94.3359
0.403918 6.07617 9.17363 85.1862
0.488518 50.5985 56.1789 367.248
0.279474 3.70383 6.62895 69.6668
0.672195 46.8104 52.5589 354.953
0.191203 13.5836 17.5962 147.547
0.501206 16.8972 20.7596 156.554
0.228532 3.14036 6.3213 68.2077
0.292711 10.4236 13.3403 116.131
0.516266 20.0428 26.3902 192.861
0.350498 157.991 180.101 1167.56
0.415803 12.5318 15.6766 127.401
0.289708 5.7884 8.32064 81.1778
0.394009 6.17975 9.41651 86.8133
0.462292 7.61432 11.0413 97.8963
0.575299 10.4222 14.8969 120.51
0.232964 14.0432 17.9213 149.167
0.453555 7.68158 11.0468 98.0688
0.801004 56.4737 63.5152 398.173
0.519882 21.0019 24.5786 184.163
0.470456 23.1158 29.6411 238.667
0.53814 34.5459 38.7543 261.532
0.424541 6.53656 9.61342 87.8095
0.25275 7.78873 10.5183 97.2825
0.27877 10.4044 13.3163 115.092
0.376318 7.68014 11.2924 99.4552
0.750288 34.1128 43.2308 282.49
0.265454 4.53128 7.85189 80.2102
0.308168 4.98114 7.87782 78.8804
0.585115 12.1906 17.3088 134.603
0.669809 19.3114 28.6047 216.186
0.45148 10.6073 14.0379 116.309
0.474811 41.7272 46.8085 317.189
0.257925 9.09356 12.025 107.302
0.698127 14.6012 21.205 156.257
0.162595 4.2276 6.72412 70.7062
0.42042 10.9605 14.0787 120.016
0.173756 2.37395 5.06381 58.2964
0.153076 2.88759 5.40636 60.7065
0.206138 4.23969 6.79295 71.2078
0.22148 2.80966 5.47001 61.0007
0.307013 13.5965 17.36 144.997
0.402325 6.31554 9.40789 87.4779
0.370069 7.8814 10.7145 97.2736
0.312875 3.90569 6.76837 69.7681
0.32288 12.4075 15.5681 127.878
0.422089 142.361 161.323 1038.45
0.276267 4.39916 7.64089 78.2662
0.35582 4.78893 7.79041 76.5808
0.671766 13.4189 19.9616 151.028
0.598135 14.2819 19.74 149.93
0.275653 3.6589 6.40879 67.7631
0.409154 8.90801 13.066 111.407
0.369559 6.06596 9.66161 92.409
0.698881 15.5156 22.1509 161.395
0.206496 9.07857 12.1398 109.418
0.330512 10.1817 13.5122 114.221
0.325221 5.48094 9.1331 89.7327
0.336721 7.70238 10.9865 102.08
0.323568 6.53358 9.85373 90.436
0.524716 17.6922 21.0843 157.603
0.387984 7.64541 11.1543 98.6606
0.413336 7.8767 11.1545 98.0442
0.262231 6.86117 10.8034 103.138
0.366819 8.83578 11.6886 103.938
0.315712 5.24232 8.22947 79.7872
0.499429 7.74794 11.7128 102.298
0.383938 11.788 17.0089 137.652
0.546564 10.4977 15.5532 130.103
0.68362 51.2212 55.4268 343.115
0.34915 7.05689 10.2115 92.5
0.48202 8.36299 13.6922 120.559
0.561872 36.2187 41.1283 276.199
0.391991 6.26936 9.40577 88.6429
0.259025 6.48148 9.18021 87.0035
0.303435 4.90964 7.63188 75.7791
0.384761 14.587 18.3244 145.515
0.117887 1.81933 4.49329 53.9971
0.55496 9.7505 14.1254 117.367
0.161222 2.57063 5.09998 58.4091
0.576105 22.7705 26.3453 191.866
0.24109 4.56943 7.23417 73.3615
0.320868 6.211 9.50091 88.0235
0.376391 6.02813 9.02765 84.2534
0.639749 17.6604 23.4198 169.093
0.553389 18.2148 21.762 165.681
0.635636 29.0191 33.0808 229.595
0.531986 11.3336 14.6951 118.042
0.212854 5.22292 7.82977 78.9049
0.497762 10.3256 13.7964 114.283
0.477812 6.56052 10.5342 94.3135
0.298293 4.98329 8.9314 88.8749
0.379867 7.10466 9.81979 90.0402
0.227419 4.00786 6.4955 68.4614
0.403835 5.16208 8.4207 80.3311
0.332783 4.24015 7.10414 72.0515
0.296317 6.10655 9.10489 85.6046
0.460515 6.7742 10.3341 92.6829
0.166302 2.30429 4.95124 57.3836
0.436762 17.4121 20.8205 162.721
0.439206 8.46012 11.7991 104.695
0.450295 26.8026 31.0884 221.159
0.340841 6.80572 10.0009 91.5175
0.480384 10.0717 13.356 113.535
0.323956 4.6291 8.14369 81.7405
0.354944 8.91007 12.1822 105.615
0.25067 4.32698 6.82506 70.8154
0.301795 4.25589 6.93392 70.9549
0.519661 9.31669 13.2872 112.329
0.247063 3.94653 6.65716 69.3764
0.668112 31.6396 36.4265 252.46
0.427897 8.83041 11.627 100.858
0.297681 5.54822 8.62913 82.4706
0.123283 2.97631 5.46075 61.3583
0.67409 29.7677 34.1547 231.985
0.278893 6.54291 9.49312 91.0422
0.405798 5.57259 8.82383 83.2348
0.247163 3.85532 6.50954 68.2193
0.60214 9.8996 14.9664 119.932
0.484988 9.81564 13.5155 112.387
0.332918 9.67263 12.7114 109.884
0.173273 3.69281 6.17761 66.6081
0.266442 4.51835 7.17094 72.9381
0.370361 22.5342 26.5152 199.105
0.189005 3.93209 6.44844 68.2375
0.381968 5.38265 8.49132 80.9346
0.253804 3.17398 6.2566 67.2827
0.23476 33.7516 41.2951 308.631
0.502739 7.3157 11.2994 98.4103
0.290955 4.01067 6.72133 69.3625
0.29447 3.9239 6.63669 68.9259
0.300274 3.89975 7.28799 75.0326
0.396957 8.57374 11.7531 106.04
0.270453 5.93854 8.53565 82.8303
0.676736 18.3555 25.6117 182.751
0.589907 11.0232 15.3707 121.283
0.674695 15.475 21.7499 159.859
0.287731 5.12366 8.00626 78.3056
0.341975 7.10106 10.1964 92.6165
0.429218 8.70471 12.7707 108.899
0.239264 4.65753 7.34442 73.9785
0.455717 16.9077 20.8125 166.118
0.16865 2.77694 5.51844 61.947
0.236654 3.4131 6.86346 72.8071
0.309566 4.54732 7.23317 72.7605
0.365827 4.87181 7.86539 76.7478
0.646931 25.6008 29.6121 207.487
0.504241 7.02931 11.0811 96.7657
0.206838 3.78294 6.66519 70.8882
0.339376 12.1874 17.4561 153.67
0.504537 25.0891 28.906 210.982
0.32962 4.38312 7.43769 75.1345
0.419033 16.2163 21.505 165.559
0.207544 3.03065 5.60835 61.8799
0.5334 16.1006 20.9031 168.835
0.201193 3.65915 6.28223 66.6744
0.713981 60.5247 64.8794 385.799
0.39668 5.86949 9.06936 84.6207
0.39688 10.1929 13.0772 111.026
0.32623 4.57643 7.44993 74.3554
0.394079 10.994 13.753 115.667
0.28858 3.64877 6.92799 72.3474
0.661509 20.3824 25.3847 179.37
0.311343 6.11503 8.80316 83.9613
0.542641 13.7675 18.0949 139.686
0.559532 38.2645 42.3008 278.825
0.296982 4.50941 8.1078 82.0829
0.506846 9.16285 12.8419 108.686
0.232279 4.65434 7.19962 73.4553
0.608327 11.7472 16.6696 129.311
0.369365 5.96399 9.0476 84.7797
0.456679 16.5415 20.5069 156.618
0.392036 9.54012 12.7647 112.581
0.447889 7.84654 11.2095 97.625
0.223167 15.5084 19.589 160.458
0.292149 4.5267 7.30094 73.6929
0.268931 4.67179 7.26541 73.6937
0.108416 2.52219 5.02134 58.1003
0.494662 34.2443 38.8009 267.502
0.480724 84.2843 93.3946 585.528
0.791958 79.2885 84.3736 491.238
0.164975 2.5332 5.13538 58.8231
0.257419 4.31904 6.94981 71.4355
0.585594 15.1982 20.5881 154.73
0.311121 4.56249 7.27557 73.259
0.496194 6.84649 10.9479 96.758
0.234362 17.7168 22.4086 180.214
0.40335 29.7061 34.1589 246.273
0.603517 60.7589 67.3716 442.872
0.386332 5.1221 8.78536 84.8092
0.210401 6.09397 8.98775 87.7442
0.308526 7.43287 10.1913 94.4187
0.390641 10.0176 13.3213 117.131
0.460641 8.87048 12.1041 104.75
0.464781 11.222 15.3249 124.249
0.293727 4.64871 7.27887 73.4776
0.282497 4.93498 7.60133 75.7731
0.504214 15.3517 19.5741 149.934
0.787101 53.2749 58.3793 348.85
0.581137 21.1119 28.2971 223.354
0.287957 5.04337 7.5748 75.7169
0.349197 9.3681 12.2404 107.626
0.488091 8.35012 12.2497 103.789
0.427047 11.0845 14.1535 117.732
0.57116 16.0094 19.8137 148.893
0.496534 7.22418 11.1725 97.971
0.499781 9.50404 13.5542 112.325
0.396758 5.24888 9.00218 86.1514
0.161943 2.84378 5.40483 60.6458
0.596798 21.5261 25.2788 182.605
0.310028 29.7848 35.3143 259.396
0.539323 38.4401 43.1083 288.738
0.334703 5.67465 8.40948 80.9085
0.502351 18.2487 25.4797 189.708
0.402768 17.8025 21.8901 167.144
0.275708 4.32851 6.98262 71.4708
0.344752 13.6087 16.758 137.381
0.500519 8.26902 12.0678 104.322
0.405695 5.88162 9.33095 88.0854
0.319469 5.54477 8.49862 81.539
0.321108 7.0204 10.4794 94.7832
0.214177 3.30423 5.91586 64.1711
0.396592 24.7467 34.3509 284.776
0.398453 11.8511 14.9443 122.603
0.466734 13.5838 18.7668 147.303
0.40475 5.10292 8.52941 81.5849
0.329249 5.87312 9.824 95.2875
0.338907 4.97058 7.94896 78.8514
0.254576 9.64779 12.8095 113.847
0.533059 15.7039 19.7006 156.99
0.328339 5.0007 7.6569 75.7461
0.575493 10.0948 14.7108 117.917
0.320069 4.4008 7.54917 76.4191
0.559879 16.1603 19.8294 149.915
0.465503 6.91991 11.0132 99.3514
0.330211 6.141 9.26435 86.7217
0.317753 3.99107 6.83302 70.0118
0.355716 9.95343 17.9241 162.978
0.376318 6.751 10.179 92.2168
0.439767 10.012 16.2087 144.05
0.386274 7.50701 11.0718 97.9921
0.336766 16.4464 20.1901 161.627
0.479586 19.1873 23.144 172.08
0.36152 11.6546 15.1058 125.342
0.514335 10.2117 13.5028 111.139
0.467113 8.23034 11.8447 104.555
0.400598 6.3214 9.38838 86.7548
0.427612 8.62337 11.5291 100.399
0.384064 5.29763 9.10935 87.558
0.43723 20.3762 24.6707 184.3
0.306357 4.48122 7.3191 73.5592
0.326752 4.18109 7.62907 77.158
0.100513 2.10657 4.64992 55.1394
0.590925 51.7914 56.4312 358.727
0.312089 4.06423 6.82634 70.2241
0.214595 3.55303 6.1181 65.7234
0.431698 21.3773 25.032 187.873
0.335247 9.36541 13.5469 123.223
0.29545 5.54064 8.44308 81.2974
0.833132 577.342 589.189 2860.28
0.481216 19.5107 23.9091 176.522
0.256754 3.14699 5.98689 64.8038
0.290951 14.6362 18.1136 147.805
0.278775 3.99397 7.13969 74.1582
0.274289 4.1544 8.12266 82.6585
0.406807 5.96602 9.21374 85.5517
0.394714 7.10601 10.0966 91.9664
0.518473 7.42599 11.6888 101.148
0.602044 14.4418 19.0027 143.063
0.632168 14.7005 20.3268 152.407
0.318082 8.90679 11.7106 104.552
0.466773 8.20369 12.202 108.429
0.601779 32.5401 36.3327 246.324
0.217652 16.0549 20.3977 167.108
0.63517 48.8403 53.1137 333.198
0.404551 6.68315 9.59285 87.8171
0.244008 4.03744 7.40372 77.0715
0.357733 16.7678 21.1762 171.511
0.64138 14.4847 19.8829 152.968
0.318475 6.26434 9.29276 86.7833
0.375801 4.66099 7.9413 77.6382
0.591229 11.6405 16.1743 127.435
0.245466 6.17484 8.78268 84.119
0.540504 13.0546 17.0246 138.242
0.118459 2.01213 4.58196 54.5934
0.522231 9.89461 13.3191 109.684
0.19632 2.93991 5.46447 61.0849
0.402004 7.14506 10.6904 95.4195
0.715929 25.3968 33.1006 237.351
0.473984 19.0804 22.1686 166.392
0.322832 27.6177 34.7365 261.242
0.66119 19.2907 23.8467 169.718
0.599492 11.0579 15.9422 124.874
0.483612 7.77878 11.5249 99.4693
0.295637 6.37192 8.91554 85.0207
0.310223 5.04025 7.76765 77.1079
0.221589 20.4028 25.7088 202.186
0.673187 14.6998 21.991 166.992
0.633586 12.5297 17.926 136.631
0.34294 5.35496 8.25031 79.5977
0.415645 7.42258 10.9912 97.3175
0.861223 47.8977 64.727 400.24
0.328857 16.4457 20.5538 165.194
0.237645 3.08445 5.76172 63.0794
0.56443 9.08285 13.474 110.755
0.314167 21.7134 26.1812 201.801
0.242233 6.25269 8.86491 84.9703
0.42191 10.7641 13.7792 117.049
0.434015 7.138 10.3635 93.7175
0.494247 11.0865 15.8302 135.511
0.201068 4.30212 6.84545 71.5067
0.41187 9.70354 12.4633 107.145
0.342044 31.708 39.8763 295.735
0.442268 6.78471 10.5708 96.4757
0.587167 35.4472 39.3162 261.523
0.497013 7.31167 11.15 96.9286
0.222315 4.87161 7.42632 75.3625
0.381181 8.45418 11.3666 101.667
0.448293 9.37147 15.6219 138.74
0.548776 17.1863 20.8617 155.996
0.620624 42.2239 47.346 322.298
0.439875 15.0604 19.9049 167.222
0.515551 7.76233 11.7562 100.73
0.201769 2.56266 5.3078 60.0169
0.3817 8.25154 11.448 100.698
0.396036 25.602 31.4949 240.376
0.567017 18.5437 21.7512 158.97
0.475989 10.95 14.9385 128.661
0.58143 17.5091 23.1036 170.33
0.583888 14.2429 18.2087 140.706
0.267616 4.75432 7.61533 75.8923
0.349759 11.6659 15.0926 129.609
0.599471 12.9212 17.6664 135.625
0.341016 6.09582 9.28581 86.7341
0.217672 31.0334 38.4289 289.207
0.485721 18.2903 21.7042 164
0.350837 7.70116 11.476 101.279
0.220788 3.13818 5.78713 63.5264
0.31187 4.3452 7.25454 73.9401
0.414797 8.97138 12.1954 105.222
0.256854 5.50406 8.21976 80.0378
0.354565 4.43863 7.57392 75.4496
0.341771 11.7046 15.137 129.275
0.457427 8.49591 12.2975 109.385
0.401969 12.8524 18.4446 161.685
0.176208 3.24033 5.76421 63.3178
0.380645 11.856 16.6529 135.129
0.329589 5.58634 10.3408 100.084
0.619403 16.5265 23.3119 170.998
0.390531 7.71671 10.4379 93.7437
0.411999 7.03926 10.1451 91.28
0.189447 3.55172 6.077 65.4616
0.256691 5.30243 7.80966 78.0255
0.29113 4.03232 6.76107 69.8243
0.264949 66.4276 79.4973 561.453
0.426491 5.43234 8.98617 84.304
0.227352 7.55605 10.2541 94.84
0.352376 7.11532 9.73317 90.0514
0.289162 6.03996 8.89991 84.5785
0.29345 6.33087 8.89313 84.8302
0.313272 6.28708 9.39085 87.5501
0.415975 6.34736 9.61843 88.1479
0.281101 3.9274 6.54558 68.5015
0.589763 10.2297 15.123 122.091
0.326988 4.73553 7.62994 75.5892
0.356672 5.79381 8.864 84.0029
0.24675 6.32886 9.00948 87.0757
0.461304 23.8427 27.3576 197.977
0.594349 15.6402 20.5345 153.27
0.777285 47.0887 53.0322 339.766
0.473292 10.145 13.9643 115.47
0.532614 17.2001 20.3416 152.371
0.18058 3.22315 5.73286 63.1395
0.555565 208.88 223.794 1302.13
0.325724 6.97203 10.0779 95.4465
0.193904 3.81861 6.36986 67.393
0.341523 6.17851 8.79149 83.6018
0.394764 26.8762 31.1022 227.403
0.705718 15.3737 22.966 169.518
0.437077 17.2152 22.3757 171.472
0.600417 10.0514 14.9706 119.688
0.42549 8.10187 10.9528 96.7906
0.492951 8.80838 12.82 107.823
0.26234 3.7908 6.81523 71.6151
0.332762 4.06797 7.33452 74.4676
0.414313 15.12 19.6159 151.898
0.393645 5.79495 9.47161 90.2538
0.452518 8.51161 12.0232 103.69
0.371321 7.56057 10.8504 96.7608
0.481322 7.35597 11.0666 96.8276
0.302238 41.5437 48.7014 348.247
0.328107 4.78 7.63784 75.7001
0.35518 10.5384 13.563 117.15
0.468252 10.7749 14.0094 118.372
0.323794 6.74362 10.1245 92.4713
0.556035 15.2562 18.5011 140.615
0.583128 28.2168 32.2601 220.057
0.584921 10.4647 16.2741 132.991
0.202786 2.83889 5.40323 60.5017
0.277593 5.59823 8.40314 81.1515
0.603049 26.7359 30.0959 204.85
0.38744 7.22019 10.7025 95.9355
0.182245 3.32109 5.82593 63.8416
0.438018 8.5581 11.9413 106.298
0.473926 10.9719 14.2797 119.902
0.496017 9.04752 12.4158 104.786
0.396101 11.6932 14.7521 124.573
0.403919 13.3931 16.4866 134.672
0.268338 3.75378 6.34741 67.0826
0.401564 5.79798 8.86231 83.1556
0.389234 40.7433 46.2154 317.365
0.242216 3.44383 6.01993 64.9162
0.557063 8.83205 13.8325 115.669
0.422651 8.09625 11.3149 99.5199
0.339656 7.31145 10.6263 95.3497
0.478344 17.8979 21.2367 163.582
0.229855 5.78828 8.34567 81.8259
0.649804 27.5564 31.2668 210.471
0.639957 18.1575 24.7109 189.129
0.501803 32.0045 41.2801 288.184
0.388773 35.1497 40.238 281.98
0.335133 5.01086 7.93576 77.459
0.484525 17.2356 20.7492 157.807
0.315829 3.82913 6.97539 71.9301
0.508792 13.8298 17.3866 135.852
0.323019 22.7987 30.5103 241.009
0.398789 21.915 25.6553 191.564
0.561901 17.6817 21.2459 157.775
0.312482 9.51516 12.3345 108.162
0.327842 5.46539 8.08298 78.8256
0.376908 5.76469 8.60685 81.6337
0.471386 11.5605 15.9906 129.285
0.475866 12.3596 15.4673 124.66
0.352349 4.73845 7.59275 75.157
0.4466 14.204 17.5161 143.216
0.549043 12.8913 18.1114 141.02
0.392117 5.77394 8.87553 83.8617
0.768106 23.9503 32.2335 218.148
0.653531 16.4335 24.5273 188.947
0.546645 14.7616 20.1524 164.933
0.594824 12.9697 17.302 135.719
0.398984 5.46822 9.24739 88.2277
0.743064 54.175 58.9482 352.321
0.495277 8.71135 12.5219 106.188
0.427835 10.2227 13.832 115.324
0.257255 3.59068 6.51332 69.1975
0.268479 4.4013 7.02366 71.7375
0.50866 15.4225 19.2912 147.992
0.331437 6.29545 9.43228 87.6931
0.477838 31.6221 36.5306 261.455
0.284172 9.97822 15.6162 141.66
0.292355 3.6301 6.82817 71.3778
0.151638 4.59707 7.22465 74.7524
0.454185 7.75091 11.2722 100.873
0.289312 4.6347 7.64246 77.7322
0.263703 3.58281 6.35477 67.5824
0.364856 25.4811 30.1863 225.021
0.197669 2.79122 5.53361 61.9267
0.465741 8.21395 11.6029 100.87
0.620472 15.9079 20.3613 151.993
0.148783 2.35778 5.28011 60.2413
0.29462 7.44603 10.2105 93.3012
0.378095 5.74552 9.99468 95.5744
0.371377 58.387 67.0197 459.401
0.240104 3.10429 5.78524 63.1381
0.396133 13.8363 16.9206 135.661
0.38724 7.01467 10.2372 95.2426
0.239334 4.26157 6.85099 70.969
0.280864 4.05099 7.12485 73.994
0.38702 11.553 14.7012 121.687
0.479551 6.90637 10.5197 92.9754
0.344033 31.7719 37.0315 267.581
0.401573 7.18401 10.6671 95.0628
0.684023 38.7385 43.4835 277.001
0.380225 13.129 16.4032 136.33
0.465782 18.3397 21.7654 167.236
0.366671 4.86294 8.2885 81.1092
0.47749 7.04345 10.7956 95.9892
0.153314 3.85699 6.43544 68.6811
0.360855 76.9494 86.7235 570.09
0.518472 11.7239 16.0461 127.36
0.303847 9.06467 11.8549 105.287
0.354008 7.15046 10.5309 98.8454
0.439741 6.07202 9.55445 87.7114
0.416575 7.11082 10.6362 94.9178
0.331961 7.38595 10.4102 94.0017
0.426461 5.8588 9.12663 84.4498
0.174394 6.12638 8.85024 86.5066
0.689718 55.9339 60.2242 370.024
0.466538 8.47259 13.3119 118.089
0.194223 2.75449 5.72157 63.5729
0.635842 25.997 30.2694 207.92
0.402964 29.6156 34.1975 246.653
0.281275 3.68171 6.45322 67.8661
0.335864 4.45878 7.38027 73.8479
0.596484 16.2922 20.3075 154.478
0.482027 11.8203 15.0017 122.987
0.651999 12.7455 18.8158 144.534
0.319054 4.62447 7.44251 74.2563
0.292549 6.50604 9.19214 86.4424
0.557005 11.9663 15.9881 126.076
0.390037 6.65022 9.87158 90.046
0.455951 9.60582 14.037 124.075
0.278062 9.63742 12.6264 111.779
0.605267 12.6838 18.9553 151.405
0.216007 6.89661 9.54584 90.342
0.517538 13.6027 16.6477 130.339
0.304524 14.2718 17.6211 143.684
0.331802 5.26771 8.27603 79.9513
0.527166 10.0426 14.2152 116.566
0.225788 5.80579 8.36824 82.1168
0.349231 9.30651 12.2975 107.314
0.263696 5.0725 7.94735 78.0436
0.379748 7.84379 11.1516 99.1036
0.193465 2.50187 5.24296 59.6864
0.253994 3.40389 6.73506 71.4321
0.413462 6.66787 9.92792 90.056
0.438634 22.7149 29.3867 237.015
0.186454 4.03906 6.53718 68.8834
0.189554 4.62606 7.13554 73.462
0.446119 9.3907 13.9939 124.296
0.331264 5.70458 8.76809 83.171
0.311387 7.64389 11.7685 110.564
0.293671 7.03155 10.2297 96.9453
0.203888 6.90086 10.2073 97.3242
0.381901 6.45711 9.77963 89.4949
0.297036 3.71964 6.85614 71.3221
0.260353 4.40676 8.15 82.9436
0.174041 3.9258 6.41243 68.029
0.422188 11.9903 17.1566 137.773
0.0984787 2.0356 4.58813 54.7674
0.361835 6.23977 8.96335 84.1096
0.369681 12.8601 16.2433 135.886
0.488823 77.836 89.0292 586.13
0.445729 9.67688 14.0193 124.536
0.358947 4.48465 7.52391 74.5423
0.198104 2.61482 5.50447 61.7416
0.431212 8.57242 12.2805 105.507
0.239955 4.23687 6.75222 70.2671
0.614559 19.0248 22.8232 163.55
0.0994002 2.1025 4.64476 55.194
0.360275 10.0466 15.0537 136.178
0.460972 15.2062 18.3968 147.002
0.369633 16.659 20.374 157.312
0.43835 12.6086 15.6349 127.386
0.699659 18.5298 25.5773 180.288
0.362297 4.96776 8.07395 79.182
0.329583 9.48576 12.2041 107.532
0.23218 5.21462 7.79503 77.3562
0.356953 32.0192 37.3709 270.227
0.188823 3.5258 6.0218 65.3324
0.292336 4.18141 6.80952 70.067
0.183818 4.49541 7.02355 72.8658
0.499601 7.45559 11.3385 98.8576
0.114988 2.33287 4.85337 56.762
0.342621 7.99595 11.8711 103.934
0.706036 17.485 24.4464 173.986
0.389827 13.8844 16.8302 135.909
0.374583 8.84708 12.5073 107.344
0.441571 24.2314 29.0244 220.167
0.485216 51.7584 69.1011 549.266
0.56095 36.8476 40.8635 271.912
0.692429 24.7019 30.4165 210.81
0.618099 12.2746 17.3973 133.971
0.0801508 1.94598 4.52249 54.2912
0.230426 11.4552 14.8487 127.9
0.259685 7.3689 10.3711 97.295
0.461263 6.49264 10.8021 97.8605
0.419365 15.4445 18.6053 147.052
0.138609 6.00118 8.74122 85.6259
0.494325 8.88618 12.6406 106.567
0.488969 7.79292 11.4956 100.616
0.383933 10.224 13.4869 113.491
0.279628 5.08207 7.71673 76.7796
0.437291 14.1087 17.1849 137.261
0.199461 12.6067 16.2585 138.221
0.384958 6.71104 9.89635 92.7932
0.601471 10.2726 15.2056 121.226
0.512406 11.3522 14.484 117.286
0.649993 15.1242 20.4721 152
0.340399 5.46374 8.18733 79.0803
0.333826 15.3612 18.6497 146.998
0.183812 2.83618 5.40091 60.6842
0.213518 3.73377 6.23452 66.7958
