0.395154 43.1271 69.8622 416.183
0.293989 14.6051 32.2598 256.825
0.358373 22.5408 45.8654 305.575
0.427863 61.3883 85.9706 482.901
0.405371 53.1077 82.3662 456.379
0.32993 32.4611 63.287 423.823
0.300061 27.2102 43.6242 306.822
0.4609 44.2414 76.5518 470.201
0.45759 26.9476 52.3047 348.193
0.398082 78.6054 108.501 592.574
0.339216 17.8531 35.738 255.984
0.419679 33.9639 69.4195 464.281
0.455432 265.241 301.3 1218.94
0.38733 47.4856 70.7931 423.239
0.336975 38.3064 75.5156 491.094
0.38279 53.354 73.1812 430.642
0.340712 22.9028 44.1169 307.322
0.490322 65.2419 97.6135 543.326
0.28017 36.5773 52.6152 332.018
0.369597 54.0812 81.7311 471.538
0.328233 12.9273 31.2289 242.982
0.407781 47.7376 90.6658 562.337
0.331279 44.7012 84.3924 549.554
0.23582 25.2894 38.985 282.694
0.484392 27.4208 57.1768 365.06
0.557603 85.8554 132.101 697.008
0.300854 17.631 34.1943 260.072
0.35776 77.3262 116.449 709.466
0.376758 121.482 145.688 692.346
0.694846 94.3104 146.644 685.457
0.453191 40.8152 65.2657 392.483
0.523316 75.0038 121.417 665.35
0.504831 48.5691 98.8216 573.588
0.56739 48.0391 85.1355 470.733
0.564674 66.7494 97.9955 543.823
0.345387 26.3242 46.7148 325.109
0.238672 28.1581 57.0945 418.773
0.512271 67.5858 110.95 595.759
0.495942 75.1478 123.491 654.979
0.440504 138.254 168.568 804.624
0.335335 27.8512 45.8919 321.807
0.377075 35.1656 60.1927 371.215
0.377652 50.0421 70.0586 421.071
0.335499 18.0561 38.9518 287.651
0.298535 24.6811 42.1588 295.794
0.30647 36.9019 65.2465 436.688
0.385488 23.4992 42.0174 292.258
0.364009 29.7551 59.4322 401.808
0.385651 45.2584 72.834 446.186
0.485195 68.9494 112.163 611.84
0.425611 26.3251 48.6813 329.874
0.668388 68.238 119.05 582.628
0.390742 31.3516 51.0171 333.829
0.319912 27.5121 50.2607 346.161
0.290504 21.9432 45.7062 332.659
0.186157 13.7736 30.3617 251.124
0.237092 13.306 29.6886 245.857
0.385092 46.0681 80.9069 524.993
0.379752 29.8557 52.7765 356.205
0.40618 95.539 121.118 588.487
0.225142 9.82624 27.1629 235.445
0.615139 120.194 201.569 923.163
0.519946 136.47 172.466 837.66
0.488364 412.466 460.252 1624.45
0.417039 142.939 167.622 738.655
0.445532 51.1885 73.635 424.954
0.355956 43.5601 69.8498 428.257
0.303637 135.692 168 801.128
0.306554 19.4868 38.063 271.348
0.397464 31.3005 53.1288 347.944
0.418899 178.4 218.658 999.581
0.293774 22.4261 47.1194 344.727
0.343859 33.0959 57.0002 400.614
0.387253 23.3258 48.5701 332.882
0.447022 29.9971 54.7315 350.891
0.363489 22.3363 49.3136 346.989
0.390575 77.5617 100.193 547.004
0.42263 25.4305 53.8746 362.033
0.415744 86.7183 106.964 536.887
0.516805 42.4914 82.157 498.942
0.505803 92.4783 130.647 676.477
0.359667 797.789 923.725 3335.25
0.388194 17.32 35.8416 256.028
0.377459 71.9413 98.6294 530.873
0.336199 20.3034 39.7788 287.349
0.335778 56.3444 76.5082 446.194
0.431967 106.754 135.522 712.741
0.372903 45.3021 69.2224 444.837
0.500001 75.348 109.268 595.225
0.418819 22.448 50.4559 346.66
0.396111 156.107 199.498 899.705
0.290541 24.7874 45.4178 329.253
0.499625 313.261 348.961 1303.45
0.356682 16.9074 35.3222 261.357
0.438848 74.2639 110.489 574.501
0.375709 31.841 51.4844 348.631
0.414767 63.8708 99.7656 594.483
0.48635 100.44 153.563 753.477
0.326031 61.1542 90.3968 561.886
0.454001 36.8497 77.6206 494.606
0.455933 49.244 75.0098 445.486
0.437155 31.557 57.9094 358.296
0.320759 47.572 82.1224 484.228
0.400883 148.299 175.37 810.71
0.424798 70.1722 96.2484 548.305
0.324901 30.8439 50.8373 339.339
0.336186 20.7863 37.9633 271.021
0.586471 76.5086 145.013 793.867
0.393511 27.9002 51.6054 354.182
0.464852 32.1851 57.8684 371.471
0.44528 431.546 476.568 1762.06
0.37226 26.7948 45.1483 311.24
0.566781 105.297 142.221 712.164
0.27578 13.5083 30.8782 244.793
0.542682 35.5424 68.8952 411.559
0.337842 23.6767 41.1315 300.144
0.346457 29.2887 50.6568 327.151
0.402214 63.5022 98.5233 515.652
0.269894 13.3348 28.456 229.8
0.530065 43.7231 74.0718 423.865
0.535367 94.9156 118.757 587.091
0.445916 38.88 69.4988 420.715
0.423518 25.0764 48.2007 315.925
0.421898 30.1603 55.8267 354.747
0.37794 35.2461 53.9608 338.511
0.325165 32.8672 66.1492 455.045
0.436437 37.1751 61.4459 393.068
0.515858 38.0956 76.0718 474.121
0.398238 21.5949 46.2328 315.329
0.469966 37.3021 68.7361 421.401
0.345617 26.5446 54.7332 364.216
0.2325 13.7079 31.0361 248.537
0.28327 64.3289 83.9388 466.284
0.431825 39.7347 61.7504 367.964
0.329153 32.1444 51.5797 358.972
0.452152 73.3139 98.7531 550.916
0.371702 35.2767 60.1917 388.011
0.479695 73.7738 99.0812 530.82
0.522562 60.7973 93.9939 491.089
0.499395 82.8283 121.784 642.833
0.419397 93.0832 116.417 578.833
0.42997 53.9855 83.544 507.61
0.348905 24.0933 47.2485 327.923
0.494767 58.8945 92.3303 506.081
0.385893 25.7982 47.6483 330.56
0.518872 71.2282 105.101 576.955
0.415245 57.7612 84.8304 469.477
0.40581 46.707 73.0685 456.279
0.579965 162.594 221.736 946.426
0.267529 24.5357 41.6479 311.914
0.465735 35.7212 72.8147 453.302
0.393952 50.4947 80.0916 481.248
0.421443 66.1469 84.4411 454.694
0.371346 57.6761 85.1209 517.204
0.414843 37.115 64.091 396.278
0.363404 46.8287 71.4822 423.198
0.329534 17.4709 38.1631 280.803
0.442545 32.676 61.2496 388.924
0.321851 39.1865 61.8599 409.962
0.259987 12.1269 26.7062 219.868
0.317659 28.3968 67.1145 474.058
0.426251 29.5306 53.1994 344.817
0.44313 36.7463 57.3227 364.332
0.422251 56.1866 95.1181 555.046
0.460295 223.335 261.348 1097.4
0.481541 26.8624 56.3952 361.721
0.466528 90.832 112.396 565.302
0.270002 27.5193 40.2671 280.323
0.431794 143.379 170.936 774.957
0.179205 13.1323 24.7868 208.868
0.415652 49.293 69.6429 421.576
0.386948 29.0184 57.7103 381.622
0.438401 24.1829 48.4224 322.66
0.414074 65.1735 89.446 514.894
0.285484 33.3455 57.3715 398.947
0.339099 117.371 140.545 658.181
0.322271 17.9739 37.4355 276.28
0.294067 25.0536 44.6945 315.649
0.423442 77.2991 100.655 554.676
0.478395 44.3566 77.1115 459.042
0.370273 70.8489 94.1238 545.216
0.244975 17.4262 30.7333 242.076
0.587638 94.465 144.354 669.29
0.478955 163.857 202.381 940.977
0.384884 28.7695 49.8316 331.756
0.385346 27.2044 48.0356 325.991
0.291979 76.8098 103.08 590.12
0.415437 112.939 150.674 803.764
0.583989 48.9028 87.4972 486.409
0.339399 36.7508 62.5733 414.581
0.516588 62.6658 101.123 540.179
0.399493 217.913 257.47 1079.71
0.331764 42.8351 66.2032 429.382
0.405701 52.2416 69.4383 402.92
0.277336 46.5464 68.0971 420.31
0.540711 51.0422 87.992 496.106
0.502186 33.1704 64.0868 383.165
0.496071 159.652 182.776 776.485
0.404169 117.872 147.712 728.552
0.455901 49.6447 83.0628 466.143
0.380311 29.8966 56.4016 378.151
0.45447 31.9802 58.3852 369.966
0.532741 83.9666 128.392 632.638
0.591216 61.7963 96.7796 537.864
0.475834 58.7927 83.2218 462.389
0.439385 115.824 140.667 681.187
0.31866 18.0185 37.8929 269.21
0.44949 37.701 65.7064 420.023
0.354762 65.9437 93.6179 526.969
0.419659 31.0189 54.5586 352.154
0.356701 36.3328 57.0646 364.02
0.292996 24.6948 49.9109 351.065
0.516521 41.8937 84.4331 508.97
0.230159 10.8883 27.4118 231.432
0.338818 47.1893 68.2729 429.419
0.359846 81.7471 108.084 605.685
0.356547 28.2436 47.391 330.141
0.277412 10.788 27.1631 225.752
0.360513 23.3885 49.8135 350.981
0.554511 132.242 188.248 963.012
0.398029 61.3941 101.728 588.209
0.392907 35.1364 59.3873 370.126
0.536276 149.931 182.787 830.715
0.351085 35.7056 57.2907 367.087
0.400633 61.8934 87.2866 531.727
0.355882 34.931 55.5999 367.141
0.303106 111.865 140.474 712.457
0.459141 43.2281 80.1206 497.217
0.455013 136.673 170.658 831.626
0.378861 726.482 798.48 2760.8
0.413498 86.909 107.449 540.685
0.344892 54.9621 78.8504 466.611
0.498695 89.9132 135.966 678.452
0.420371 114.461 144.664 767.088
0.335864 64.1113 101.845 592.243
0.470453 65.7864 97.6503 529.738
0.372565 51.1401 97.0279 646.374
0.395237 38.3767 60.6558 391.468
0.472644 74.5197 94.448 504.575
0.441479 38.2117 66.7358 400.519
0.35259 50.4272 76.0314 477.608
0.379992 42.3502 66.3691 390.457
0.565241 33.5025 67.3407 390.98
0.369042 41.6907 65.7349 422.071
0.491961 50.7362 78.0001 475.492
0.551041 150.247 245.775 1198.34
0.447652 286.853 319.072 1202.67
0.488431 53.301 88.5025 493.448
0.399253 43.8054 70.5407 436.124
0.396973 45.457 68.2319 428.801
0.457678 75.7046 112.754 566.04
0.372498 49.1284 71.8752 447.599
0.284185 13.9081 28.8964 226.652
0.404908 17.1012 40.1356 289.372
0.391524 55.2207 75.8233 439.594
0.309272 21.0111 38.9873 283.461
0.454351 23.2342 48.3099 316.682
0.36622 39.7899 61.7082 371.194
0.434099 191.475 230.803 1042.78
0.405657 55.4531 73.6898 429.63
0.476542 31.6047 66.755 437.062
0.31996 55.7973 72.8191 415.82
0.31006 15.2158 32.4659 248.184
0.442442 58.5088 77.0064 423.442
0.473966 30.8092 62.0346 401.837
0.41449 39.0699 68.5378 439.484
0.432122 44.5783 81.4409 489.998
0.436076 52.6644 89.8105 530.376
0.468747 116.914 143.172 670.375
0.380278 22.7401 40.9724 283.545
0.311783 25.2622 45.0749 307.706
0.462372 56.3179 84.9807 476.744
0.428005 47.7396 70.4444 427.492
0.510391 36.5866 62.9484 381.803
0.393235 25.2823 53.3809 374.068
0.349516 24.7037 41.9257 291.371
0.375631 103.695 133.328 709.676
0.327818 19.7334 40.5311 300.131
0.382378 21.3967 48.5514 332.931
0.34711 37.1796 57.5079 365.852
0.374924 51.1604 72.9721 439.174
0.32372 20.2425 38.323 285.077
0.361708 61.5693 79.6338 441.876
0.391121 69.3434 125.057 715.645
0.53989 43.3478 81.0716 474.251
0.399988 73.3574 100.474 570.417
0.476656 57.2839 93.9569 583.675
0.427041 38.8689 65.5281 394.289
0.406731 28.7214 48.5298 319.634
0.556784 65.2398 101.06 528.177
0.410265 44.0712 69.0267 417.896
0.494184 73.2612 124.068 676.964
0.494446 76.1919 141.735 788.726
0.414496 53.8581 87.8188 532.597
0.348909 20.4652 41.8146 294.821
0.558179 112.429 141.37 692.203
0.473664 33.2438 57.1326 365.708
0.353945 112.652 142.683 698.429
0.453351 58.786 79.5313 457.592
0.368938 30.9195 53.8838 371.827
0.371631 34.9205 56.5237 369.309
0.451745 239.986 268.777 1081.28
0.455887 99.7607 119.516 581.27
0.357032 17.4914 39.3725 285.614
0.472896 65.8729 96.2558 499.439
0.39722 78.2307 123.398 625.483
0.348906 23.1238 47.1723 328.949
0.299717 21.1383 41.8432 312.48
0.373903 26.2712 47.5875 326.277
0.385584 24.6141 46.2296 320.692
0.317021 111.52 135.661 660.463
0.326911 48.2123 65.987 406.835
0.323978 18.3209 41.4855 309.466
0.43573 76.8263 117.31 625.261
0.53814 38.1996 79.9764 455.468
0.234454 15.1571 27.4949 226.859
0.398044 26.4046 51.7965 333.08
0.414621 45.0599 71.9782 464.488
0.382408 31.4002 48.2097 311.651
0.415331 64.4625 83.5528 459.367
0.411585 26.4622 48.7467 315.612
0.269149 30.7422 46.5214 312.4
0.481087 38.2093 72.5749 441.298
0.341083 43.0479 72.4206 478.792
0.362461 38.3936 70.2224 454.733
0.47872 100.58 136.031 738.071
0.305938 16.3205 31.7004 237.525
0.305348 37.1487 52.6663 342.628
0.381347 32.5539 52.0398 334.776
0.387042 98.9795 129.014 659.658
0.406126 67.0563 99.4622 558.718
0.410385 26.4743 55.474 373.745
0.453523 38.5598 62.2308 367.741
0.40445 22.9596 48.3778 330.959
0.276293 14.176 29.1849 232.484
0.394645 56.822 85.7537 518.618
0.42698 92.5006 135.993 698
0.417233 30.6214 56.6495 369.253
0.50661 28.8653 59.0759 367.118
0.318239 22.0965 45.3548 309.872
0.403564 51.2023 79.7029 488.127
0.345215 17.2281 38.1431 279.185
0.322758 22.0265 39.2709 291.958
0.344744 27.3794 48.0246 325.58
0.53491 47.0696 81.9093 460.062
0.349121 87.0159 123.768 706.374
0.311042 18.6072 35.845 270.445
0.485317 24.9063 56.0299 362.536
0.423344 33.4926 57.2923 382.147
0.428744 25.6699 51.9911 347.233
0.38992 23.215 42.8008 291.236
0.415812 18.0353 41.6007 294.636
0.277769 27.4811 50.0907 372.923
0.409456 31.7672 58.8876 371.062
0.223807 18.4331 34.1385 267.886
0.467028 63.9828 93.875 526.115
0.258213 22.4555 45.1084 340.094
0.378608 67.815 105.626 585.034
0.512686 39.0784 77.3341 473.489
0.465146 77.7596 105.455 592.841
0.328157 100.942 137.367 719.907
0.354709 18.6854 42.0483 307.175
0.447867 156.698 182.298 787.859
0.403637 62.5986 80.7052 452.088
0.305893 43.0252 58.9786 363.722
0.649134 240.184 294.184 1246.34
0.374121 80.0311 115.75 674.896
0.410449 38.4179 70.1365 443.675
0.480481 105.761 163.37 928.534
0.377699 55.1789 78.9376 468.617
0.599025 52.4525 96.5756 532.467
0.42116 42.3506 70.7946 427.853
0.542209 47.2644 81.676 465.301
0.389075 41.5214 65.2159 413.882
0.471647 82.4942 104.483 550.855
0.336901 214.681 257.324 1117.97
0.399627 36.1473 64.6096 423.827
0.5336 178.123 210.07 907.206
0.514336 66.9311 102.073 514.788
0.474357 37.4203 72.7394 424.475
0.280083 37.7722 55.6508 358.377
0.437164 76.7516 101.011 530.366
0.383924 38.2258 64.5221 415.311
0.299431 15.4272 32.8708 255.046
0.262441 18.0763 39.4033 300.145
0.287002 17.2151 33.8112 256.371
0.311648 32.6404 52.0676 338.025
0.415506 44.2457 69.5544 433.719
0.53816 136.45 160.331 718.446
0.472816 81.9738 105.702 570.131
0.345551 29.3922 51.3052 346.042
0.294729 22.3465 39.0629 274.624
0.453676 53.968 97.8733 568.554
0.368756 34.093 55.0979 369.749
0.345459 46.8806 74.3171 479.595
0.56047 198.006 278.582 1279.82
0.373721 76.9212 114.732 619.812
0.459518 32.4713 54.1004 344.004
0.645872 96.9732 167.73 817.028
0.356829 23.2116 46.0798 318.218
0.516484 51.509 84.0945 484.911
0.407162 103.752 137.138 734.154
0.497 74.3558 123.73 644.164
0.401669 32.3632 57.2968 376.148
0.433117 61.4482 90.4771 541.826
0.410332 24.0357 44.963 310.727
0.378907 28.0504 51.2707 336.756
0.394397 29.1575 48.9483 325.312
0.413318 85.9888 109.13 564.39
0.397884 107.654 154.795 823.92
0.338915 19.3653 39.4504 287.89
0.34631 285.277 335.615 1422.93
0.374055 54.0303 78.5389 464.295
0.428847 39.7768 69.3673 421.663
0.378864 30.8487 52.8408 346.916
0.644408 99.1764 141.42 678.049
0.524746 95.3881 163.618 844.787
0.290513 19.4182 43.8139 325.02
0.462294 46.4888 70.9049 409.549
0.322439 17.9833 38.3516 293.52
0.528 41.2189 80.0446 482.127
0.389772 69.3967 120.651 722.079
0.378231 34.3937 57.8786 366.139
0.457103 45.9703 81.1275 471.018
0.263995 20.5306 35.2855 268.3
0.308533 21.2807 45.3605 322.047
0.471938 39.3402 75.3653 453.787
0.435074 41.7216 63.4193 388.1
0.511716 105.323 139.701 705.154
0.393167 33.2277 66.0818 417.976
0.280756 17.9565 36.4454 276.358
0.456471 33.6145 65.4777 420.292
0.415723 55.215 85.0467 542.836
0.281787 21.6947 35.497 265.699
0.382246 17.6353 39.7907 287.124
0.392575 26.531 52.3472 337.796
0.299282 30.8315 51.079 333.505
0.520033 36.6917 68.5963 415.293
0.247358 38.8569 54.8596 357.117
0.49507 30.5714 65.6012 390.981
0.406559 65.7276 87.1746 488.374
0.326663 16.6889 33.9642 260.882
0.352385 53.425 78.9954 454.749
0.497105 56.6164 90.3791 511.395
0.390084 21.233 43.45 306.61
0.505427 81.9669 123.848 696.652
0.28252 80.6018 105.643 571.771
0.435273 24.3806 49.0223 333.241
0.361764 54.3541 79.5526 470.952
0.453254 44.7446 77.1606 458.593
0.411677 27.6048 53.4887 332.485
0.319504 23.1724 38.9187 281.195
0.218764 13.8492 31.0963 256.873
0.344252 24.6018 46.5237 336.026
0.394932 31.2994 53.514 360.756
0.330693 237.14 290.111 1294.31
0.368265 20.6188 39.9972 280.258
0.452987 29.1294 58.9544 372.345
0.402146 23.6748 49.1718 334.462
0.288405 18.4218 42.9232 324.867
0.250798 16.6999 31.5357 246.893
0.398708 30.3352 53.3445 350.385
0.46863 50.1126 76.0582 430.228
0.33041 33.9417 55.8322 380.031
0.385064 49.0894 76.5631 426.595
0.582377 95.5992 129.705 671.999
0.456132 37.9747 69.1423 419.531
0.481712 63.2164 100.867 571.305
0.271736 29.9367 49.0687 327.503
0.318114 20.0228 38.9582 276.756
0.269735 29.7671 45.3908 315.42
0.297609 19.1647 39.0686 283.239
0.402746 107.442 172.515 925.476
0.3975 21.4347 40.0345 276.76
0.399892 34.346 60.4841 388.958
0.428631 38.5348 69.2799 426.489
0.353386 72.1072 101.714 591.702
0.426267 76.3498 101.101 552.72
0.259492 42.0126 72.2021 472.55
0.311467 33.0159 57.0897 391.65
0.52472 66.7827 105.738 580.722
0.447049 40.9846 68.082 407.368
0.371427 26.1016 48.7065 332.935
0.416388 23.7794 47.8428 325.19
0.503621 79.1824 99.6022 489.555
0.397408 40.9269 61.0081 387.086
0.341859 29.496 46.1741 316.729
0.548653 104.575 130.725 612.72
0.629002 91.0659 128.488 634.197
0.38364 17.4237 42.963 313.629
0.541091 58.8806 110.261 639.051
0.497306 43.751 76.7814 436.579
0.284134 17.5545 33.8147 257.558
0.317541 15.9537 37.3459 274.988
0.482907 75.5582 99.8365 534.381
0.377465 168.943 196.008 862.749
0.300795 14.734 30.9299 238.692
0.388125 43.0013 59.9754 366.672
0.399056 65.8262 94.8746 497.226
0.364859 17.6572 37.1363 271.774
0.544274 38.8921 82.13 493.073
0.488321 50.0163 83.7954 481.002
0.383406 31.0844 51.0294 339.061
0.375483 39.7368 69.6749 452.582
0.382042 209.318 248.331 1068.78
0.399864 24.3446 47.8289 311.584
0.279584 17.4768 34.0007 263.303
0.451441 50.6798 76.251 417.469
0.430722 26.1652 50.5951 330.697
0.377062 28.9812 46.1791 308.055
0.340733 90.8153 123.56 638.356
0.398972 48.3683 68.5847 411.938
0.349927 25.5374 43.199 286.411
0.321282 42.5975 73.7437 462.386
0.435272 33.4341 59.4394 386.374
0.430962 22.9549 48.4949 312.552
0.339477 45.4305 70.2297 413.483
0.34949 40.1575 62.7583 399.173
0.3002 18.7612 35.1113 259.111
0.404293 76.7196 100.928 522.889
0.343484 24.985 40.1469 282.201
0.423761 26.6302 50.1593 339.628
0.331037 37.8781 54.3244 351.539
0.55082 34.0574 78.095 470.874
0.387763 122.644 159.371 792.081
0.375998 17.2363 39.4594 285.664
0.416765 25.8908 47.2332 324.108
0.300454 33.0115 48.356 322.604
0.302686 25.5162 47.149 336.607
0.308971 28.4367 46.6582 319.369
0.456653 49.4819 78.4317 457.933
0.35983 57.5403 91.4482 574.257
0.518619 68.9435 99.2632 516.761
0.46325 77.8306 125.897 711.226
0.347482 42.7575 66.0507 411.183
0.308512 25.7169 49.2035 357.277
0.576959 63.6382 95.8055 513.322
0.505231 78.8923 119.1 643.508
0.516901 42.7089 75.2117 443.22
0.332712 18.9714 37.4486 273.499
0.416951 55.2249 77.6641 455.233
0.583087 57.1495 106.705 557.322
0.296844 31.308 47.4178 315.831
0.321896 28.2561 50.4506 346.251
0.536272 46.2795 79.0762 449.575
0.417546 23.189 47.975 316.533
0.450876 82.7225 129.746 683.618
0.266089 16.0295 32.1095 251.689
0.358226 30.8857 64.3652 441.095
0.47165 45.897 81.295 487.646
0.602153 52.2765 90.3146 489.203
0.375956 151.276 226.137 1169.49
0.383553 31.0026 54.8696 344.93
0.339433 30.1504 52.3863 339.306
0.304481 9.74384 26.1864 217.422
0.624322 75.3307 111.848 554.463
0.305943 16.7972 37.6558 284.382
0.464043 46.9404 82.39 489.054
0.290428 25.9094 52.3429 361.331
0.411665 34.1133 60.2934 373.664
0.434567 45.6086 63.7127 370.001
0.431584 37.0105 64.3468 397.728
0.388894 35.8328 63.4647 403.764
0.547167 168.61 250.37 1192.76
0.38299 32.7902 52.8722 353.579
0.349127 33.0886 50.838 336.654
0.387732 47.9116 74.2613 468.655
0.418103 68.3849 93.6159 494.276
0.3122 33.8809 57.1217 403.28
0.247303 43.625 59.8357 366.895
0.49695 174.644 246.823 1137.39
0.307994 14.2268 33.8895 265.274
0.400883 44.3326 66.6269 392.429
0.385183 126.007 156.933 796.776
0.45682 102.75 137.398 700.367
0.515805 31.7577 65.337 410.665
0.570241 40.3365 83.4476 467.166
0.362753 26.7522 45.5566 301.657
0.34014 101.912 127.723 626.006
0.312453 15.1729 34.9649 270.418
0.478449 48.458 87.0953 502.242
0.393207 16.7967 41.374 298.744
0.528046 116.315 140.501 672.206
0.283404 34.3142 54.8185 376.367
0.493155 51.9691 90.6231 519.438
0.405621 34.6696 68.364 449.83
0.424854 47.9764 78.5709 459.925
0.467332 28.3914 55.2652 358.876
0.491985 39.0213 78.6946 458.07
0.389401 40.0093 58.4184 365.385
0.256492 33.9956 52.7975 359.944
0.441605 94.4697 147.408 819.308
0.45231 63.2103 82.6245 454.684
0.29093 24.3943 39.3912 284.22
0.273063 19.5274 42.231 319.519
0.321058 19.1441 42.4955 310.155
0.360425 32.9878 50.4142 322.677
0.528322 129.698 173.491 892.605
0.477305 56.6032 84.7997 465.663
0.578501 56.7465 86.5368 465.783
0.329744 18.6781 34.5599 257.641
0.418898 54.9833 87.2437 525.022
0.398745 54.2254 75.1077 441.592
0.340348 19.5928 41.3717 307.756
0.405391 32.0669 52.2834 333.809
0.349804 15.5193 37.8602 285.451
0.546011 87.5472 127.983 679.262
0.347539 17.9638 37.4048 276.507
0.483384 35.4316 60.9012 380.125
0.554346 33.1423 64.7937 386.4
0.429187 44.0601 62.7723 378.288
0.345315 58.4729 81.5515 472.718
0.396278 58.04 80.4794 463.662
0.379977 31.2091 55.4543 357.903
0.402187 52.3781 84.5193 533.927
0.411311 83.1923 106.289 570.273
0.2871 36.9168 51.7618 336.86
0.385408 22.1752 47.1725 330.443
0.406558 43.0125 70.951 440.723
0.310362 17.501 34.5782 262.709
0.472331 55.7844 82.3606 472.762
0.353742 38.1603 59.4924 368.659
0.499244 45.3676 73.159 409.201
0.525721 71.626 111.052 602.75
0.330141 37.0276 55.8359 346.947
0.358282 84.3232 106.853 575.264
0.486656 46.1673 83.3071 481.301
0.412181 57.1107 84.0958 493.362
0.322531 685.996 803.33 2974.91
0.319946 153.201 204.407 1002.44
0.400537 29.3467 61.1841 405.779
0.304629 22.2061 50.6819 360.812
0.452536 66.073 86.0359 450.493
0.380438 883.674 1035.68 3723.44
0.28297 24.9976 52.671 378.427
0.240729 88.1448 114.018 595.361
0.29744 21.6212 42.2365 306.721
0.351652 85.5749 106.157 554.177
0.400551 43.8049 65.459 401.523
0.355192 33.2972 55.1607 375.46
0.391187 18.4696 40.3422 284.705
0.651597 45.9944 93.6018 493.102
0.462059 146.285 177.156 814.658
0.282571 16.9058 32.6593 258.675
0.39014 20.8881 43.7732 295.543
0.422785 54.4085 88.6405 536.632
0.303289 28.3701 42.9197 296.442
0.520435 69.9118 91.6096 472.067
0.55006 79.4366 124.204 637.626
0.499758 34.3756 70.3022 439.626
0.387781 34.4431 53.8949 349.773
0.382406 40.8449 74.2936 476.552
0.453098 97.246 123.546 622.445
0.476957 78.9277 128.399 664.588
0.412291 44.9403 69.3416 426.011
0.44785 71.0074 89.1112 474.677
0.495298 92.0037 119.468 571.397
0.352295 32.3186 55.201 383.293
0.282654 66.7608 89.6924 498.783
0.354686 20.9572 44.0312 312.399
0.358867 22.6917 50.9106 355.207
0.487846 806.627 929.221 3150.58
0.315562 115.652 150.906 735.329
0.326197 28.1447 48.5654 344.427
0.49375 141.127 203.531 1028.17
0.630264 69.3072 100.347 507.402
0.392536 24.2867 45.2687 311.95
0.404072 49.7245 76.4304 434.455
0.355435 40.2889 66.4924 421.062
0.483529 38.2718 66.9688 405.37
0.407044 21.1592 43.9923 295.701
0.503566 57.5273 105.421 578.716
0.434071 30.5022 62.6771 415.364
0.401712 54.6808 76.5891 464.274
0.41097 60.5925 82.1893 458.798
0.39569 90.4709 152.917 926.576
0.435355 45.6038 64.0884 388.741
0.384363 147.882 181.852 851.457
0.29961 25.5974 46.9484 331.09
0.39228 36.4238 72.0998 461.327
0.304987 27.3369 48.1703 332.179
0.380656 114.384 138.952 662.339
0.396849 41.9718 64.9264 388.712
0.485501 27.5057 53.0921 339.438
0.516508 58.1131 82.6548 461.779
0.396248 17.8197 36.8014 264.42
0.373019 34.4243 57.4687 347.762
0.327951 22.0106 44.6631 326.723
0.446169 28.3535 58.5732 375.681
0.318182 49.5389 68.6449 409.674
0.375088 25.1997 45.9454 306.248
0.44423 54.7949 75.1224 436.579
0.387947 110.074 130.089 625.671
0.446082 80.411 110.348 607.335
0.243425 15.298 28.2158 228.255
0.623143 358.991 387.606 1300.46
0.412862 26.6641 48.0028 316.002
0.321332 18.8668 39.7026 298.237
0.354144 27.0898 50.4832 336.68
0.410787 141.288 190.16 925.093
0.267209 14.4091 28.8505 226.014
0.313711 59.524 80.3436 457.708
0.455004 60.056 102.349 615.066
0.532542 44.4805 77.6923 428.351
0.337986 31.2898 51.7267 358.264
0.283032 35.6916 52.8338 357.494
0.613306 72.7784 102.076 535.579
0.52202 76.0529 122.365 610.156
0.333279 28.7733 56.7798 393.837
0.315786 67.136 100.088 610.293
0.383277 44.8544 66.6221 412.287
0.340742 48.7936 71.9321 461.795
0.377456 62.1094 97.2126 588.912
0.548382 67.6237 104.499 581.77
0.369114 57.82 81.4536 493.139
0.547709 105.085 146.945 725.696
0.498164 69.2843 127.458 715.205
0.409949 46.5437 67.1353 394.148
0.416187 51.7003 77.538 468.473
0.568953 49.4612 106.135 610.355
0.380842 27.7116 48.9362 314.674
0.48094 222.924 248.09 966.709
0.425249 31.7736 58.9731 374.628
0.39339 35.4221 71.3402 451.447
0.484786 40.0574 67.8483 401.532
0.448995 89.3758 119.733 617.074
0.382172 45.9633 67.8845 425.905
0.392776 33.4717 58.1377 374.301
0.500458 263.985 305.69 1300.18
0.382086 49.1578 79.8371 470.428
0.399612 20.9479 42.9411 294.764
0.32368 31.3422 55.5055 376.273
0.384002 31.8471 61.5512 400.096
0.345252 38.2292 71.8622 490.723
0.448331 80.5549 122.777 661.825
0.292989 50.4714 77.6794 512.936
0.50669 53.2765 76.5951 429.711
0.376791 62.0231 93.7948 553.087
0.361432 23.0069 49.4062 342.719
0.42931 41.4185 68.5432 418.496
0.416715 48.3294 83.4135 546.699
0.337145 20.1049 40.1388 287.95
0.37859 33.7389 56.5209 373.634
0.495943 56.853 92.3665 552.716
0.36024 38.5243 54.7559 347.324
0.246545 10.1804 25.3191 215.321
0.543938 196.937 245.316 1173.02
0.46502 21.4757 48.8035 319.435
0.50824 76.7542 127.258 650.643
0.490995 73.1834 95.3828 510.454
0.397989 72.9034 99.9616 525.016
0.342852 55.1483 80.9208 504.191
0.308556 25.189 42.4101 307.793
0.404703 23.3697 50.2948 350.495
0.335329 30.8082 53.0797 357.022
0.369224 48.1005 70.6633 437.655
0.427697 25.8411 48.2831 322.071
0.35255 32.18 58.7673 389.405
0.333395 23.9463 46.1094 330.317
0.273875 18.169 34.7385 263.414
0.367916 259.632 301.249 1239.72
0.346634 25.3585 43.9893 309.153
0.378994 29.3908 53.1434 350.396
0.374651 284.38 348.507 1412.56
0.389896 86.5218 124.772 704.092
0.589168 212.244 250.871 1058.57
0.420111 32.2506 56.0454 342.668
0.432534 332.963 399.964 1589.88
0.371026 81.068 110.632 616.377
0.387366 49.75 70.8295 438.838
0.4489 32.8749 59.4958 370.887
0.368768 21.4173 39.7133 282.861
0.385649 52.6373 99.1838 595.766
0.419364 29.9199 56.8918 360.507
0.358495 21.744 46.0719 323.778
0.469577 1967.4 2121.96 6408.02
0.290635 23.0836 47.3136 345.917
0.240365 12.2394 28.8287 240.995
0.28574 24.3298 47.0342 339.357
0.403183 29.3147 52.8251 345.741
0.432595 40.7514 69.5579 403.306
0.395992 35.2267 61.4304 377.538
0.409256 48.6799 83.2418 498.607
0.515576 116.996 178.651 895.877
0.478344 73.2132 122.759 689.668
0.335396 51.4248 74.1303 463.811
0.341106 16.771 36.0665 265.027
0.347661 73.368 95.7327 536.67
0.457588 57.827 86.2539 475.047
0.298707 36.4076 52.6143 346.397
0.49105 113.683 139.958 677.788
0.394981 79.9985 116.753 676.624
0.46004 96.1623 120.185 603.278
0.384903 22.3028 42.0735 292.159
0.479013 35.9364 66.5522 417.995
0.390023 117.055 144.19 734.586
0.31697 82.1164 104.172 544.218
0.329405 38.5575 69.1797 455.055
0.27313 21.3137 38.1502 274.689
0.38063 37.6652 67.1071 428.469
0.410322 69.6493 91.3627 481.239
0.369686 14.8408 33.1813 248.515
0.363296 25.1344 44.2292 297.868
0.412737 37.3335 63.401 406.178
0.437788 45.561 69.0671 417.993
0.544232 53.5694 103.826 617.624
0.297818 32.3265 52.7156 355.014
0.527255 84.7552 124.081 614.841
0.356429 43.2971 61.4349 373.359
0.487764 39.0251 77.6328 480.978
0.373489 23.8631 51.0532 356.293
0.418305 75.3958 95.4868 490.021
0.401628 25.8614 49.3185 325.856
0.448083 80.0654 125.291 680.778
0.339339 28.8501 46.5324 325.774
0.389237 49.5647 81.9731 506.811
0.358404 55.0983 78.1872 458.105
0.452007 50.1563 76.4946 454.285
0.417615 58.4131 109.418 655.588
0.480119 92.3837 119.422 606.118
0.433792 36.0687 63.6824 412.349
0.459219 28.1549 55.5694 349.007
0.415514 70.0897 99.0401 569.439
0.315205 47.3452 63.4827 386.628
0.437935 24.1051 50.749 334.523
0.450338 83.4902 108.171 589.965
0.446462 30.914 63.7049 384.664
0.415378 94.5398 114.682 555.265
0.303165 38.5815 54.8846 344.849
0.383289 18.3922 38.9851 282.581
0.341071 67.3727 88.7499 493.549
0.380807 32.2188 60.0892 390.31
0.423305 106.649 136.031 661.708
0.51008 51.3063 85.4439 467.757
0.480482 67.0346 113.204 652.228
0.425435 23.5306 48.7267 325.65
0.257106 11.5742 27.9467 237.531
0.552967 312.547 349.562 1365.47
0.63871 90.7117 139.79 724.959
0.507681 53.4978 88.2075 493.778
0.298441 158.319 196.076 969.366
0.328124 28.3146 50.8877 347.247
0.493661 110.176 142.205 692.661
0.479188 136.123 161.577 745.399
0.278963 50.6172 71.9373 456.208
0.4002 55.62 78.1759 437.716
0.397509 20.7193 45.7703 307.515
0.416896 36.3506 58.4343 370.275
0.375994 27.7195 50.8752 335.423
0.269081 20.613 40.5007 310.109
0.472945 35.6376 74.4328 478.116
0.55707 50.0324 89.5764 485.53
0.605126 59.055 92.9084 499.914
0.555843 111.996 170.511 858.556
0.481293 26.6229 53.4032 333.881
0.319675 26.5082 44.3312 320.386
0.4716 62.9631 91.0907 505.812
0.295819 18.7445 37.8935 289.475
0.281392 21.9436 37.4554 273.598
0.334875 118.322 153.626 753.985
0.307117 18.2613 35.0847 263.254
0.36028 29.8793 54.5761 361.608
0.377622 27.1127 49.9563 336.693
0.311524 13.3606 32.073 251.698
0.33392 29.9079 58.2418 394.051
0.379744 31.7114 60.5105 403.205
0.402047 60.6622 82.9641 474.404
0.498817 65.7547 92.7238 488.798
0.458787 111.407 142.34 705.261
0.329983 34.6464 52.8903 342.094
0.421483 148.529 177.538 843.14
0.379217 25.4556 43.9133 297.909
0.284185 22.8694 40.9834 300.046
0.310668 19.3228 36.2467 277.93
0.558102 74.9319 136.485 720.495
0.468498 58.5019 93.4533 556.971
0.463759 39.0873 73.2697 431.908
0.551927 54.9299 98.6534 544.101
0.416544 33.3405 58.6727 380.04
0.394615 33.1649 57.7761 365.518
0.257732 18.1982 43.1586 337.268
0.315073 22.4204 41.3863 299.04
0.262017 13.7901 28.4231 232.217
0.429002 22.0068 51.246 344.083
0.336174 35.587 56.0147 370.879
0.310674 16.1147 35.1491 278.209
0.335201 17.5304 38.7739 290.538
0.337257 38.8653 62.5092 422.106
0.265243 40.1239 56.8646 368.805
0.343539 39.663 58.0494 378.109
0.282917 16.2112 34.9417 274.382
0.394532 17.3368 44.3046 317.213
0.475722 98.7055 147.807 714.362
0.469383 215.837 243.852 982.167
0.334205 33.9409 70.619 483.605
0.329208 48.25 71.5664 449.193
0.28982 20.9353 47.4253 354.186
0.358984 41.141 63.8859 408.511
0.442434 24.0041 46.2094 305.042
0.271693 51.5349 89.1415 522.244
0.445487 39.9543 75.4162 448.217
0.334321 77.0696 99.5984 553.497
0.418702 44.7697 66.9823 409.139
0.392297 56.4363 87.0819 513.25
0.375576 15.637 37.5276 278.89
0.566503 47.3517 80.7363 461.157
0.357308 18.5712 36.8511 267.249
0.460128 234.229 265.062 1055.25
0.421265 40.1974 83.377 531.709
0.378814 18.2698 42.2253 296.508
0.458304 32.5484 61.6852 383.521
0.336549 67.0754 85.6095 482.295
0.383039 54.907 75.3461 431.56
0.312454 32.6854 58.2017 379.062
0.384988 41.0782 59.0799 366.057
0.221149 10.0634 23.801 206.238
0.440109 55.7001 87.5127 514.085
0.286953 17.0836 40.2484 305.531
0.34719 31.0716 49.9187 332.651
0.25953 16.8786 35.0583 268.406
0.259477 22.5561 40.7659 294.565
0.414529 66.3342 94.4346 537.22
0.355924 16.333 35.4911 262.581
0.449491 31.3342 59.0633 378.287
0.386819 23.7956 47.7777 341.076
0.369055 29.8496 52.8823 346.608
0.302384 28.3444 57.1528 412.251
0.382354 71.0776 108.919 636.801
0.374634 24.4768 43.1082 308.832
0.47113 48.0963 73.8901 419.288
0.429456 41.9704 67.3359 390.876
0.414301 29.4739 50.3081 322.114
0.389977 107.61 159.136 894.504
0.35661 26.1771 48.8328 342.599
0.527734 43.1052 77.654 459.526
0.376838 31.3882 60.7929 373.23
0.47644 27.9298 60.1473 390.246
0.329877 60.0295 98.1106 621.775
0.360283 36.3775 56.0929 363.752
0.406403 29.303 57.6676 383.682
0.359702 28.0275 46.1022 321.789
0.341207 17.9902 38.9977 294.108
0.337694 19.8403 38.2296 271.164
0.4896 38.9643 78.5367 457.01
0.396159 30.3068 52.2991 355.445
0.296094 33.7054 55.5979 377.435
0.390592 67.4905 89.9511 481.093
0.421298 30.8683 60.8244 386.66
0.37925 23.5186 46.8227 328.517
0.34751 11.7707 31.1224 244.121
0.463483 42.5389 73.9847 446.033
0.318499 29.166 47.4735 318.84
0.266437 26.1077 43.9702 295.908
0.349888 26.6791 51.318 347.322
0.443989 77.0837 104.158 566.775
0.505507 67.4058 110.477 591.35
0.330957 57.5185 96.9035 532.609
0.276326 13.4926 26.4735 213.581
0.264821 45.6726 60.3693 366.328
0.408091 47.5414 79.7028 469.622
0.402907 32.4518 56.9782 365.582
0.435566 93.371 138.391 827.308
0.650639 407.77 448.71 1618.76
0.268333 51.8996 73.0528 443.685
0.389655 86.4313 136.478 779.474
0.290881 78.1471 99.9665 523.745
0.542061 52.8163 78.8828 439.604
0.39677 35.6822 58.7684 380.284
0.323105 44.7624 85.1742 547.077
0.564103 76.9727 102.713 536.023
0.501397 42.8833 82.1784 469.856
0.231392 15.6462 29.9802 245.409
0.290254 12.7517 32.7589 264.819
0.516767 141.152 174.335 815.206
0.348713 69.4595 89.9873 487.758
0.458973 170.578 192.797 811.905
0.399986 51.87 90.2088 575.011
0.407955 24.7409 49.9445 340.743
0.455964 50.7056 72.6925 416.721
0.370213 17.2941 37.5098 267.317
0.241532 69.1017 96.4462 554.7
0.449752 34.0372 65.3436 417.274
0.470035 39.2734 76.2979 478.598
0.575145 72.7454 125.407 685.392
0.457051 238.836 333.887 1601.81
0.425463 134.512 158.465 735.216
0.360141 24.5193 47.825 324.818
0.488826 37.8654 67.7775 398.669
0.46311 42.5146 71.8438 409.057
0.600554 51.5987 92.4808 483.129
0.366683 16.6929 38.1978 273.505
0.463749 60.8323 96.1589 525.539
0.403381 27.7667 59.2585 393.943
0.446586 91.7504 110.883 553.323
0.4722 107.82 159.711 838.998
0.358547 19.9372 42.21 297.35
0.328317 66.2965 83.9288 454.781
0.473451 41.4261 71.0979 406.171
0.313699 15.112 34.9641 270.252
0.327949 24.4323 40.5796 291.258
