0.335865 43.2284 71.9663 431.564
0.28149 16.9538 35.4862 264.126
0.420239 56.2787 79.6857 446.932
0.425649 58.9858 97.6591 529.099
0.285746 34.2998 55.5232 362.383
0.367764 33.5791 62.795 405.694
0.362989 41.5408 63.117 401.896
0.506713 36.5677 76.1229 453.788
0.400939 86.2149 121.008 656.686
0.363027 22.1235 47.8244 320.413
0.401954 35.423 77.1971 507.187
0.380903 267.946 309.211 1239.51
0.39178 38.5969 86.1356 559.495
0.490404 76.311 135.782 702.716
0.358457 25.7038 49.8979 333.628
0.352183 27.5534 55.6497 379.546
0.294467 27.7629 54.2657 376.661
0.400794 61.8863 114.394 618.751
0.335653 38.8945 58.5229 374.963
0.414056 54.4241 105.918 633.462
0.318099 50.4636 98.0657 606.86
0.361813 206.412 247.581 1013.19
0.564334 82.3903 148.401 746.769
0.384371 45.2329 82.6085 493.875
0.385326 134.604 210.394 1090.38
0.353271 26.2338 53.1362 375.06
0.688035 103.244 184.299 857.49
0.392358 41.1014 67.6951 411.132
0.687203 310.791 376.027 1468.58
0.548125 58.5834 113.53 581.62
0.517613 48.2234 82.9322 475.965
0.455762 41.349 70.8131 424.311
0.219198 24.1478 48.8355 353.052
0.45381 68.4964 120.498 661.276
0.496897 108.69 171.334 893.702
0.463432 152.167 193.649 886.187
0.309544 28.4337 49.5615 350.877
0.428185 40.58 78.4196 471.153
0.383622 54.5954 82.0194 490.448
0.363243 45.7395 88.2771 550.496
0.260955 27.1916 48.9472 345.514
0.350579 30.9969 65.5703 443.424
0.395197 36.504 70.4656 437.59
0.346134 70.2027 103.447 588.46
0.494876 74.7272 130.52 683.062
0.538575 75.7464 120.34 620.407
0.371176 43.6412 69.8225 431.561
0.404029 69.1598 95.5007 526.878
0.591156 138.574 201.016 956.567
0.402904 276.168 314.899 1237.27
0.439934 29.7631 59.0297 383.307
0.627779 85.8643 153.698 747.806
0.360331 26.5753 56.7539 391.659
0.31351 25.6456 53.4075 384.517
0.278413 31.0753 60.7824 431.385
0.165082 9.96077 24.0767 217.909
0.375202 47.7772 83.8509 527.667
0.385206 33.0756 58.3109 374.553
0.429626 109.582 138.362 633.748
0.250524 71.1211 97.6981 548.222
0.640174 135.343 235.47 1046.96
0.513401 457.028 546.261 2088.52
0.362555 50.7147 78.9702 473.709
0.536579 174.529 222.877 954.965
0.463071 82.7973 123.116 641.606
0.264248 42.2862 60.6881 369.779
0.292963 22.3649 43.5097 314.782
0.405503 35.0575 65.701 410.201
0.350629 178.931 223.597 1012.7
0.327805 54.6535 87.117 546.626
0.346435 22.2999 51.7164 375.255
0.426859 84.9025 117.082 625.636
0.467556 32.6438 71.0863 439.357
0.354069 37.0257 75.6726 484.482
0.36412 25.3459 54.3701 371.443
0.386422 89.2512 125.463 672.744
0.526621 70.0082 120.653 672.42
0.418305 92.5735 133.027 689.644
0.343356 822.637 961.961 3341.52
0.38138 31.3192 61.0353 402.602
0.419921 79.0738 122.734 692.507
0.315327 21.561 45.4786 327.286
0.421734 69.0299 113.176 623.109
0.410287 50.7726 92.5027 579.159
0.405814 35.4695 73.4429 446.278
0.431092 37.1354 70.7138 443.202
0.435463 194.187 287.847 1221.17
0.309131 22.0149 42.0239 306.938
0.500192 341.979 383.813 1368.85
0.352909 41.6595 65.5188 399.625
0.437862 67.9403 107.66 579.076
0.377273 63.6759 89.2761 528.173
0.510845 116.891 180.179 846.519
0.333907 67.2986 100.531 609.053
0.474431 52.4954 110.342 645.705
0.485112 124.309 182.419 918.12
0.509291 210.728 243.456 963.529
0.434812 42.7564 85.6081 512.5
0.319711 39.9088 59.4319 369.684
0.553294 110.826 160.817 786.755
0.459105 54.1054 85.2326 493.304
0.431137 192.554 225.044 914.047
0.307695 52.2128 75.0773 464.899
0.600934 202.188 281.204 1214.61
0.418774 74.9099 106.545 596.917
0.250717 21.2281 45.0312 343.853
0.56427 72.5887 130.536 703.046
0.452915 69.7272 102.226 560.396
0.416864 32.8889 60.7477 388.753
0.481129 496.288 544.848 1841.34
0.415715 34.068 65.9785 414.276
0.467665 105.155 149.493 737.064
0.369577 22.5172 50.6173 341.363
0.415129 31.8433 69.9819 460.964
0.299815 1270.96 1575.08 5506.06
0.433233 50.5292 83.3318 456.915
0.298418 61.6808 84.3291 490.274
0.481888 44.8628 78.21 445.697
0.558922 108.645 166.828 790.213
0.416104 39.2042 69.341 417.287
0.496228 65.3336 118.054 653.3
0.369165 78.2981 102.048 520.762
0.417459 38.6482 71.2275 436.217
0.338918 52.8287 86.4814 536.648
0.46726 39.317 82.9112 512.293
0.418562 25.022 56.5193 365.029
0.473698 40.994 78.205 464.689
0.381987 48.2689 83.2401 488.2
0.205458 12.0165 30.2512 252.122
0.370977 82.4348 105.163 538.724
0.415251 41.5914 66.2043 399.806
0.363921 22.1548 43.729 302.433
0.413254 49.1547 86.1688 493.943
0.446286 67.7888 121.349 661.099
0.600062 76.8312 132.424 634.173
0.489932 87.9848 136.359 721.248
0.395475 95.9614 123.601 612.404
0.333946 27.8891 57.1855 383.896
0.496373 31.7036 69.0136 417.332
0.350391 36.4744 60.8732 386.258
0.447762 72.4986 121.394 642.508
0.584876 82.0573 140.198 712.132
0.356887 46.8111 75.0168 472.952
0.559245 124.495 154.063 701.823
0.289888 29.1424 58.5943 407.628
0.523882 50.2415 87.7278 477.466
0.360273 40.1494 75.7291 444.61
0.448725 27.0078 63.8295 408.28
0.289644 22.8954 48.0322 346.083
0.448863 44.2396 78.5756 460.731
0.476751 123.62 161.569 802.099
0.401561 56.1966 87.6063 513.236
0.429195 70.7333 102.349 538.958
0.382141 38.2665 65.7406 407.549
0.362638 31.8088 62.5107 407.922
0.310748 89.2209 111.97 561.393
0.403911 24.7414 54.6865 364.182
0.341327 46.1281 67.6968 413.371
0.276705 13.5957 33.2877 260.431
0.333404 31.8121 76.6689 525.678
0.392293 30.2247 54.2434 352.253
0.364226 36.4882 61.2189 399.623
0.498905 262.279 309.089 1253.97
0.477143 182.063 212.206 883.02
0.46949 100.518 130.253 668.942
0.27544 20.201 37.774 286.324
0.47842 170.877 215.136 991.451
0.197827 14.7674 29.3764 241.499
0.424609 54.8224 81.5247 477.976
0.458769 38.2172 82.861 485.011
0.443538 21.1673 52.459 345.386
0.346488 63.3932 90.4024 513.928
0.326927 40.0336 64.7477 403.58
0.317058 19.5287 41.7439 309.227
0.378084 33.2246 63.1841 399.366
0.333619 74.0789 100.318 547.867
0.496086 54.8162 104.379 576.065
0.378833 78.7029 104.798 579.521
0.263866 15.6292 35.5629 277.094
0.519526 179.558 220.193 934.008
0.401258 163.753 217.335 1031.42
0.444136 33.864 67.9318 418.641
0.342549 88.0443 119.213 625.8
0.306589 41.1826 68.9084 465.405
0.564848 52.1751 97.1647 534.963
0.348842 42.2217 86.2819 565.502
0.514796 67.9526 112.174 581.88
0.339468 218.331 264.506 1100.64
0.38036 29.3302 54.9073 363.118
0.351271 52.0835 72.2804 431.172
0.363418 66.2824 111.826 648.16
0.570302 59.7236 109.22 579.975
0.531393 51.1019 90.7974 511.02
0.394845 185.352 275.14 1174.82
0.48694 92.2849 137.323 674.656
0.506351 452.825 508.506 1771.21
0.323008 24.8322 53.3321 357.158
0.472048 60.7126 115.535 673.777
0.45649 92.0488 128.279 666.658
0.394527 69.5232 93.1424 508.505
0.38881 33.0773 63.7851 414.439
0.450128 62.5325 99.4276 577.619
0.607247 100.392 163.209 755.68
0.562576 126.569 179.742 900.347
0.420824 123.736 156.665 769.242
0.324982 33.5509 61.0545 387.171
0.465744 42.6166 83.9017 496.33
0.373195 74.0668 99.5578 506.212
0.443656 35.577 71.9036 432.621
0.33065 36.9092 72.0203 477.449
0.349581 34.9286 67.2549 425.962
0.373009 38.6673 80.8032 511.749
0.241353 25.097 47.7587 338.839
0.470707 32.1686 69.1465 429.354
0.319952 14.7858 35.2136 266.09
0.281513 35.1081 57.8447 395.606
0.384729 35.8718 70.1403 452.015
0.562963 208.012 309.189 1479.41
0.428789 79.0562 127.633 687.131
0.395761 33.5501 58.8563 382.444
0.460393 156.215 206.404 991.21
0.354233 56.7856 90.7337 528.324
0.525723 80.7409 108.304 546.314
0.391548 141.128 180.726 878.667
0.410033 47.1947 86.9517 505.306
0.449452 143.733 184.67 883.66
0.330056 730.847 818.863 2761.59
0.435059 99.7064 125.183 605.11
0.376868 65.6292 96.3656 542.401
0.417166 78.493 118.689 637.92
0.408672 74.859 133.43 753.952
0.400318 69.2639 121.768 669.898
0.378863 58.6505 92.4565 546.548
0.409418 57.4824 87.2563 501.664
0.475901 77.0894 100.625 505.171
0.427105 40.2042 72.3133 427.465
0.285014 50.4319 77.9139 490.229
0.509971 151.333 187.516 859.183
0.535623 70.0503 111.48 610.562
0.363045 46.9499 89.1618 548.22
0.588334 168.111 212.098 960.227
0.458232 175.119 210.41 935.46
0.399622 69.666 102.837 580.632
0.421533 48.0586 84.9875 508.056
0.39556 48.5787 75.3918 457.02
0.417487 64.237 96.8532 535.643
0.620558 187.171 282.496 1153.7
0.376465 30.4756 53.3032 366.224
0.433416 73.7771 120.754 659.831
0.434782 103.488 128.101 619.32
0.486691 88.0761 133.862 635.691
0.394177 52.6834 87.4144 511.475
0.286583 17.7843 37.3488 278.651
0.518541 35.4151 71.7364 417.025
0.321235 32.1538 54.6242 365.956
0.414973 42.8216 74.6507 445.445
0.37824 45.0823 77.6968 465.154
0.442391 211.67 254.667 1080.96
0.427772 63.678 89.0863 499.35
0.391681 31.6464 68.2014 449.741
0.405405 68.9621 105.117 586.489
0.334003 30.992 51.1273 346.148
0.409253 24.1017 52.867 352.997
0.506706 66.0548 121.366 681.971
0.370913 31.0174 66.5848 438.412
0.44241 71.0714 110.66 621.14
0.447241 126.756 153.128 706.764
0.392026 25.289 48.701 324.352
0.307177 26.201 50.6454 347.938
0.475644 62.2682 94.581 503.709
0.422287 24.0989 56.0393 361.749
0.441409 62.529 87.6341 481.579
0.35265 29.6022 54.4067 369.672
0.427388 115.604 153.475 783.921
0.36315 36.7991 64.1438 415.745
0.319226 20.179 45.8331 331.795
0.354711 40.9593 63.9546 393.763
0.353089 52.6866 77.7548 461.346
0.269832 19.9064 37.73 284.57
0.433089 77.3377 130.522 733.996
0.428234 83.0812 131.414 715.42
0.537144 184.118 216.106 902.033
0.391771 87.0066 113.486 583.212
0.437259 42.3233 73.1928 435.508
0.449019 33.704 68.2153 417.976
0.475621 65.6574 103.496 542.83
0.432799 53.1633 95.806 534.35
0.497377 80.7197 113.236 588.056
0.515643 83.5204 154.714 820.233
0.422119 58.2527 86.8423 498.732
0.361186 43.3477 69.6622 428.152
0.505147 63.1104 99.4317 555.108
0.350608 30.2729 53.8317 365.83
0.450858 64.7196 104.849 609.167
0.391669 35.9484 70.6132 458.365
0.347654 54.7063 77.9569 470.134
0.343897 43.1308 69.0921 438.949
0.413229 57.9764 95.228 545.316
0.434844 91.6615 131.684 681.675
0.529909 63.1765 121.266 634.319
0.391384 39.7062 70.6551 447.23
0.387193 239.895 274.419 1101.01
0.542354 125.263 162.157 775.141
0.360542 117.49 158.106 812.516
0.455621 337.289 382.98 1401.71
0.345873 68.9148 100.172 556.346
0.358059 83.6744 109.16 584.831
0.348264 34.2115 60.8856 415.996
0.399221 27.6367 60.4145 397.298
0.298882 114.737 142.753 679.77
0.319833 51.5198 74.9923 467.257
0.328913 67.9614 91.6677 512.974
0.454955 53.3933 92.8225 500.464
0.332826 250.636 292.6 1189.76
0.32152 42.8927 64.3149 410.25
0.436287 33.6638 69.0995 440.563
0.364019 32.4105 56.9174 376.761
0.440205 74.2105 101.994 548.044
0.345156 26.483 50.7036 334.915
0.294837 35.9026 53.4049 342.421
0.417784 56.2358 94.8898 578.254
0.332673 32.7627 60.907 410.351
0.468363 53.7742 102.188 563.645
0.452625 106.516 141.041 652.606
0.260773 50.8825 75.7254 474.651
0.419824 38.7098 65.1879 396.267
0.409218 116.135 184.658 887.545
0.414651 74.4694 115.734 641.749
0.449491 47.5855 87.7401 505.165
0.429527 110.245 135.967 657.122
0.344816 22.5744 49.0228 344.891
0.304048 53.6834 76.0373 450.759
0.373667 92.2992 120.988 639.42
0.405486 33.7476 65.4596 427.283
0.488629 36.8409 78.6768 476.407
0.329453 23.7759 52.6007 349.591
0.420491 57.917 103.877 623.472
0.324511 17.9551 38.3858 282.198
0.378054 108.734 137.471 687.972
0.328702 68.0563 102.712 554.178
0.363564 50.259 77.2965 454.517
0.385768 91.0884 119.513 631.895
0.425505 66.1626 91.2559 493.131
0.444343 37.893 65.3649 407.902
0.426577 27.9656 62.7104 410.31
0.439138 55.4743 85.7553 482.259
0.323232 90.3671 128.278 706.062
0.40309 32.6881 61.2366 387.497
0.316697 33.4743 57.196 379.342
0.365952 24.5166 57.413 401.272
0.407639 26.4871 50.7526 328.186
0.37233 106.058 132.718 633.646
0.347751 100.077 127.951 662.076
0.271718 98.3121 127.163 628.352
0.357942 57.0135 120.083 714.854
0.342353 27.4116 54.5509 383.666
0.269404 56.4702 89.4052 550.028
0.520944 44.4881 90.6242 528.313
0.471044 86.4205 119.415 643.653
0.307142 101.931 144.474 740.869
0.40395 22.6966 52.7383 361.662
0.431222 171.851 204.245 895.328
0.45782 58.5831 88.5927 480.645
0.436223 207.719 236.79 948.261
0.439107 73.4525 140.809 787.223
0.404961 47.5281 90.928 551.81
0.463549 112.36 170.62 908.756
0.363002 57.5499 84.7851 498.016
0.615573 59.309 117.453 610.553
0.419643 44.6502 76.62 463.926
0.448549 46.8806 90.3226 532.842
0.485319 80.188 126.143 679.761
0.359282 230.255 273.36 1116.41
0.338621 33.4479 74.4901 517.806
0.5524 205.134 320.985 1375.93
0.524799 101.885 155.956 734.189
0.469966 40.4349 80.8264 454.991
0.306389 137.435 182.829 843.297
0.356317 69.8261 97.9033 535.227
0.428967 43.9607 86.9872 502.846
0.314385 19.5717 41.914 300.955
0.1924 165.911 237.963 1084.83
0.404999 241.55 289.678 1158.94
0.379197 47.2148 79.6786 470.143
0.529034 148.611 186.111 871.706
0.459432 86.065 114.494 599.092
0.351902 32.0833 57.8737 381.95
0.331099 26.6578 54.1965 361.447
0.359033 41.622 73.7641 451.357
0.358311 37.2721 73.9009 467.868
0.452437 62.0006 102.438 556.84
0.378908 170.306 228.388 1163.55
0.493507 38.3277 83.9972 490.81
0.521458 90.5763 132.175 662.214
0.387968 39.4848 69.4157 426.615
0.432406 42.1663 78.9233 468.246
0.430942 43.343 75.3314 459.467
0.56597 165.556 240.969 1070.75
0.349226 75.3418 99.7276 538.368
0.389491 34.9228 73.94 471.816
0.53314 58.3888 112.176 607.428
0.412475 117.347 148.284 739.813
0.535583 224.969 282.307 1254.27
0.41276 124.341 153.987 715.502
0.361416 25.1158 51.1787 340.571
0.340575 31.9364 56.7049 380.848
0.458822 36.0406 71.1815 426.636
0.393057 88.0857 116.538 592.277
0.426043 123.054 177.17 879.962
0.320565 38.4859 64.8588 438.75
0.427303 361.177 414.599 1632.61
0.379056 61.2563 87.0477 504.482
0.458209 82.3697 119.165 611.467
0.552766 116.047 196.304 935.99
0.546261 109.785 193.323 969.944
0.367825 23.5304 50.9674 350.981
0.379376 46.0116 70.9136 423.976
0.341556 45.1078 70.6801 443.127
0.5384 79.5247 126.757 674.095
0.418949 80.8937 141.488 792.199
0.377057 23.8689 53.0281 348.802
0.434612 43.7429 78.9621 462.792
0.298916 40.3121 69.8115 430.536
0.297533 27.7398 50.9162 336.859
0.429527 45.1071 75.2391 462.583
0.435311 100.15 135.042 713.659
0.408008 37.9209 84.829 526.604
0.300356 25.4432 50.6978 351.669
0.48647 40.9848 80.2114 469.698
0.445615 61.4 94.8859 550.119
0.289495 41.3174 70.9688 467.431
0.511434 51.582 97.2731 550.891
0.294432 219.694 281.877 1279.55
0.424816 32.3523 66.0178 409.552
0.284046 46.8379 68.9916 414.467
0.510728 44.5097 86.748 487.436
0.425556 70.4731 104.805 560.788
0.351872 53.8592 76.6266 444.234
0.332556 50.2322 78.1629 482.665
0.467418 62.1659 95.7785 536.366
0.428747 81.8049 128.504 710.448
0.298955 31.9166 54.2562 357.245
0.448837 73.6288 102.817 551.145
0.386684 246.162 301.91 1385.3
0.47187 51.1485 90.0035 504.862
0.337708 27.434 62.5165 435.728
0.312947 18.7365 42.7854 319.58
0.473684 182.667 224.407 912.331
0.458895 62.3766 98.371 540.962
0.275967 30.0227 64.7175 444.868
0.445499 77.97 104.974 525.168
0.251644 26.3436 49.1915 355.743
0.285306 14.7 35.916 284.332
0.400083 27.9626 58.5934 373.009
0.312624 32.8813 60.7417 392.504
0.359624 27.6863 59.3864 403.691
0.571581 40.6628 90.0611 501.753
0.379469 26.5535 59.8785 394.801
0.319579 21.818 56.2439 394.027
0.268028 18.9582 39.0681 297.708
0.445678 36.1865 72.423 442.45
0.335185 27.6962 60.8688 414.146
0.425432 52.8216 94.3601 537.138
0.503993 58.0847 115.905 635.91
0.500632 98.5976 178.473 927.538
0.478093 69.2573 119.146 658.997
0.306812 39.1334 74.6212 480.76
0.335826 24.3819 49.5291 330.807
0.289236 33.3111 51.9168 343.91
0.258316 17.2109 35.4649 272.776
0.534901 142.335 216.576 985.599
0.430675 55.6388 85.1936 463.595
0.477938 48.4302 94.8513 534.159
0.377749 36.4487 70.2766 449.933
0.365916 26.1853 60.4728 406.906
0.263634 26.7604 50.8824 372.351
0.344648 47.625 85.7701 524.518
0.538197 75.0453 125.07 664.47
0.451095 36.295 67.8439 404.892
0.365405 27.9099 56.139 377.186
0.44326 56.4757 80.7237 466.413
0.481532 82.8559 111.517 572.226
0.409877 22.8994 52.693 355.253
0.373858 88.2218 121.298 647.402
0.595982 232.756 269.243 1081.1
0.39823 24.6832 56.4668 390.253
0.552978 66.3755 130.885 719.53
0.522673 125.001 177.805 836.092
0.246601 26.8578 43.3282 306.326
0.442747 73.9075 109.245 589.507
0.373793 159.755 203.239 948.552
0.32788 34.6195 63.771 392.979
0.457006 50.4412 81.1821 474.252
0.338992 61.4794 95.2601 526.517
0.355285 18.6306 45.9304 330.865
0.524794 102.179 164.42 819.457
0.332095 20.3512 45.7734 324.095
0.433221 44.0123 91.7273 568.861
0.341312 65.9139 92.2365 528.793
0.424185 48.5458 72.8019 410.636
0.552146 76.4779 124.371 667.98
0.391046 36.4831 65.0062 401.078
0.426857 49.2 86.5526 536.114
0.325859 29.676 52.1651 354.283
0.356576 225.435 267.781 1139.28
0.336008 54.5701 83.8223 505.14
0.48894 39.9487 78.8333 473.815
0.387266 31.3829 58.5777 378.483
0.38062 31.6847 52.9015 343.538
0.353715 101.393 136.571 667.469
0.376237 49.5062 75.5546 468.175
0.236005 18.3356 35.456 272.265
0.439019 53.6721 105.23 615.091
0.395348 31.1635 58.386 368.953
0.482354 46.0823 93.7105 527.99
0.26452 36.5582 54.8243 366.984
0.296548 19.721 38.9742 284.275
0.359198 77.4295 105.19 552.265
0.363459 38.6535 64.4643 411.879
0.359169 31.6129 62.5802 427.062
0.435201 47.7303 80.9497 480.106
0.475284 34.5076 73.2406 431.765
0.339807 109.797 157.231 814.854
0.433273 28.6221 62.1249 403.392
0.293077 33.3214 57.5171 392.067
0.310552 26.0732 50.8411 354.88
0.321346 31.3014 53.7619 361.457
0.472179 55.4862 96.4536 538.777
0.349575 183.481 239.189 1122.11
0.601218 81.457 143.264 697.76
0.390814 39.7409 79.7679 493.01
0.309525 58.4662 93.0935 585.477
0.478816 77.579 130.372 698.319
0.472026 79.6508 129.735 704.598
0.542675 54.911 108.159 582.675
0.359304 34.236 61.1881 384.266
0.429906 61.7064 88.923 504.474
0.497986 57.0551 97.0668 517.368
0.367187 40.6863 71.2048 431.366
0.318377 18.1984 42.8057 311.267
0.536098 55.562 103.933 567.746
0.364618 330.739 396.451 1663.09
0.376168 71.1223 108.859 572.446
0.323507 31.4707 67.1321 457.16
0.386539 45.9239 82.907 500.119
0.274062 17.4423 36.4321 283.299
0.518227 95.144 134.437 703.426
0.255873 12.467 32.287 264.477
0.337688 40.2481 74.6669 470.065
0.445845 306.856 359.734 1419.54
0.596362 108.187 153.406 747.472
0.387205 279.528 429.267 2007.73
0.385045 46.4798 75.2281 450.321
0.299289 109.822 146.771 747.732
0.402575 22.236 49.8479 339.338
0.386742 34.6847 64.3712 399.765
0.367446 43.4785 68.6012 426.639
0.273592 23.8334 49.6214 355.176
0.440369 47.3804 88.3243 498.753
0.442096 50.1463 74.8671 431.246
0.392709 34.2949 66.1832 430.934
0.457907 48.5906 87.4024 477.296
0.471565 74.661 108.443 598.962
0.353671 35.2876 54.7577 349.366
0.405545 25.9645 53.8387 351.883
0.426555 70.4421 92.0931 483.693
0.261999 34.1537 65.1051 459.262
0.266589 49.0831 67.3966 401.069
0.437156 176.378 252.818 1152.39
0.354232 47.2144 73.1218 445.609
0.375101 27.9544 50.1127 341.793
0.464639 112.773 152.659 746.221
0.408732 42.3547 71.3384 440.359
0.45918 38.832 80.1828 498.637
0.400634 37.2313 70.7761 426.716
0.342856 111.31 137.88 658.193
0.327272 19.4946 45.9055 332.469
0.458877 51.1134 94.1963 536.291
0.407383 65.6971 107.173 625.353
0.499885 31.0795 67.5245 409.879
0.314962 599.302 755.481 2862.64
0.423439 47.3902 87.5634 544.794
0.456974 44.3821 87.7293 536.034
0.381165 42.6143 71.7841 445.868
0.484745 44.005 89.1576 502.019
0.414353 88.4436 120.412 632.228
0.284063 41.6852 75.1115 482.825
0.413563 65.1793 121.858 693.083
0.468758 100.126 151.436 753.55
0.282339 20.9835 42.3167 311.346
0.288803 32.4788 59.8747 407.041
0.440105 41.2513 81.8758 515.188
0.37269 106.353 155.749 866.612
0.471185 61.1016 94.7666 514.013
0.56593 61.1509 109.801 587.881
0.421129 162.038 201.176 959.16
0.446054 37.8353 73.1876 437.765
0.502588 52.4356 101.076 555.931
0.448851 37.3209 71.5532 443.244
0.409794 68.2937 107.585 567.286
0.321374 19.9618 39.316 287.551
0.442401 109.69 150.841 781.81
0.342067 69.3819 100.537 595.457
0.39868 35.4139 75.0864 487.765
0.39541 40.4194 70.2172 439.547
0.455674 247.266 302.872 1283.82
0.367257 32.9219 58.8463 389.01
0.482917 39.3259 75.3467 452.457
0.546262 36.3488 82.8071 478.148
0.343924 44.0602 64.1764 390.843
0.442947 69.5363 100.323 536.793
0.407844 62.8028 104.294 592.247
0.353745 54.3173 86.5917 532.29
0.499932 49.0099 87.4417 510.932
0.343816 99.3047 139.337 718.229
0.377324 49.5393 76.5624 474.971
0.442322 55.2749 88.0709 520.713
0.328741 80.3422 107.033 552.703
0.480417 61.9372 92.5153 505.864
0.365919 42.2379 71.9934 444.679
0.459755 29.769 62.8156 392.168
0.538221 427.246 478.151 1625.38
0.250309 53.5259 75.367 445.651
0.53707 112.432 158.183 779.439
0.386573 59.0297 79.7985 446.012
0.319834 22.4759 47.7592 333.871
0.344769 184.104 239.121 1135.78
0.353092 29.6133 64.6069 434.65
0.38936 28.1811 63.9835 414.033
0.376605 72.4819 95.9981 508.228
0.294652 19.0681 41.3265 311.764
0.337423 106.301 143.558 716.375
0.256315 32.2526 58.6998 391.14
0.37559 21.1351 46.9707 332.897
0.335598 43.5292 80.4654 494.304
0.380672 39.0883 73.1261 466.694
0.413901 29.6599 56.2674 360.585
0.509629 38.064 82.1851 465.502
0.484296 167.729 201.397 862.223
0.385231 70.2453 92.2252 501.097
0.348513 73.5394 102.804 566.976
0.277339 120.257 154.6 729.579
0.523053 77.3662 122.889 614.825
0.523618 84.9367 134.223 670.795
0.515032 40.2685 86.6166 510.54
0.464019 49.9112 81.1134 451.993
0.413903 130.413 155.964 695.111
0.35551 35.649 59.4159 398.247
0.33689 66.9062 94.0605 509.084
0.279874 28.5903 49.4674 326.184
0.365651 35.5835 58.3044 377.831
0.383383 44.9306 77.0748 474.363
0.453933 105.522 141.872 709.95
0.411724 74.7752 111.645 563.11
0.503828 71.795 102.644 552.266
0.443407 27.999 57.9697 377.212
0.365363 70.8514 110.997 654.944
0.333632 84.4825 110.75 547.857
0.336266 21.8714 47.4853 332.789
0.372944 46.5225 78.6428 499.598
0.467698 854.481 1007.2 3396.05
0.319809 30.0538 59.7107 399.578
0.346985 17.3047 38.3273 282.382
0.59663 111.349 157.116 759.031
0.456698 41.4178 74.1876 429.553
0.375798 60.0206 98.4885 544.971
0.44887 84.0608 128.387 679.773
0.410737 38.4225 68.8935 421.516
0.4223 30.042 61.1057 380.824
0.457888 56.99 103.087 592.646
0.444872 34.4381 70.9557 446.83
0.406753 60.9284 92.553 547.608
0.357036 72.6553 96.7866 529.127
0.433396 45.0444 71.4184 434.555
0.392388 164.857 209.536 1025.68
0.392538 44.3058 78.2051 457.709
0.34178 36.7453 74.3824 474.661
0.318749 31.2285 58.2216 385.78
0.348395 29.2694 59.1011 397.302
0.408638 32.0832 65.51 416.882
0.530485 98.7372 141.512 700.537
0.458569 125.836 155.545 738.455
0.309234 30.3147 53.6342 355.987
0.394774 28.9768 67.7416 436.253
0.391086 40.0492 76.1045 487.025
0.328153 54.1521 76.1875 443.95
0.400648 33.7049 64.5347 396.724
0.368372 55.9684 85.1294 513.539
0.447335 123.973 154.603 740.384
0.45018 146.928 182.792 885.244
0.324138 274.14 320.628 1289.32
0.412759 33.8173 66.6991 417.886
0.364752 61.8991 87.2294 490.723
0.38328 31.6467 68.3182 424.763
0.377918 144.759 200.257 960.036
0.360088 81.6115 102.816 540.976
0.37605 53.2192 92.7849 570.796
0.458941 140.653 195.846 952.026
0.278053 18.5018 41.0312 304.424
0.284642 22.8748 47.3458 338.472
0.26993 16.2313 37.4116 286.681
0.353512 73.2944 103.724 575.786
0.429164 64.8522 108.639 617.058
0.58095 48.1285 91.6575 490.442
0.300435 28.0169 45.0519 314.818
0.578357 62.4586 99.6636 539.097
0.476663 66.6402 117.313 638.706
0.349223 33.2321 68.6723 456.054
0.338722 78.1769 114.323 659.241
0.390798 50.1602 77.3247 463.534
0.361061 36.5405 66.9116 443.779
0.392741 69.9118 116.393 697.82
0.411161 73.0194 124.425 662.603
0.492276 77.425 136.034 703.02
0.543795 85.7582 134.568 680.281
0.374976 85.8483 110.957 597.072
0.429542 57.8764 107.632 641.489
0.565383 53.9243 116.882 638.552
0.350463 28.0938 59.5815 396.749
0.500961 255.912 319.739 1333.69
0.504356 140.419 172.58 779.319
0.387219 44.967 82.9167 501.531
0.419565 43.3394 78.1568 454.051
0.4105 34.2037 58.9903 374.567
0.397958 44.7539 84.0713 504.606
0.518625 299.464 348.752 1383.12
0.401959 56.9262 92.3645 516.339
0.414921 40.1146 68.7314 413.266
0.359105 39.9184 80.3433 507.554
0.303034 35.5151 55.0768 362.277
0.432225 36.7943 70.154 432.011
0.344055 76.799 127.812 761.056
0.393198 56.3699 103.555 609.856
0.3988 81.1317 131.33 711.042
0.387574 46.0338 79.5351 484.662
0.412675 44.3221 74.2341 442.832
0.350738 48.4777 85.5303 559.789
0.3777 26.7816 55.7787 373.632
0.397576 51.1617 89.995 539.089
0.39888 71.7151 117.602 676.218
0.389481 42.0724 63.8583 396.04
0.360289 55.8574 86.4221 485.921
0.486134 41.6693 74.2284 431.486
0.542258 86.2827 155.793 782.719
0.462456 76.3869 101.386 533.241
0.498316 73.3911 113.868 589.466
0.430176 63.5618 112.505 619.048
0.441114 114.474 139.572 655.448
0.409037 53.8764 79.4342 458.142
0.378052 56.6006 106.287 612.689
0.431831 83.7536 121.666 603.059
0.303466 51.0175 80.2425 520.305
0.392823 26.2152 58.3584 373.269
0.418204 27.0486 59.9548 391.305
0.344619 25.2732 50.5231 349.249
0.345605 26.1417 53.4927 361.005
0.427136 39.4006 73.2221 446.717
0.275196 38.191 60.4941 400.549
0.304717 131.899 162.269 737.692
0.381364 289.049 333.565 1274.99
0.347215 52.1709 74.7045 445.128
0.412116 65.4662 91.6075 505.608
0.345015 303.055 371.925 1447.76
0.468323 106.314 154.326 823.999
0.608146 102.286 182.682 862.902
0.358143 326.839 410.333 1657.14
0.345312 83.7305 116.33 631.85
0.410775 72.0502 115.151 643.991
0.472857 38.5046 76.675 447.448
0.397565 51.4819 79.9151 469.608
0.401196 58.7978 91.3926 516.013
0.356017 29.8407 58.6945 384.294
0.47827 250.322 333.346 1525.97
0.375934 42.3402 83.94 496.073
0.267508 14.2485 33.6615 266.224
0.309896 29.6006 57.5488 393.618
0.395137 31.2025 58.4343 377.642
0.438151 64.8657 104.751 591.031
0.373694 69.1927 100.015 564.449
0.427858 57.5921 89.1864 504.495
0.517398 85.3411 120.193 606.981
0.320381 63.3287 95.8937 557.024
0.431625 64.1941 91.5294 506.877
0.339176 79.6881 104.29 546.921
0.362312 53.9852 78.2583 435.143
0.309495 39.9931 61.2146 397.668
0.506279 129.044 163.409 772.655
0.402469 52.245 78.2791 466.452
0.471331 103.316 136.735 657.552
0.439444 35.1527 66.2571 402.018
0.450824 38.1987 78.4175 484.414
0.341403 26.5171 52.3669 366.616
0.24424 33.9203 61.4203 435.855
0.335176 112.368 139.243 663.495
0.399223 43.0284 78.5497 481.712
0.285935 23.8213 48.8247 345.51
0.416932 79.5287 104.837 545.041
0.445583 44.8058 83.7227 497.883
0.33471 30.7851 52.5146 350.789
0.446767 154.925 186.505 850.698
0.400725 73.3637 99.7294 524
0.400949 43.8199 64.1639 388.346
0.369437 84.3814 106.599 533.769
0.458828 47.096 85.8139 504.603
0.473804 39.9148 79.1849 453.751
0.349124 43.556 64.654 407.156
0.50413 92.5732 136.95 649.175
0.32648 43.8983 68.1248 414.263
0.486169 42.5505 87.2754 526.83
0.389484 44.6413 77.5835 485.6
0.344204 69.9632 96.5282 544.647
0.505069 73.4172 102.963 549.043
0.370137 61.3601 109.895 632.78
0.468641 49.931 83.468 489.298
0.328787 59.3252 107.458 639.607
0.397 30.4589 58.727 388.188
0.383354 58.9519 107.278 634.62
0.499309 104.295 136.988 663.097
0.412288 37.5365 74.256 485.818
0.447697 29.2205 64.3266 404.053
0.454971 81.172 120.184 650.785
0.342987 54.1812 72.845 414.089
0.472187 71.0813 103.244 556.596
0.362036 82.9603 111.456 620.024
0.426449 54.3689 85.3486 482.708
0.324881 43.57 74.0629 461.562
0.375422 43.2066 67.2872 431.315
0.363844 77.0573 101.088 531.935
0.343774 32.7425 62.3225 402.749
0.384893 109.618 159.629 844.736
0.493377 47.6933 85.8638 498.827
0.529848 35.1376 76.398 439.816
0.285916 19.9608 50.5568 383.851
0.448148 60.311 105.659 583.967
0.644396 366.171 433.475 1673.48
0.525333 59.9287 103.69 549.514
0.323371 168.589 225.467 1083.34
0.366515 55.1238 86.8282 505.367
0.460252 112.948 152.083 767.376
0.339914 20.1423 46.7853 329.395
0.388148 66.985 110.35 630.19
0.399976 34.6098 61.7963 378.249
0.436515 56.7034 84.3391 475.679
0.326654 47.6246 73.2688 454.948
0.263408 22.3999 44.9045 337.634
0.417618 86.4296 120.996 660.286
0.386576 21.5439 49.1623 336.761
0.330667 31.7499 62.2319 422.145
0.538257 41.0723 77.29 435.597
0.484956 45.3427 79.8438 446.648
0.46968 44.5811 101.182 614.436
0.648114 63.6507 129.782 648.882
0.519753 33.5198 72.7405 431.083
0.536212 95.9842 146.881 749.773
0.348976 19.6778 45.8333 325.109
0.465779 42.7602 81.7001 469.754
0.335966 54.6911 81.5765 495.716
0.302273 27.3592 53.1483 360.384
0.337916 128.352 166.857 783.108
0.319012 22.0753 45.1835 317.209
0.321816 29.9827 62.2246 426.654
0.423477 123.526 151.962 714.03
0.368553 46.0306 78.4414 476.782
0.355888 62.9874 91.1748 532.796
0.398396 37.0673 74.0716 454.77
0.561146 79.0901 126.399 614.068
0.439836 37.0561 81.0014 513.51
0.360197 40.3672 67.085 410.505
0.447423 168.929 202.109 903.633
0.380802 41.3089 62.8241 394.763
0.282813 38.5088 60.2121 399.582
0.387053 43.4221 78.1151 444.917
0.472932 31.4704 65.5771 408.105
0.510377 54.5027 112.896 649.239
0.464279 206.956 271.844 1252.9
0.417668 36.3547 72.0462 457.89
0.417385 38.2233 69.5607 418.294
0.282521 46.7889 79.9069 517.897
0.323428 24.1928 50.3724 348.417
0.279493 18.9557 40.6598 306.997
0.348411 32.7565 62.778 408.779
0.321895 15.2486 37.1261 281.977
0.361547 20.0294 44.6464 315.478
0.360957 43.2223 84.9144 541.497
0.252518 22.1249 41.4943 312.126
0.34547 43.0784 67.9494 439.455
0.292775 29.4653 55.0393 390.855
0.413571 34.2432 66.82 439.088
0.493245 109.098 167.247 778.516
0.471211 241.725 280.989 1134.53
0.359261 90.403 136.903 677.455
0.29483 35.9238 69.3502 467.373
0.406995 50.8646 81.9056 478.634
0.36876 62.0689 82.8268 467.704
0.283394 58.8721 98.5313 549.448
0.203183 18.5119 39.1496 290.242
0.354083 235.771 285.752 1168.53
0.388219 78.2801 119.642 683.014
0.362622 60.9119 88.7824 536.224
0.469322 110.232 145.802 734.322
0.417356 41.1562 80.3982 477.975
0.407141 97.3522 127.046 647.838
0.320107 41.0758 61.884 397.422
0.396931 57.229 85.0732 502.262
0.467843 108.692 135.57 644.73
0.425085 21.968 52.5752 348.777
0.464677 263.946 303.059 1202.03
0.376446 40.5757 76.8471 480.647
0.402482 23.4876 54.1732 354.073
0.402998 32.8494 64.2633 403.969
0.373965 76.6245 98.7921 519.989
0.353079 34.8983 69.461 432.826
0.303095 26.2143 50.4576 356.113
0.348103 79.933 120.671 641.311
0.32042 50.7239 76.1328 464.626
0.392557 97.0874 163.955 861.842
0.329177 33.2256 63.0324 416.564
0.270191 18.6364 40.2345 301.239
0.260409 24.2381 53.2231 385.587
0.43052 148.95 195.88 936.928
0.427832 42.2564 76.6713 448.853
0.402786 44.7472 78.6265 497.335
0.422837 129.952 212.897 1089.8
0.300915 31.2105 80.7953 575.344
0.341142 68.2085 101.857 577.567
0.390461 17.0327 44.9004 315.818
0.417546 48.5219 78.489 457.1
0.424572 44.6783 77.3752 451.009
0.405395 31.4459 56.8175 361.451
0.369688 65.0725 104.861 607.241
0.433384 33.5744 63.1472 395.654
0.384051 39.3527 78.1004 452.95
0.504264 51.282 94.266 532.339
0.364957 202.413 246.988 1047.17
0.37293 74.2715 129.25 702.615
0.426238 33.9108 75.8653 474.584
0.377618 32.0755 57.3835 380.193
0.294995 26.4065 49.5075 361.195
0.451727 37.7873 69.4199 411.934
0.356551 33.5574 61.0588 376.592
0.378282 51.4688 84.037 519.132
0.304727 36.9514 55.5741 363.058
0.507788 197.915 257.905 1089.07
0.420922 27.7756 57.0533 369.429
0.348849 249.319 312.164 1244.9
0.407569 43.8917 82.9979 504.599
0.354244 140.057 204.638 1094.61
0.397416 33.9446 70.0872 442.272
0.340965 46.8884 77.4299 445.688
0.465833 61.0977 101.367 565.706
0.388537 42.6973 75.7627 459.495
0.325415 30.6663 57.6263 387.862
0.286001 30.2286 52.8229 342.68
0.366129 52.2391 91.4708 571.804
0.514134 89.7936 128.828 679.73
0.336744 37.3708 62.2196 398.203
0.284321 53.4179 74.5074 438.966
0.343057 54.5422 82.3781 502.444
0.331117 47.5422 81.3624 482.441
0.425242 36.9496 67.745 409.884
0.43577 102.436 154.621 882.18
0.629747 436.053 481.422 1632.26
0.2524 74.4513 131.834 817.103
0.413828 104.053 132.671 646.968
0.326165 42.2202 62.2883 382.799
0.420031 93.0557 127.747 664.596
0.325804 47.1924 96.3167 620.782
0.553682 83.3386 118.489 608.911
0.510547 59.4893 112.221 618.262
0.229234 15.943 36.3384 290.573
0.355942 26.6998 54.589 373.246
0.490663 146.922 177.84 804.248
0.315068 73.3793 115.353 676.286
0.491843 49.8028 84.7958 491.067
0.376108 23.4406 51.5557 344.533
0.438057 54.2886 87.7759 486.632
0.396442 23.2017 50.1308 328.811
0.267812 82.1963 112.725 634.494
0.42581 35.8642 70.4619 435.718
0.509534 49.5478 104.952 599.479
0.468644 80.7045 119.537 648.584
0.420838 50.0865 84.0841 493.517
0.449715 38.8621 71.1365 410.297
0.463938 39.3925 73.9905 432.283
0.429895 68.2544 106.225 569.362
0.560112 53.6198 98.3615 509.992
0.371207 36.2786 59.462 383.616
0.396191 60.1194 89.3803 498.61
0.463037 34.9573 75.7781 477.66
0.581877 571.236 625.578 1979.65
0.429599 106.41 140.627 711.36
0.367649 117.982 213.892 1129.18
0.373959 66.5284 90.7194 499.165
0.325018 22.3446 49.7364 353.122
0.320482 26.1773 47.1695 337.813
0.371063 22.6451 49.3877 343.229
0.353429 24.2685 50.8849 349.327
0.316816 31.8954 66.3922 447.114
0.464127 52.9368 96.9544 555.891
0.318506 24.2701 49.1183 335.089
