0.34946 19.4422 34.8512 255.529
0.292708 12.9741 25.8152 210.19
0.346007 31.8287 43.0558 290.331
0.428502 43.0309 54.8517 338.175
0.355155 20.1991 29.9986 219.72
0.45035 40.6584 51.8772 321.493
0.226244 12.0431 23.7057 198.95
0.436224 28.3208 41.5755 282.925
0.23072 8.37513 16.3541 148.395
0.419671 33.1288 45.7181 308.411
0.512795 27.1615 41.5103 267.324
0.376501 28.6837 38.9339 265.195
0.403746 20.1527 38.6776 283.269
0.378787 15.6365 28.3925 208.895
0.382079 22.7225 42.2345 304.918
0.444746 72.158 84.7907 448.933
0.43391 216.96 243.78 1121.61
0.430158 24.0828 37.9891 264.108
0.312158 25.5838 48.6881 363.862
0.558084 51.7852 82.2147 496.389
0.313525 11.2334 20.589 167.512
0.33144 19.2781 32.4098 234.885
0.448001 48.3587 59.6505 355.946
0.227064 15.7453 23.5534 186.548
0.435819 73.5224 97.9611 527.09
0.417728 45.3201 65.7319 426.586
0.286961 9.30775 18.9532 166.211
0.388087 37.7037 67.7796 458.424
0.313291 9.89182 20.1499 172.808
0.258217 23.8537 34.0789 249.281
0.319225 24.5077 33.8695 241.55
0.482422 22.0692 36.4369 248.284
0.562752 50.0337 80.4167 475.803
0.392403 33.732 53.8148 359.495
0.289961 7.59146 17.3044 155.423
0.368789 65.2788 81.8902 468.628
0.338658 10.0483 19.7076 165.036
0.656386 58.8691 83.25 467.135
0.530837 26.1771 47.1083 293.288
0.373945 29.5848 38.7405 258.88
0.661396 67.1472 100.495 556.151
0.639778 45.0323 78.2401 471.533
0.430976 15.4874 28.3215 206.036
0.536556 20.6193 39.307 262.135
0.554078 52.7004 72.8667 446.195
0.464884 25.1506 38.6982 260.341
0.199693 14.3539 29.6175 240.319
0.482196 31.2826 54.2683 363.745
0.3879 45.5214 70.4089 462.596
0.577462 54.6829 84.7279 492.368
0.433285 13.8618 27.6913 208.8
0.511658 25.1216 41.6278 266.984
0.455471 42.0116 55.7766 327.152
0.390846 17.743 28.2961 214.645
0.2889 15.4881 28.5547 230.362
0.287017 18.2186 32.3652 258.958
0.263414 8.22406 18.3243 166.122
0.175097 10.0425 17.1258 152.362
0.230619 11.1502 23.4069 205.107
0.351352 34.3392 47.9229 328.725
0.383403 23.8602 40.0138 285.555
0.325095 10.4933 21.686 182.184
0.562298 92.2228 111.806 555.846
0.232552 8.31736 18.7116 167.541
0.38838 74.4462 104.965 570.384
0.58974 65.6385 85.1195 470.709
0.493188 24.3783 42.2704 287.293
0.457324 35.9591 49.9666 315.474
0.375321 113.304 129.226 639.094
0.46826 41.1006 56.0504 351.999
0.550682 43.3753 63.7105 387.869
0.285917 12.5775 25.8155 210.076
0.302756 112.218 136.106 714.167
0.254608 12.1424 21.9099 179.862
0.526149 48.9079 70.7866 428.685
0.339652 13.0419 24.5308 202.324
0.388974 14.2336 27.017 215.407
0.278689 17.8423 28.5392 218.571
0.30668 9.47394 20.5632 175.849
0.332753 15.0537 27.1858 221.828
0.454524 66.833 79.9818 445.119
0.415546 16.7643 30.9974 232.961
0.50803 21.7766 40.1975 272.246
0.302342 24.9617 42.4374 312.94
0.375339 60.8375 72.4963 404.528
0.384798 18.5981 33.6918 252.566
0.356067 64.6543 77.5715 439.892
0.54443 53.7216 84.7879 530.223
0.60074 183.608 203.747 919.015
0.345198 21.9771 36.447 264.982
0.39949 689.984 771.749 3211.09
0.408717 15.5007 27.363 203.467
0.318195 21.2751 36.4797 278.627
0.408629 56.636 77.7103 478.26
0.349483 18.1991 29.1203 210.493
0.303198 43.1476 57.567 358.279
0.388695 23.74 36.1396 268.231
0.447622 87.7119 106.438 550.539
0.390926 24.267 36.9208 247.757
0.455585 26.8007 50.3672 340.14
0.420435 25.2472 35.8692 253.611
0.477314 24.7652 37.7796 252.584
0.338756 18.0151 28.9858 219.341
0.310337 40.0688 51.9148 333.212
0.419882 127.152 146.358 741.5
0.510259 33.8644 47.1188 299.193
0.386203 16.9043 30.8797 227.642
0.263017 13.4972 23.4954 194.123
0.290886 9.85491 19.9549 169.36
0.568661 53.0141 80.3797 486.489
0.476009 55.2247 71.5403 405.764
0.428218 19.8953 31.7165 232.077
0.317984 14.6213 25.782 204.411
0.516619 369.035 395.992 1542.83
0.403684 22.6624 39.0622 282.577
0.483961 28.8531 47.0553 298.228
0.411492 74.2435 95.2717 543.661
0.307542 12.2622 21.7414 177.776
0.567575 23.4407 42.3111 273.234
0.37832 21.1568 34.0408 260.798
0.339412 992.235 1232.87 5373.25
0.292402 18.5894 33.242 262.033
0.478466 35.8874 47.528 296.281
0.388053 53.9728 67.1764 403.169
0.241418 6.92374 14.9323 138.629
0.490569 32.453 52.0216 328.115
0.613146 81.9982 98.022 507.734
0.427741 28.4915 40.7223 268.356
0.392066 27.6531 49.0537 347.258
0.627545 54.9574 84.3665 497.352
0.357116 17.8902 29.116 218.207
0.408573 30.611 43.4704 279.607
0.393202 28.0007 44.185 310.983
0.3123 38.4176 51.662 338.398
0.47204 33.4425 48.0958 313.116
0.517549 22.5684 40.0631 273.912
0.415514 18.0055 35.991 261.284
0.419237 25.4982 37.2752 259.999
0.382016 27.4407 42.0665 289.655
0.359441 34.7122 48.5636 311.401
0.213575 11.1135 19.192 163.307
0.229663 7.49145 17.6081 162.264
0.324952 58.6282 69.9379 393.239
0.488011 33.2947 46.2528 297.018
0.343031 26.7775 40.6666 297.16
0.439249 58.6945 70.423 394.235
0.417906 38.3043 62.1402 398.613
0.411545 47.2757 65.2618 435.836
0.586773 34.5868 56.5512 338.105
0.528141 47.4577 60.6783 347.014
0.454405 26.6221 45.0065 312.422
0.429934 21.305 32.8205 236.134
0.41334 25.1379 38.4928 257.249
0.357547 12.6771 23.2962 184.971
0.431303 48.9776 61.1421 371.627
0.395201 29.5749 40.4783 271.089
0.356974 19.9848 35.066 257.612
0.242413 8.24316 17.0562 157.884
0.450769 17.0778 32.085 228.056
0.435928 19.4139 37.433 268.844
0.291153 11.4166 20.9698 176.507
0.498254 49.0847 74.4431 425.952
0.23009 7.00784 14.4519 136.468
0.274322 20.9831 39.2771 299.614
0.470299 15.9853 29.2481 211.667
0.368272 13.0198 23.7856 187.908
0.344148 27.0325 36.2887 252.782
0.625135 55.0716 89.4854 528.656
0.454317 177.505 206.913 956.257
0.532901 143.527 162.691 772.983
0.528272 22.2754 43.9422 301.321
0.434257 16.9891 29.0143 215.159
0.203297 6.95905 14.2151 135.986
0.458217 51.1876 65.3313 395.594
0.298216 95.4526 124.15 682.051
0.223475 12.8402 22.2549 179.346
0.434595 42.1351 55.7257 361.9
0.33692 19.7174 33.0317 252.358
0.494943 29.8945 52.8548 355.77
0.454935 16.1337 30.0001 214.445
0.393705 51.7205 63.0802 368.124
0.238977 13.4371 26.1116 222.98
0.467815 121.116 135.627 649.819
0.273716 7.74308 16.8008 150.582
0.417058 41.5946 55.1418 354.046
0.225827 12.8592 20.319 170.102
0.44689 64.8975 81.7583 482.295
0.4661 34.8672 51.2746 332.314
0.39418 38.2702 48.7939 306.001
0.384117 14.9992 25.1111 193.905
0.247108 7.67705 16.1583 148.729
0.372153 53.5153 64.9469 368.866
0.541227 50.8737 66.4958 380.245
0.536567 138.656 177.069 943.161
0.350004 22.0596 33.971 248.403
0.389502 22.5982 33.6488 241.942
0.30535 62.7132 84.1068 512.019
0.300279 16.3676 27.1356 204.445
0.394613 87.0504 104.542 571.046
0.667251 42.7761 72.1103 423.282
0.353494 22.8275 38.3187 282.971
0.42673 19.1445 30.0208 215.248
0.533772 65.3893 103.77 624.809
0.535996 41.41 62.7164 364.049
0.581598 25.9096 44.376 284.29
0.570629 28.4273 49.7224 316.676
0.373394 83.6482 105.589 603.958
0.401706 18.2882 31.6777 222.515
0.35785 15.1021 27.4707 205.716
0.414087 28.1047 39.904 274.265
0.328512 54.6418 65.9948 386.236
0.468118 16.1662 32.9386 240.269
0.4164 17.8021 31.318 228.515
0.31332 14.213 23.4128 190.498
0.332634 21.3679 39.8806 294.382
0.358677 31.5364 48.717 311.453
0.383998 29.5744 54.7025 382.452
0.209419 8.65439 17.5029 158.629
0.32633 37.777 51.7283 346.649
0.461911 23.4606 38.4968 265.681
0.332628 10.2566 20.9113 172.165
0.330451 13.0493 23.3645 188.562
0.243875 7.68112 16.3363 151.7
0.340515 19.0666 29.6628 227.158
0.453254 53.3402 69.0909 416.484
0.548717 32.1824 46.298 289.679
0.360383 39.2386 49.6411 316.415
0.523273 33.7176 52.8774 326.362
0.35217 14.2986 25.4248 204.359
0.48041 125.734 155.367 865.616
0.353754 24.49 36.3289 258.697
0.405739 18.7884 29.6674 216.15
0.448847 31.8812 46.2685 314.306
0.41881 108.572 124.782 616.416
0.252096 9.27092 18.9466 165.153
0.414086 15.357 33.2719 254.746
0.536482 117.522 144.165 761.821
0.247193 466.145 558.761 2637.15
0.456338 16.2329 29.9911 219.229
0.457943 78.0815 93.4054 497.618
0.302942 40.8229 58.8337 397.276
0.556819 62.2939 84.1586 448.067
0.40108 88.7553 107.811 593.588
0.436552 57.9423 75.8394 474.089
0.276405 39.2921 51.127 333.234
0.570593 58.5228 82.7824 469.323
0.36629 41.3772 58.4412 387.554
0.459321 44.0386 66.6435 442.97
0.347105 26.5019 38.7514 277.023
0.479623 20.5181 33.4798 229.169
0.607266 69.3554 99.3339 513.587
0.221297 7.83352 15.7196 143.537
0.502954 31.8063 57.7171 395.89
0.245597 7.68585 15.8557 145.475
0.409054 13.5579 25.8125 198.592
0.412168 13.9249 26.1648 201.295
0.287158 12.2798 23.8444 196.148
0.352439 17.9397 29.0859 216.225
0.529732 21.1003 38.6075 252.626
0.318424 30.0553 40.3505 270.246
0.510633 173.626 193.451 859.32
0.427677 22.3281 36.2908 263.643
0.434926 67.412 80.6495 446.632
0.478462 20.8627 39.814 277.356
0.263702 10.0879 20.127 174.825
0.406646 33.8999 46.6545 310.507
0.313451 22.3264 31.8032 234.978
0.42302 15.7732 29.9503 222.709
0.458667 23.5356 43.1828 309.436
0.526972 49.9089 83.4322 539.518
0.310347 9.36785 20.0848 173.257
0.557341 58.8025 87.1283 536.781
0.391956 36.0485 51.4099 348.555
0.403611 85.781 102.391 546.478
0.494785 86.4312 100.271 513.317
0.338647 14.0987 24.3751 194.242
0.265703 14.3657 25.089 199.713
0.40793 24.4329 39.5001 275.628
0.367532 14.1163 27.5832 217.552
0.518897 19.5807 39.1788 272.016
0.511772 20.6213 37.4783 253.294
0.39129 15.8005 31.8451 241.932
0.325043 21.5041 31.9027 240.498
0.421284 84.7142 102.795 560.299
0.294343 10.4523 20.2538 172.057
0.325621 17.1333 27.6936 208.469
0.425011 18.8621 33.7447 238.543
0.339844 15.501 30.245 236.779
0.492409 24.7978 40.1841 269.279
0.303626 13.1892 21.8543 180.817
0.301377 9.95764 19.5184 164.552
0.306276 144.423 172.8 889.716
0.447097 59.3428 100.669 666.072
0.379014 53.3772 71.6752 457.335
0.569261 36.1906 53.454 315.272
0.500458 68.0366 89.42 528.33
0.359362 17.2274 26.896 205.506
0.480527 27.1844 39.5182 271.897
0.335894 15.0782 26.6106 204.649
0.525973 27.2366 42.6096 279.217
0.317888 17.8754 28.1731 220.771
0.485883 22.1583 39.6879 280.254
0.300757 16.5761 27.4303 211.119
0.565338 93.597 114.582 626.723
0.316648 12.606 24.7012 200.558
0.441513 50.7806 63.5174 363.561
0.407089 43.0453 53.054 320.653
0.390804 66.0944 83.1354 490.971
0.328057 12.3366 22.6177 183.182
0.301395 17.8287 28.9305 223.466
0.334837 25.509 40.9311 306.34
0.41428 19.5977 31.8838 229.251
0.379602 12.2486 24.6081 194.741
0.26173 9.38247 19.8222 172.16
0.277567 36.5975 49.458 334.108
0.289933 11.8573 21.3387 176.082
0.385362 16.5949 31.5879 235.884
0.504132 50.6914 69.8822 400.064
0.489676 23.2964 42.3713 283.551
0.248634 15.908 27.2605 208.378
0.322643 32.8256 42.3627 280.839
0.512446 23.5057 40.6315 270.088
0.418332 37.2599 53.174 360.894
0.340052 23.7287 32.9506 231.625
0.368939 24.5098 40.9713 295.018
0.383633 69.928 84.0549 469.531
0.485663 18.9164 33.0187 230.817
0.28455 26.5978 36.2607 251.116
0.301844 14.3808 26.1847 204.106
0.369471 38.0707 57.8641 410.503
0.295023 22.8306 33.4094 251.46
0.381071 30.8122 41.0207 273.374
0.428548 35.3905 54.7895 367.929
0.499168 85.47 109.383 573.256
0.231489 9.97298 21.4369 191.851
0.427568 36.2825 47.4649 303.931
0.376045 14.3258 26.9516 210.677
0.429261 60.1679 77.1432 480.08
0.339022 26.0651 36.2482 254.791
0.440281 34.7628 55.3283 386.013
0.372452 17.9868 30.6486 231.149
0.54895 33.9774 50.2273 302.99
0.332859 10.9137 21.7902 182.191
0.407443 18.6471 34.1204 253.97
0.248406 6.65708 15.1915 141.181
0.366721 44.996 57.9362 358.793
0.539368 84.4535 98.4124 504.146
0.31714 15.68 28.7955 227.759
0.466778 26.4526 48.3226 332.022
0.479901 20.0965 37.9559 268.004
0.429147 18.2785 30.2191 222.681
0.363614 13.4946 23.3738 182.635
0.334831 74.5195 93.6664 521.454
0.291109 64.6677 82.5522 491.76
0.428938 26.4517 44.81 296.84
0.190122 4.33067 12.2644 125.703
0.445311 43.9401 58.9171 362.307
0.448228 18.9066 33.4257 240.715
0.217084 16.1562 29.4117 240.517
0.338866 49.3355 66.7018 403.333
0.511229 31.3596 50.4658 343.946
0.448025 33.3948 54.5115 352.587
0.598045 70.3968 90.3049 487.753
0.267727 68.9823 96.7909 578.12
0.322616 13.2721 24.0829 198.796
0.372518 16.7391 26.5428 205.534
0.508871 139.201 155.734 723.342
0.418925 15.8609 28.5296 207.602
0.249832 32.274 43.2752 289.953
0.628672 184.701 202.617 890.337
0.435769 57.4865 88.2879 522.479
0.403224 18.5233 29.3312 220.849
0.417652 29.994 53.572 363.261
0.494289 88.1542 124.055 745.685
0.327255 34.4829 50.4189 349.289
0.543377 54.6279 75.654 451.288
0.574367 37.4428 58.2584 360.22
0.505336 39.3157 62.1474 386.962
0.422921 25.0891 37.4164 262.289
0.453729 35.5629 50.1258 305.497
0.452284 37.2637 52.9436 350.104
0.457709 64.6329 77.7453 429.623
0.353803 174.397 209.168 1027.37
0.380802 28.5663 41.0783 272.331
0.378253 124.031 143.556 708.422
0.542715 144.015 164.924 776.608
0.488113 49.6195 73.2472 413.036
0.477821 22.2648 36.0876 243.373
0.300433 22.358 33.779 250.26
0.345829 115.73 137.803 697.063
0.49304 67.1712 80.9912 436.766
0.33181 27.5118 39.9001 283.658
0.432658 27.3458 44.2333 295.04
0.270164 8.50682 17.6529 156.315
0.203036 12.5504 20.2208 169.826
0.241885 13.0572 21.5868 177.934
0.346359 28.5322 38.9044 272.247
0.370804 15.9304 26.8603 201.256
0.377926 17.4737 31.4756 235.186
0.533815 109.236 123.698 596.687
0.531389 28.8042 44.9113 278.942
0.444288 30.2798 45.9442 315.282
0.361691 15.0593 27.5336 208.215
0.484182 58.471 86.9298 482.717
0.343212 15.6591 28.2033 222.302
0.536427 106.269 126.394 682.158
0.358965 16.6751 30.1711 227.566
0.32733 22.8078 32.2748 232.729
0.466782 25.6895 42.5649 279.534
0.41251 24.6433 36.8495 256.623
0.370603 64.4505 79.8103 445.11
0.540444 66.0415 80.2566 443.563
0.382452 88.006 106.593 578.697
0.334399 15.7594 24.299 189.077
0.363885 25.8191 37.5976 251.748
0.324663 17.4014 29.9756 227.028
0.371884 16.7731 28.1486 214.424
0.429004 32.1513 43.3058 275.71
0.351263 24.1764 35.7741 255.014
0.655318 81.3011 126.232 682.361
0.491268 37.0506 69.493 456.344
0.570767 86.1018 125.329 642.197
0.279447 13.2205 23.6099 191.12
0.428041 18.8445 34.0883 245.855
0.411352 41.4714 59.3209 360.197
0.44266 35.1862 49.8836 312.545
0.592447 36.3314 62.5473 380.144
0.486007 63.9504 85.5693 524.179
0.394026 28.6092 42.8337 279.182
0.30373 14.0963 23.9964 191.939
0.391458 19.8039 32.9761 230.63
0.224638 7.86155 15.8319 145.301
0.352302 33.2231 46.1984 294.059
0.31492 21.8803 35.2498 247.882
0.446189 23.5541 37.8546 251.816
0.448039 15.9188 32.9039 242.966
0.609038 89.8361 110.26 587.509
0.388442 25.3118 40.8825 278.691
0.257229 103.535 139.388 764.615
0.333031 20.7953 33.5894 244.793
0.44261 26.3347 36.5761 247.776
0.492733 26.768 49.3894 344.058
0.395563 41.6155 56.8425 358.934
0.256213 15.1743 25.0772 205.991
0.362888 11.6474 24.2973 194.79
0.441551 23.4324 43.7722 296.179
0.330176 27.808 46.8558 339.371
0.432351 25.295 39.8749 262.181
0.572572 35.4234 55.7649 330.094
0.186858 5.54323 13.9565 136.815
0.381398 19.2172 35.402 245.334
0.387825 18.2612 31.4177 227.336
0.207305 17.0488 24.8316 196.451
0.265325 10.53 20.4545 181.583
0.333826 20.0026 34.5947 272.238
0.459064 22.5695 38.6765 266.982
0.263145 15.3739 24.6803 199.627
0.338197 183.132 228.492 1120.21
0.483705 19.9573 34.1128 231.535
0.578437 26.808 52.3188 337.385
0.406751 22.0285 42.2799 304.36
0.569331 25.8329 46.6716 291.504
0.18313 10.4761 25.5696 229.056
0.348614 16.1474 27.6235 213.986
0.351428 17.9577 28.9783 210.791
0.485899 28.1466 45.497 296.083
0.385229 23.1118 39.434 276.505
0.347255 28.8877 40.7805 278.828
0.455129 39.9328 61.5353 366.072
0.432771 32.6432 51.1355 339.269
0.467936 68.7698 106.363 623.348
0.516757 32.4874 55.8809 368.105
0.463233 50.0998 61.9723 360.5
0.28509 19.1977 30.1714 232.227
0.285487 19.9972 32.6268 239.453
0.245075 10.06 18.8931 164.525
0.372145 29.3017 40.8542 279.952
0.311349 16.2438 26.3533 197.645
0.339456 14.3124 26.2401 210.508
0.482764 96.1283 110.02 549.58
0.350519 12.999 22.2806 177.106
0.378342 26.3215 36.7382 253.747
0.525811 38.1694 60.0999 359.242
0.468019 29.5499 49.1437 334.599
0.338395 15.936 34.1383 265.192
0.471301 67.3667 82.0827 447.911
0.212252 11.7843 20.7787 181.16
0.393749 39.8526 61.0361 379.08
0.288048 9.7946 19.9339 173.44
0.570499 42.6694 66.6435 410.043
0.376644 13.2243 25.6978 198.865
0.372386 20.9901 32.9297 247.014
0.337877 11.3813 21.7599 179.629
0.420766 14.4899 26.7021 201.138
0.596204 70.5751 85.4601 438.306
0.436091 35.5013 48.603 318.982
0.364779 15.0505 25.7519 200.895
0.326777 12.8344 23.7636 187.842
0.480711 27.2467 43.7421 284.479
0.589061 29.3835 53.3137 337.377
0.515439 27.8943 52.6797 362.817
0.631775 46.0723 73.17 418.886
0.34529 24.8951 34.1768 232.949
0.406358 14.107 25.888 202.171
0.357214 23.6972 37.0311 270.283
0.353977 21.9504 31.3871 229.6
0.405825 29.1548 38.5942 258.577
0.382836 43.5915 56.523 361.073
0.243169 10.4677 17.8108 155.677
0.498435 25.4321 39.5472 256.83
0.339587 20.7458 30.9163 224.87
0.395972 11.2576 23.3533 186.63
0.381991 24.3228 35.3299 245.24
0.283106 9.44935 18.3049 162.907
0.339105 16.33 26.0866 199.32
0.484566 17.2007 33.7816 237.824
0.186705 6.04782 13.9448 135.822
0.502642 42.4979 68.9232 426.105
0.453314 28.5889 47.0127 331.469
0.322175 11.3156 21.1961 171.266
0.410009 21.2364 35.6755 246.262
0.248496 18.219 27.5907 214.882
0.392146 33.8196 44.1609 288.212
0.296021 12.3455 21.4689 174.157
0.24468 12.0245 21.4097 183.15
0.446887 24.7603 38.3156 252.995
0.379762 22.1068 31.8481 226.845
0.385977 20.0858 32.5613 243.897
0.322182 18.3689 29.9086 227.912
0.49593 21.1623 40.8624 283.44
0.564492 27.0532 50.3013 319.341
0.297613 20.7203 33.4209 239.058
0.348104 19.9445 30.3287 231.555
0.389845 19.2609 33.0037 246.205
0.352714 19.36 28.8798 213.92
0.309009 27.8575 36.8455 249.887
0.292667 17.3825 27.8667 219.292
0.460467 55.1357 75.9279 430.047
0.324439 15.6708 25.0185 190.488
0.406029 23.3657 43.7293 307.148
0.400911 50.1457 66.0328 404.423
0.347027 17.9572 33.4995 255.845
0.651316 58.0633 96.3298 528.953
0.361546 20.3269 34.3404 253.658
0.345273 35.8154 51.6734 336.362
0.274131 19.4618 29.9947 232.557
0.472968 44.9755 59.2017 348.992
0.462289 60.8903 74.0671 412.716
0.566807 38.9075 58.9075 351.269
0.48922 31.9838 53.17 355.033
0.630345 29.4018 52.4901 320.278
0.409264 19.6349 32.1315 222.04
0.413809 235.976 269.024 1245.67
0.339077 19.6816 31.8696 230.555
0.393962 25.59 42.8062 289.669
0.230606 6.45051 15.7901 148.167
0.431685 14.0146 26.7663 203.937
0.570579 55.2583 76.5764 422.084
0.303277 13.9143 29.539 235.39
0.442277 36.1006 46.4387 290.381
0.396092 23.3489 35.5032 244.361
0.246596 16.6268 26.8975 218.134
0.410883 76.5535 91.5573 501.692
0.422489 36.581 47.6673 293.715
0.429152 59.5162 73.7397 429.534
0.39869 110.102 131.674 686.859
0.443964 26.8251 40.0466 264.244
0.541394 134.086 155.668 757.157
0.385373 27.6254 40.8848 285.211
0.379736 13.6198 25.7775 195.951
0.391791 14.4678 26.4627 201.547
0.398853 40.1826 59.1626 395.851
0.40594 55.346 67.9621 385.101
0.346237 28.9043 48.6476 351.535
0.182027 5.74821 13.5666 133.877
0.366509 45.5703 62.2492 402.583
0.578869 112.506 137.986 672.415
0.269318 8.74962 18.4327 165.399
0.487069 42.3162 57.9868 367.29
0.332829 19.2688 29.8242 229.124
0.374894 33.6037 43.2074 282.902
0.451928 83.6931 111.583 652.198
0.502754 23.4257 37.8204 256.622
0.436739 25.2921 39.8902 279.491
0.443356 23.8005 40.7026 264.197
0.430289 22.7886 33.7921 234.856
0.267474 72.6434 92.7825 532.059
0.310763 12.5731 23.7744 193.739
0.345 17.712 33.5669 266.034
0.544201 41.2265 61.3247 379.214
0.410935 14.222 30.4987 235.106
0.504403 39.426 52.4461 326.17
0.428184 12.631 28.2948 217.178
0.247288 10.307 23.6901 209.357
0.539247 44.6413 70.9244 426.074
0.402412 25.4324 40.002 269.137
0.514353 36.2309 52.5961 330.347
0.311001 28.6035 39.5352 282.196
0.529401 28.0033 46.9326 302.339
0.432324 26.6406 44.1303 294.188
0.367984 10.7975 21.5672 176.492
0.313437 27.3529 40.117 271.962
0.475004 83.4893 98.1738 517.299
0.3177 17.8251 28.9312 211.133
0.373408 14.9247 26.658 208.312
0.428178 14.9942 28.918 213.098
0.374801 13.962 24.4638 188.835
0.335361 18.1572 29.3025 221.843
0.652913 77.6968 98.1548 516.99
0.352653 9.97349 20.4085 169.719
0.499228 29.2371 43.9269 286.968
0.524633 109.33 124.454 590.376
0.508375 35.1721 50.1679 321.769
0.479399 38.2752 50.8464 315.014
0.366448 27.4297 37.8224 258.054
0.375481 48.7277 63.1619 398.282
0.391378 14.8798 27.5018 211.937
0.402158 26.7118 40.4551 270.691
0.357174 38.4226 55.6571 379.054
0.479495 16.0932 31.2779 226.869
0.329388 76.1517 89.7832 489.949
0.303531 11.3481 20.9227 171.319
0.365956 16.3094 26.3045 202.214
0.398261 36.2046 48.5683 320.774
0.340496 11.2085 23.2624 190.446
0.343206 18.6945 31.5865 232.459
0.447357 43.9517 57.6943 359.289
0.302647 10.6664 20.9832 177.187
0.531974 36.0389 54.012 335.864
0.422455 17.1416 29.3074 220.254
0.585165 36.3074 63.4066 402.443
0.377409 17.8834 30.4755 219.465
0.205239 8.7558 18.5762 168.299
0.510685 39.0575 53.67 333.806
0.399967 32.5297 44.3069 298.411
0.466744 50.907 72.2792 454.536
0.31991 15.3134 26.7513 200.816
0.311912 25.6072 37.2682 263.105
0.332444 21.9671 35.9968 252.275
0.313546 16.4715 28.1054 223.409
0.334055 19.0063 38.4573 287.717
0.493697 18.8355 32.7167 225.779
0.358717 51.2169 64.9111 386.699
0.298544 14.8535 23.9521 191.81
0.319194 23.6892 38.1022 262.868
0.241938 70.3702 91.6314 523.927
0.274475 19.6867 32.0598 235.837
0.307144 8.95102 20.4442 178.598
0.349722 17.6802 27.8489 204.881
0.331028 14.778 27.2025 213.406
0.455554 30.4001 40.8336 265.806
0.36755 15.6601 25.9417 195.723
0.433384 38.8256 52.6919 322.675
0.460819 81.1885 94.7472 491.992
0.412869 51.7229 72.227 421.095
0.485074 42.956 64.4486 378.437
0.523502 23.946 41.6241 279.293
0.430043 20.1404 33.1713 242.967
0.485263 73.1612 93.1645 495.35
0.339117 25.9488 35.887 254.222
0.259483 22.642 36.624 256.487
0.424867 16.4447 29.7566 218.739
0.32996 16.3639 27.9566 221.497
0.395287 18.7935 35.4432 265.243
0.431115 653.814 718.485 2918.1
0.410265 68.4121 85.3518 464.466
0.302526 22.3786 39.4493 278.638
0.321007 13.6602 23.6482 191.54
0.49038 113.134 128.041 623.853
0.627004 44.4263 65.6899 376.733
0.57223 22.9307 43.0864 276.777
0.361448 37.3741 49.2905 325.249
0.346789 28.3408 39.4427 272.514
0.483803 67.3989 85.3389 493.476
0.296619 18.3995 28.2075 217.05
0.622505 27.6912 51.5628 321.884
0.348348 12.1839 22.8779 182.507
0.440273 36.1761 53.0887 327.861
0.500933 29.6929 45.0089 294.388
0.46237 26.5401 40.7752 275.469
0.412522 45.4925 57.0679 341.344
0.4388 51.8803 66.2421 379.445
0.368279 55.7922 70.9091 432.209
0.438696 32.7046 44.5445 299.452
0.473144 39.7393 56.9389 361.048
0.344052 109.518 137.567 727.196
0.291658 20.5546 29.2369 217.211
0.371758 13.5473 25.4504 200.8
0.325899 27.3691 42.0312 278.084
0.327978 12.3692 26.3896 211.589
0.399338 24.3209 36.7192 249.231
0.297068 16.1939 25.0149 194.367
0.462734 30.2681 46.7001 321.227
0.522253 46.6132 61.961 356.947
0.474768 22.5962 37.5245 260.525
0.363082 13.3931 24.6745 197.533
0.321092 24.0187 37.5289 258.749
0.409341 22.3904 35.2877 237.82
0.349542 10.9711 21.8825 179.667
0.423525 22.4582 35.8659 250.091
0.241621 11.2382 19.736 165.171
0.247749 7.21406 16.12 150.2
0.500489 47.3632 70.7703 457.579
0.366758 41.2117 60.0102 374.892
0.641883 38.5088 60.0238 344.277
0.511102 33.7505 58.6403 387.464
0.311997 21.855 30.3127 219.562
0.443356 39.1081 53.9428 358.051
0.60566 21.4479 45.1354 290.399
0.450903 47.6809 64.8197 375.33
0.362454 24.9167 39.7338 292.422
0.44337 35.5185 56.7807 375.921
0.201168 23.9353 37.1438 276.106
0.503688 41.2808 57.2122 356.564
0.338334 14.4307 25.6248 201.446
0.425274 29.3171 45.8821 329.611
0.355151 47.43 62.2123 391.796
0.549877 54.5592 67.2512 385.697
0.350163 15.6384 26.5821 197.966
0.464081 40.5296 66.4347 431.13
0.583787 29.9592 51.1925 318.246
0.46426 39.0323 61.8513 426.149
0.3445 15.7638 25.7837 197.675
0.35998 36.7398 47.7716 312.181
0.554424 48.785 68.8826 432.195
0.578418 38.8238 64.4647 414.127
0.316759 12.6062 22.3136 176.589
0.455554 174.327 193.568 863.458
0.458732 61.8819 73.1142 398.374
0.441345 23.8247 38.9129 275.702
0.370755 33.0877 53.5132 367.137
0.456384 23.5351 38.5127 261.054
0.36977 28.1737 38.9753 259.345
0.407778 25.7938 36.6184 249.843
0.461829 28.5883 49.6781 345.303
0.344585 25.2636 35.406 252.264
0.469057 204.373 232.832 1111.93
0.344654 29.3677 44.9068 316.079
0.454151 24.062 36.8117 257.995
0.347122 26.2448 35.7848 249.447
0.344016 26.938 43.8338 302.983
0.353973 30.4102 49.7707 346.932
0.338547 11.2199 23.0323 188.357
0.413797 25.7811 38.9391 273.916
0.417695 65.0814 82.6587 487.479
0.255267 37.9511 53.693 369.808
0.457378 33.1666 56.3249 363.719
0.390418 22.6089 36.7948 265.32
0.440594 35.3636 53.3834 342.472
0.343555 18.0855 35.4808 269.351
0.313112 50.7369 63.1958 369.884
0.355737 17.4691 28.7477 208.433
0.328243 13.5494 23.8547 186.668
0.307986 15.345 25.2646 198.732
0.426037 19.6396 37.5748 271.435
0.390393 26.1391 37.7626 270.197
0.287839 13.5773 21.5767 175.533
0.277405 14.1083 24.2211 200.511
0.454407 22.3331 36.3914 247.427
0.444367 28.6659 48.327 328.196
0.258487 29.6824 44.1516 322.661
0.285059 96.0875 117.213 625.21
0.319642 13.5822 24.142 189.401
0.477264 241.303 267.128 1159.53
0.237055 8.05409 16.9726 156.557
0.519129 28.1163 45.4726 299.281
0.370059 23.3581 33.0238 235.095
0.388831 246.788 293.267 1353.91
0.343957 22.5087 36.3015 267.472
0.470988 25.1671 42.3016 281.48
0.604691 66.6724 93.8691 517.389
0.430208 26.3029 39.6147 255.212
0.442861 279.348 325.381 1405.99
0.276494 56.0411 73.0842 450.492
0.412606 40.8931 54.9964 334.179
0.411584 18.3096 33.6721 233.847
0.55487 23.0198 39.4659 261.429
0.464521 20.2038 33.7811 240.078
0.41665 41.8672 80.2261 522.752
0.321575 22.0479 37.5955 270.091
0.397795 20.4694 34.8553 243.84
0.333711 16.0182 27.9404 222.114
0.576262 116.902 138.919 691.02
0.338488 23.9054 35.9259 251.668
0.257439 13.5962 22.9944 193.53
0.213579 8.48822 17.2847 158.739
0.288158 22.0479 36.9077 280.125
0.326163 11.2248 20.9295 172.936
0.434327 24.5952 39.9178 274.077
0.355369 26.9085 36.5082 247.468
0.327764 24.8447 33.0915 228.874
0.432305 34.6609 52.6109 342.642
0.47257 91.6743 106.378 550.912
0.465266 24.8568 39.291 261.961
0.465419 59.2312 92.6978 571.539
0.302517 41.1265 55.1675 372.533
0.425103 17.1507 30.4914 221.579
0.349045 13.9643 24.9896 194.781
0.309773 11.7363 21.6893 178.943
0.401034 43.448 57.8055 341.231
0.354946 51.0933 66.3364 389.756
0.432484 17.2945 29.3851 212.98
0.373923 11.584 23.4172 187.789
0.362692 64.4146 77.6096 436.332
0.436813 31.8964 46.3846 294.91
0.423463 34.7973 47.6265 319.222
0.445635 27.5456 47.52 313.295
0.512501 41.8019 55.8786 355.389
0.230079 7.86836 14.9369 139.13
0.667925 77.3214 108.818 560.445
0.257708 18.047 26.5204 208.069
0.498945 17.9943 38.1568 272.142
0.465716 19.0235 32.9606 238.312
0.422754 20.6718 41.1493 298.312
0.366559 18.0827 30.6167 224.616
0.302118 29.8652 43.0734 304.034
0.510834 54.0329 65.8358 377.773
0.481288 47.4726 73.4259 452.298
0.295709 21.5885 31.2481 237.453
0.627359 44.5627 67.4127 404.385
0.336398 47.8309 81.5268 557.701
0.359 12.5479 23.0885 186.362
0.403363 12.4601 26.7583 208.652
0.431742 43.3488 60.8511 376.262
0.445841 35.0394 52.4636 340.209
0.40035 20.5521 33.0533 230.669
0.483257 31.258 51.5789 349.652
0.554966 25.8542 47.3398 301.623
0.406337 55.7765 75.6033 476.289
0.405914 26.4804 47.0854 331.487
0.274174 36.3246 46.0364 292.172
0.401355 14.4192 26.9738 207.528
0.48731 54.2575 70.017 419.027
0.470248 21.7275 39.2846 273.072
0.406089 47.8939 62.1803 373.949
0.382043 11.6701 23.4962 186.734
0.254291 28.7855 39.3575 276.25
0.333692 10.9051 22.9464 190.754
0.332315 17.7955 26.7672 199.32
0.514891 69.9999 84.0673 443.476
0.325774 23.8555 41.233 300.957
0.348671 11.8115 25.4579 205.493
0.412046 90.8972 113.806 653.909
0.499173 22.1509 37.5197 256.859
0.482158 43.7236 64.1501 401.657
0.408645 16.8651 29.9064 217.062
0.328316 17.4439 27.6002 204.152
0.299068 30.4336 40.4091 271.331
0.557462 250.057 274.027 1172.35
0.622074 70.0612 90.8406 517.779
0.541439 28.6694 52.7661 344.099
0.521726 31.4848 50.0669 310.375
0.703177 51.3423 81.13 453.465
0.566578 22.8053 42.7836 281.498
0.51324 85.2943 124.415 711.559
0.538201 22.392 39.4399 266.053
0.331184 12.1214 24.0173 197.363
0.395051 22.1468 34.3294 235.068
0.418497 47.0722 59.0127 346.975
0.296907 15.4896 29.2655 233
0.279858 21.9247 36.7505 264.541
0.380162 11.2158 22.9902 184.538
0.329864 27.3728 38.6945 278.831
0.250127 12.8685 21.0695 177.583
0.451759 73.5766 86.6124 465.587
0.30325 23.3134 36.6688 268.024
0.352934 13.6293 24.6401 197.415
0.317539 10.8304 20.9088 176.553
0.433654 27.3214 50.3003 349.716
0.279821 40.2212 54.3734 356.646
0.4318 28.2238 45.1248 294.543
0.352327 46.7504 57.914 356.598
0.539671 56.6347 76.3594 434.544
0.447199 28.0392 47.2501 313.384
0.450405 15.1037 29.1557 216.983
0.212957 10.3219 19.0071 164.708
0.511943 34.2678 50.0706 327.73
0.331438 11.9847 23.5586 191.807
0.352394 25.1143 34.509 239.579
0.319301 31.855 42.8736 288.418
0.27304 15.2204 23.1252 182.427
0.58991 61.6185 89.9148 488.208
0.488152 33.5195 52.577 344.157
0.548381 42.3113 60.9558 358.531
0.413491 22.0487 35.5805 252.24
0.517022 42.1488 66.6234 408.722
0.474021 29.5371 47.134 310.397
0.380005 26.6994 41.5104 275.103
0.325258 11.9363 21.2881 172.344
0.271079 35.3085 53.164 364.396
0.269693 9.12126 17.6091 152.776
0.312488 16.572 26.5186 208.141
0.290561 12.6557 21.9664 181.709
0.418128 20.6128 35.5413 254.911
0.310621 16.2916 27.2557 207.544
0.292458 12.7733 25.5772 216.382
0.343041 14.6498 25.1442 197.964
0.378573 33.707 59.5704 422.543
0.34049 21.1837 32.4523 243.855
0.223318 11.678 19.9948 171.063
0.381791 25.9068 37.6977 263.697
0.507725 31.4801 47.1669 307.416
0.275614 57.8016 70.7525 409.7
0.322899 31.7007 43.8698 299.127
0.58488 55.3744 81.9246 486.949
0.355323 11.5609 23.952 197.679
0.459608 22.7473 36.7296 253.931
0.521261 19.7303 38.6431 268.107
0.296907 7.58212 17.1213 153.499
0.543972 206.369 228.537 996.362
0.410545 25.961 38.5161 273.666
0.403176 17.423 33.7758 252.378
0.32178 11.9568 24.427 196.877
0.414356 24.6279 38.7973 267.322
0.436918 14.9969 27.913 203.107
0.276582 12.7408 22.6763 184.847
0.319388 23.6136 33.302 236.566
0.280072 19.1417 29.0074 219.721
0.386199 16.7205 27.187 199.875
0.32417 62.2252 81.2693 496.146
0.322958 21.4038 31.3057 223.022
0.442482 78.6379 90.4992 465.767
0.278502 14.3025 26.0943 214.315
0.314284 13.8796 23.9108 188.775
0.327094 20.3897 30.3871 225.904
0.194906 5.78104 13.3019 130.091
0.23165 11.7067 20.4414 169.681
0.393082 51.7319 70.2544 426.787
0.430535 113.732 134.274 690.502
0.448831 32.3418 53.7423 343.963
0.427394 34.4597 51.5525 345.278
0.393812 19.6623 31.4361 230.901
0.388841 19.0291 31.94 237.13
0.27344 21.5659 44.1742 335.993
0.364118 12.6746 22.1944 177.019
0.366146 56.0951 72.7735 423.13
0.421994 12.5882 25.6233 196.951
0.348658 18.412 38.1397 287.012
0.567636 88.8808 102.187 517.119
0.356658 18.0996 30.7024 227.061
0.429404 22.5649 33.1806 233.196
0.376972 25.781 48.8847 351.694
0.306576 30.4864 43.2656 296.535
0.440896 25.3556 41.905 291.655
0.51004 33.9282 56.0712 364.019
0.293315 20.7162 31.0798 225.863
0.597309 35.3717 59.4132 371.805
0.407235 154.846 183.492 886.305
0.336578 48.376 85.481 506.278
0.338035 28.9652 38.4004 253.385
0.444341 33.1207 56.8334 381.901
0.328615 13.1175 24.2081 191.38
0.294555 13.4828 23.2942 191.049
0.248039 21.2496 34.5113 246.415
0.393099 15.7684 31.05 236.625
0.3301 22.558 34.3443 246.56
0.657259 76.0932 95.5052 518.649
0.391834 30.1711 44.4909 312.385
0.407056 54.1362 85.8962 482.709
0.220243 5.46688 13.4015 131.18
0.289269 21.9649 31.4565 235.416
0.274125 34.5537 43.9626 286.588
0.541357 385.979 411.547 1615.93
0.351538 20.2838 29.9477 221.407
0.481756 40.009 66.1476 437.14
0.533903 57.3828 85.0459 498.829
0.670787 327.618 351.183 1361.85
0.226126 38.6334 57.0376 393.489
0.357345 65.7479 104.805 682.247
0.452095 24.2687 35.5933 248.24
0.258017 29.2501 38.77 259.638
0.573774 43.5543 61.0934 361.762
0.342093 15.6712 30.2329 242.808
0.30374 35.2444 59.865 416.29
0.473195 23.8974 37.0795 255.704
0.500179 17.9031 32.7768 232.275
0.460288 33.4438 54.1849 349.27
0.22127 12.4851 23.215 196.008
0.286665 11.6681 23.8434 200.081
0.417993 21.4502 36.5582 269.017
0.549633 115.95 130.753 632.726
0.349538 57.4281 73.3712 434.534
0.356487 62.8528 77.9111 462.779
0.460376 20.6595 34.6834 233.431
0.397002 22.7799 35.8607 246.264
0.387222 14.6955 28.349 221.799
0.442746 41.0041 53.535 329.627
0.348611 13.6308 24.058 187.76
0.461707 82.34 109.169 614.149
0.288256 58.8608 81.7457 504.388
0.424462 26.776 40.7671 278.817
0.454544 20.7544 38.3709 278.963
0.478711 51.0228 63.7724 381.466
0.553772 30.6805 57.1528 372.26
0.432009 191.07 213.922 1002.09
0.384634 104.157 119.48 599.265
0.391241 19.5837 31.655 224.912
0.429009 21.8604 33.5236 231.548
0.352279 24.1034 36.053 253.072
0.591752 38.9768 61.987 355.747
