0.38424 10.9734 12.7895 111.989
0.225331 2.35453 3.86729 44.3642
0.34692 3.92443 5.37172 55.6043
0.238096 4.01474 5.48236 57.0259
0.17 2.01778 3.57074 42.1059
0.470803 8.29749 9.78946 87.5671
0.215024 4.30718 5.7874 59.3344
0.219084 2.78794 4.26107 47.3876
0.466525 4.53973 6.2243 61.056
0.324044 3.4583 4.917 52.2016
0.605297 6.81236 9.03786 80.0965
0.246015 3.06285 4.52196 49.4831
0.356944 5.33936 6.79093 66.4538
0.435652 4.19576 5.81148 58.1661
0.29412 7.9952 9.68531 89.1177
0.253653 5.03331 6.5378 65.1983
0.395672 8.52458 10.118 91.7255
0.406249 6.37173 7.83227 73.8807
0.411035 3.76532 5.38064 55.1847
0.132279 2.06759 3.61367 42.4797
0.210045 2.15536 3.69571 42.9417
0.25516 2.38021 3.91703 44.5732
0.475164 4.43372 6.20183 60.6523
0.549203 8.11168 9.70202 85.5192
0.36543 3.67118 5.16472 53.816
0.670429 11.2079 13.2905 109.39
0.331283 3.57711 5.03331 52.9922
0.301906 4.24171 5.68721 58.3006
0.356799 3.33432 4.86488 51.5421
0.396175 9.25146 10.8983 97.4474
0.126621 1.91429 3.48678 41.4048
0.418864 4.36425 5.88964 58.8035
0.311948 4.18429 5.62461 57.8975
0.395074 5.72274 7.16935 68.9534
0.239685 2.48906 3.98949 45.2061
0.575619 9.87219 11.4672 98.4037
0.357166 3.91915 5.37555 55.5502
0.488049 7.22541 8.71455 79.283
0.643905 15.6328 17.3116 136.447
0.200369 2.04265 3.60242 42.2515
0.697086 15.4209 17.3758 136.734
0.480694 6.23196 7.74324 72.2643
0.344543 16.0313 18.4336 155.51
0.163411 2.07875 3.62199 42.4458
0.480871 4.55693 6.32448 61.5546
0.601199 27.376 29.5068 223.923
0.42597 3.85481 5.51498 55.9485
0.126428 1.62602 3.27072 39.7671
0.382891 3.94445 5.43815 55.7661
0.755781 13.5197 16.817 131.991
0.455012 6.41871 7.88514 73.9193
0.552916 5.5935 7.62403 70.3645
0.348116 5.63755 7.10802 69.043
0.549559 6.17609 8.00969 73.1533
0.77141 13.2128 17.2363 135.909
0.685286 11.2895 13.5462 111.272
0.236594 2.60659 4.09185 46.1242
0.355833 3.14835 4.72178 50.3715
0.449202 4.15516 5.84964 58.336
0.409074 8.49831 10.0676 91.1211
0.132204 1.64413 3.2841 39.8511
0.331213 3.71233 5.15979 53.9932
0.186828 1.99754 3.55913 41.9461
0.144241 1.69489 3.32179 40.1352
0.239228 2.29975 3.83468 43.9822
0.144967 1.86232 3.44472 41.1335
0.0386592 1.20034 3.03757 37.9385
0.0957901 1.62563 3.26943 39.7141
0.258523 2.5661 4.06871 45.7622
0.193793 3.21318 4.68028 50.8231
0.332381 3.51234 4.97465 52.6269
0.417295 7.72722 9.23859 84.5527
0.727442 27.1507 29.0179 213.999
0.473085 7.05049 8.52662 78.0224
0.301735 3.42348 4.8717 51.9035
0.330794 4.34881 5.78592 58.9204
0.303185 3.61173 5.05402 53.3304
0.227811 2.71054 4.18697 46.8652
0.546657 7.16477 8.8225 79.1863
0.643601 51.3386 54.416 391.991
0.389741 3.47675 5.0827 52.9317
0.241421 5.31466 6.83612 67.3664
0.192555 2.12363 3.66223 42.7908
0.245911 3.12626 4.5836 50.005
0.877732 38.9992 43.8535 305.638
0.769604 36.2357 38.2399 268.344
0.69578 9.867 12.646 104.208
0.504666 10.4306 11.9739 103.366
0.431863 7.56309 9.05215 82.9443
0.619642 191.116 203.059 1423.06
0.330895 4.22534 5.66211 58.0739
0.634512 7.28281 9.78084 85.0648
0.231617 5.1543 6.66828 66.3791
0.317275 3.36778 4.82808 51.5443
0.578371 17.8285 19.5695 155.007
0.31073 5.40356 6.89314 67.8404
0.399867 3.57139 5.19271 53.6965
0.465289 6.36275 7.84157 73.2084
0.778464 25.6638 27.9531 205.721
0.20554 2.67038 4.15164 46.6891
0.402176 4.74572 6.20481 61.4538
0.442446 14.4214 16.3712 137.212
0.494517 5.35559 7.01184 66.6437
0.491894 6.29394 7.82882 72.7115
0.332887 4.06116 5.49835 56.6299
0.557144 6.38451 8.23035 74.9254
0.246339 2.31692 3.85699 44.1293
0.147229 1.88413 3.46182 41.2676
0.315506 4.34046 5.78246 59.0582
0.269289 4.96424 6.45788 64.4413
0.550674 5.70337 7.67378 70.8527
0.416552 3.97377 5.56098 56.3997
0.655754 8.55779 10.9757 92.9733
0.499541 4.93635 6.7187 64.3862
0.166539 1.79708 3.40218 40.728
0.591563 10.4278 12.0519 101.202
0.194155 2.77537 4.25372 47.5252
0.214216 2.48959 3.98297 45.3005
0.367566 3.39389 4.94225 52.0789
0.0961945 1.42655 3.14401 38.755
0.491898 6.4126 7.93914 73.922
0.536004 11.8238 13.391 113.317
0.528298 5.19286 7.12378 66.9569
0.798487 26.3041 28.9086 208.719
0.315885 3.95235 5.39017 55.921
0.461849 13.6915 15.5185 130.882
0.427465 10.9249 12.6337 110.198
0.455835 5.96137 7.43965 70.3722
0.366322 4.67891 6.11644 61.2878
0.434379 6.44174 7.89819 74.4323
0.216268 3.70593 5.17216 54.6407
0.267287 7.37809 9.0309 84.192
0.694305 10.1874 12.8387 105.979
0.410381 13.4331 15.401 131.237
0.344278 3.899 5.34564 55.436
0.264957 3.0227 4.48238 49.0173
0.567387 12.1101 13.6791 113.523
0.661443 20.4547 22.1836 169.208
0.582732 44.005 47.294 350.995
0.182396 1.9061 3.48909 41.4423
0.169032 2.22863 3.75072 43.5633
0.316144 3.90561 5.34397 55.5247
0.589659 6.58 8.68628 77.7194
0.511332 4.94931 6.81698 64.8657
0.420174 3.82448 5.4652 55.5593
0.258003 2.56283 4.0653 45.7669
0.319107 3.25626 4.72901 50.6297
0.187864 2.03559 3.58926 42.2359
0.327857 10.1719 12.0199 107.066
0.141005 2.18259 3.71244 43.1666
0.367878 5.22799 6.67096 65.7274
0.626352 11.1146 12.8545 106.439
0.589593 16.7065 18.3837 146.098
0.346767 4.72576 6.16496 61.8588
0.207095 2.07698 3.6332 42.5022
0.363842 7.5885 9.16424 84.5895
0.664274 9.09255 11.4983 96.4069
0.364487 3.52801 5.0412 52.7839
0.227934 2.17928 3.73094 43.1747
0.50356 4.98667 6.78263 64.7366
0.292704 2.65999 4.19336 46.6631
0.178195 2.49934 3.99533 45.4971
0.662618 18.8898 20.6054 158.773
0.500968 4.79215 6.62972 63.6839
0.180272 1.92554 3.50179 41.519
0.796939 14.6299 19.452 150.136
0.288381 3.38037 4.82762 51.7408
0.176036 1.96458 3.52944 41.7674
0.137598 1.63789 3.28158 39.8497
0.501656 7.55158 9.05298 81.7206
0.310753 4.32404 5.76766 58.8272
0.396052 3.84932 5.39067 55.378
0.290662 2.70312 4.22231 46.8332
0.419707 5.22492 6.68372 65.0408
0.145053 1.81823 3.41077 40.8619
0.221049 2.2839 3.80625 43.8546
0.326697 3.2144 4.70278 50.5135
0.66801 8.33094 11.0553 93.7031
0.166828 1.8237 3.42114 40.9184
0.377742 3.55318 5.09738 53.1233
0.0496469 1.31991 3.08706 38.3365
0.394949 3.5856 5.18234 53.7215
0.303703 3.03748 4.51868 49.1164
0.433631 5.49542 6.96094 67.0172
0.424096 5.55597 7.01021 67.4834
0.280977 2.54851 4.08696 45.8819
0.361074 3.97468 5.43154 55.9619
0.367718 4.09911 5.55514 56.781
0.400319 3.57679 5.19861 53.8394
0.106016 1.50266 3.18904 39.092
0.863747 25.7868 32.088 233.78
0.540213 10.9303 12.4731 106.305
0.756359 121.438 125.588 833.374
0.586134 6.64747 8.69416 77.6402
0.31858 2.82944 4.37916 47.8952
0.428167 4.00558 5.63447 56.8602
0.582836 6.14117 8.31528 75.2772
0.494904 11.1555 12.7412 109.25
0.665467 10.724 12.8193 105.484
0.492832 9.63901 11.1625 97.6406
0.460402 14.7752 16.6924 139.341
0.170029 1.84801 3.43988 41.0205
0.401421 4.7936 6.24983 62.1123
0.518061 5.41507 7.19901 67.7529
0.332987 2.95747 4.51242 48.9592
0.391345 5.89801 7.35037 70.5075
0.43448 7.88041 9.38131 85.1914
0.364853 17.986 20.5451 171.129
0.73234 10.8343 14.275 115.683
0.722745 14.801 17.1026 133.61
0.55686 5.97699 7.92327 72.826
0.487932 6.65811 8.16304 75.3239
0.533791 6.60573 8.26695 75.7539
0.504249 5.90024 7.51731 70.3706
0.312339 7.05774 8.65805 81.3268
0.836392 66.0269 68.3162 454.027
0.218295 2.18587 3.72555 43.1854
0.633881 7.34588 9.8082 85.2813
0.181771 2.79467 4.27393 47.572
0.185887 2.15287 3.68521 42.9236
0.608492 8.44146 10.3254 88.8552
0.295653 2.8479 4.34736 47.8239
0.416196 3.75057 5.3937 55.1732
0.543634 5.55111 7.50359 69.5253
0.0447886 1.20318 3.03851 37.949
0.663576 17.9645 19.6807 152.057
0.389901 3.49389 5.09563 53.0087
0.398876 4.30187 5.78803 58.533
0.536318 5.38376 7.32324 68.3915
0.211475 2.61598 4.09973 46.236
0.331987 6.18332 7.7009 73.9475
0.609272 10.5991 12.2848 102.44
0.256536 2.64118 4.13096 46.328
0.179907 1.95192 3.5212 41.7112
0.28101 2.57841 4.10919 46.0097
0.124166 1.63269 3.27479 39.8009
0.687291 18.9285 20.7073 159.613
0.440626 7.00846 8.475 78.6647
0.428401 4.11012 5.71433 57.4634
0.298452 3.6192 5.06206 53.4994
0.282655 3.50081 4.94595 52.5511
0.0756665 1.39991 3.12817 38.6571
0.22812 4.32452 5.80423 59.5506
0.206254 3.55303 5.01892 53.4547
0.486997 4.65006 6.4305 62.2838
0.397339 4.10058 5.60614 56.9825
0.275591 4.00906 5.46116 56.8172
0.342034 3.40353 4.89049 51.8809
0.455682 4.33481 6.01404 59.4985
0.358927 3.50668 5.01112 52.6543
0.601703 6.9338 9.07399 80.2744
0.578314 10.7873 12.3676 103.764
0.190462 3.33528 4.802 51.8358
0.188074 2.39487 3.89807 44.7061
0.303582 2.7493 4.28337 47.239
0.41008 3.969 5.53311 56.2091
0.404856 3.68213 5.29367 54.5106
0.151181 1.90262 3.47673 41.359
0.448787 4.33925 5.98184 59.2667
0.637922 9.12681 11.1757 95.2072
0.654306 8.72067 11.0682 94.0513
0.377619 4.0732 5.54384 56.6794
0.594727 6.75237 8.86461 78.9493
0.303705 3.47389 4.92039 52.3807
0.276089 4.49709 5.96548 60.6729
0.138212 1.80026 3.39665 40.7593
0.428878 7.76682 9.2677 84.5245
0.204586 2.45418 3.95092 45.0358
0.296056 2.89568 4.38771 48.2384
0.639071 9.42037 11.4318 96.3076
0.428954 7.74614 9.24599 84.5406
0.689751 22.1724 23.9478 179.738
0.150494 1.84874 3.43423 40.9864
0.405981 3.78176 5.37194 55.0294
0.462415 87.7769 96.7938 727.228
0.779706 18.7301 21.6634 164.623
0.484328 12.913 14.6218 123.81
0.382248 3.51351 5.08132 52.9662
0.543172 6.10297 7.90503 72.594
0.340406 5.03299 6.48269 64.3786
0.645721 15.3749 17.0611 135.76
0.779554 13.4845 17.8079 139.099
0.661373 11.5078 13.4631 109.899
0.125919 1.82217 3.41365 40.8898
0.195168 2.36435 3.87 44.373
0.452909 6.98263 8.44866 78.2817
0.481725 6.137 7.65649 71.6193
0.0730663 1.31498 3.08513 38.2951
0.523301 5.56139 7.34561 68.787
0.594745 8.48723 10.2642 89.3106
0.393794 4.49108 5.9535 59.8806
0.619808 7.70193 9.84818 85.522
0.510007 8.4986 10.0013 88.3979
0.422029 10.0114 11.6631 102.778
0.474873 4.55486 6.28392 61.4026
0.561724 19.8664 21.7589 172.808
0.483249 5.69971 7.26059 68.4791
0.275862 3.21587 4.66842 50.5927
0.184113 1.90469 3.48934 41.389
0.490052 8.98894 10.4937 92.6817
0.235828 2.30256 3.8332 44.0608
0.373897 3.40208 4.96881 52.1114
0.44361 4.84794 6.38151 62.5061
0.395627 4.14583 5.64205 57.1832
0.178419 2.91997 4.39486 48.6455
0.643148 11.8474 13.6375 111.515
0.307576 2.86103 4.37779 48.0823
0.444672 4.22127 5.87311 58.4557
0.542319 8.78866 10.3331 90.6451
0.485578 6.55675 8.06174 74.3436
0.391063 5.44782 6.89044 67.1996
0.263607 6.6391 8.23904 78.2857
0.667087 31.9599 33.9899 251.221
0.288438 2.60905 4.14644 46.33
0.534959 5.60771 7.46782 69.4032
0.237237 2.96026 4.42381 48.6546
0.552329 5.99455 7.89477 72.589
0.266659 3.64772 5.09686 53.9438
0.307468 4.47547 5.92574 60.1515
0.279412 2.87688 4.35413 47.9354
0.532027 7.72568 9.2849 83.2045
0.335644 5.50574 6.98003 68.0512
0.288152 5.93473 7.47451 72.1703
0.2882 4.42424 5.88284 59.8995
0.197516 1.98693 3.55905 41.9632
0.350938 3.14646 4.70421 50.3435
0.32656 3.1471 4.64595 50.0061
0.317547 2.82096 4.37027 47.9363
0.307675 3.25267 4.7152 50.737
0.45418 7.00998 8.47628 78.0345
0.169762 2.52158 4.01691 45.6799
0.315512 5.12896 6.6001 65.5087
0.641132 7.53377 10.0492 87.0085
0.284321 2.57773 4.11505 46.0081
0.18135 1.88083 3.47026 41.2497
0.306925 2.75739 4.29742 47.3439
0.344632 6.91465 8.46787 79.6595
0.116265 1.599 3.25126 39.6192
0.593256 10.4242 12.0549 101.967
0.281515 4.3968 5.85791 59.8081
0.649497 13.3572 15.1045 122.174
0.252247 6.51645 8.10967 77.1698
0.283469 3.24592 4.6976 50.5917
0.555378 7.25305 8.94483 79.8014
0.648193 8.07876 10.5204 89.8696
0.293246 2.67183 4.2054 46.7472
0.291798 3.00686 4.47982 48.9365
0.322342 2.85815 4.41037 48.1551
0.145351 1.72338 3.34151 40.2794
0.571076 6.06281 8.12623 73.8272
0.389582 3.46681 5.07505 52.8779
0.358799 3.37754 4.90467 51.7689
0.263589 3.5725 5.02218 53.2363
0.293479 2.67101 4.20304 46.6964
0.511066 6.31104 7.90707 73.0128
0.3628 3.60319 5.1011 53.395
0.175898 1.86633 3.45641 41.1558
0.228802 2.17403 3.72799 43.2294
0.212452 3.5866 5.05188 53.7984
0.425246 7.22835 8.70873 80.346
0.18069 2.25543 3.77368 43.7044
0.61132 13.9196 15.5418 125.687
0.238178 2.46024 3.96361 45.0928
0.117774 1.68215 3.30896 40.0143
0.285188 4.32531 5.78193 59.2912
0.426416 5.34487 6.80697 65.9325
0.426677 7.29835 8.78097 81.0679
0.363738 4.40834 5.84831 59.2706
0.528658 5.48062 7.32529 68.393
0.335618 12.1551 14.1817 123.179
0.10829 1.84267 3.43017 41.0343
0.360883 5.09252 6.53481 64.4889
0.252112 4.13104 5.59818 58.0181
0.612372 27.9306 30.0341 226.295
0.412849 4.64862 6.13006 60.8703
0.495051 4.70666 6.52661 62.9472
0.761853 18.8631 21.3706 160.802
0.249075 2.37277 3.90255 44.4866
0.681522 14.2866 16.1852 127.614
0.45249 4.68069 6.2692 61.3942
0.314701 13.2586 15.4191 132.392
0.205256 2.90062 4.37233 48.4065
0.31395 4.00921 5.44706 56.5575
0.232861 2.2415 3.78304 43.6511
0.256256 2.54547 4.04957 45.6905
0.278169 2.79766 4.28403 47.5067
0.418791 4.15388 5.71277 57.73
0.559858 7.18766 8.91339 79.8788
0.343828 3.87429 5.3223 55.1954
0.360566 3.38011 4.91095 51.8436
0.582281 8.53615 10.2356 88.6292
0.41839 3.85866 5.48151 55.6927
0.162277 2.13193 3.66701 42.7975
0.402447 6.95595 8.44332 78.5909
0.243923 5.49844 7.02973 69.0337
0.511991 5.19705 6.99468 66.145
0.563057 6.22077 8.15657 74.1275
0.800697 36.017 38.2475 267.261
0.139658 1.80882 3.40322 40.7526
0.362774 3.27479 4.83675 51.1712
0.509578 4.92336 6.78467 64.8128
0.565558 11.8442 13.4083 112.295
0.582653 10.1859 11.7919 100.493
0.711367 20.0613 21.9306 167.493
0.141918 1.67043 3.30448 40.0258
0.411768 4.29562 5.81146 58.4254
0.465409 4.42251 6.1322 60.3474
0.581329 6.27125 8.38053 75.4827
0.340861 24.3893 27.7011 225.38
0.589909 8.96108 10.6629 92.0779
0.228209 2.73459 4.20957 47.0639
0.341209 6.34942 7.8678 74.9938
0.437392 4.15818 5.79085 58.0151
0.555733 11.4861 13.0414 109.905
0.182888 2.80426 4.28299 47.6424
0.445963 5.53528 7.0169 67.2728
0.504311 4.8425 6.68931 64.122
0.540698 5.96725 7.78114 71.8207
0.210002 2.78552 4.26048 47.4318
0.306214 7.18606 8.80197 82.3162
0.548955 5.98641 7.86104 72.485
0.248761 3.63979 5.09545 53.9025
0.579008 15.0895 16.7255 135.585
0.33694 3.57356 5.03535 52.9702
0.358803 6.57486 8.08781 76.6588
0.22532 2.35903 3.87079 44.341
0.615766 6.84663 9.20942 81.1445
0.678498 37.1911 39.3576 285.439
0.338643 13.5608 15.7208 134.477
0.226054 4.58311 6.0723 61.6328
0.399743 6.38431 7.84884 74.0947
0.255589 2.8975 4.36359 48.1687
0.464651 10.2201 11.8042 103.332
0.200755 2.02156 3.58688 42.1146
0.566634 16.8486 18.5726 149.047
0.192363 2.72683 4.2074 47.1241
0.309209 3.39111 4.84431 51.7331
0.417607 5.53611 6.98629 67.4789
0.185713 1.90601 3.49138 41.3931
0.330994 4.11041 5.54735 57.1454
0.404047 3.63565 5.25677 54.2352
0.678061 9.00091 11.6884 97.9133
0.230226 3.86864 5.33495 55.9911
0.404292 14.0196 16.0601 136.502
0.438873 3.98976 5.6773 57.0882
0.767067 15.7564 18.8549 146.465
0.819827 44.0899 46.3877 322.095
0.464492 4.46216 6.15561 60.6362
0.481436 19.6341 21.8613 177.036
0.941027 47.6888 72.0121 506.99
0.663768 8.8454 11.3118 95.7886
0.23041 4.98141 6.48745 64.7326
0.330398 5.00197 6.45688 64.1642
0.372703 3.35141 4.9271 51.8459
0.129975 1.68972 3.315 40.0646
0.433294 4.05556 5.6953 57.4174
0.0598399 1.40107 3.12881 38.6177
0.14103 1.66535 3.30079 40.0003
0.173765 1.99844 3.55565 41.9482
0.373955 3.96925 5.44342 55.8858
0.332225 9.11819 10.8654 97.8685
0.382118 3.4881 5.06182 52.8993
0.364692 6.70462 8.21897 77.619
0.472654 7.26969 8.74463 80.0007
0.265703 2.74267 4.22587 47.1029
0.179584 3.08895 4.55927 49.8027
0.632891 137.182 145.331 1020.76
0.572866 6.00541 8.10851 73.6233
0.24689 2.79673 4.26857 47.4751
0.284893 2.5653 4.10737 45.9427
0.646811 9.71709 11.7612 98.5245
0.581954 10.9855 12.5707 106.014
0.597989 10.7944 12.4272 103.866
0.207903 2.05042 3.6146 42.3416
0.322781 5.95351 7.46519 72.1971
0.393428 8.88115 10.5049 94.8026
0.434447 6.28383 7.7393 72.8985
0.661146 7.98666 10.707 91.4296
0.328521 9.00633 10.7474 97.1686
0.504672 9.11072 10.6165 93.0604
0.079759 1.48234 3.17587 39.027
0.321077 4.79327 6.24606 62.7036
0.285047 2.99593 4.46534 48.7792
0.173457 2.29162 3.80637 43.901
0.739486 12.5358 15.6132 124.589
0.693058 16.1989 18.0803 140.284
0.629596 7.48771 9.83017 85.4175
0.295926 2.87267 4.36833 48.0824
0.782737 16.1441 19.6937 151.974
0.30757 6.6711 8.24552 78.0695
0.286652 2.57847 4.12061 46.0588
0.540959 7.71648 9.30411 82.6282
0.264179 3.29698 4.74776 51.1539
0.453336 4.39587 6.04701 59.6541
0.276943 8.57768 10.3235 94.3604
0.532143 7.24459 8.83433 79.282
0.560013 7.91423 9.56122 84.1831
0.774624 42.8585 44.8974 311.067
0.273035 3.6857 5.13296 54.2004
0.534719 15.769 17.5174 142.86
0.574504 7.5259 9.2946 82.038
0.424857 3.91395 5.55135 56.2427
0.520738 5.79732 7.51535 69.8697
0.708108 24.243 26.0618 193.408
0.632979 9.857 11.752 99.3072
0.422648 14.6778 16.7188 140.981
0.19666 2.88449 4.35847 48.2838
0.640765 9.33262 11.3761 95.8936
0.504682 4.84861 6.69647 64.1688
0.422647 20.7905 23.4155 191.329
0.245932 2.67937 4.16024 46.5634
0.283864 2.57259 4.11057 45.9738
0.347624 3.89276 5.34247 55.303
0.19493 2.09945 3.64304 42.6365
0.348382 3.33681 4.8466 51.407
0.27076 2.61402 4.12147 46.1751
0.244267 4.77904 6.27341 63.072
0.577986 6.14734 8.25957 74.7723
0.105196 1.67359 3.30307 40.043
0.226645 2.20305 3.74715 43.3838
0.361169 3.20355 4.77923 50.8554
0.422133 4.4337 5.95879 59.471
0.471219 12.6015 14.3225 121.216
0.325162 5.7099 7.20457 69.9209
0.590995 6.73795 8.81201 78.7054
0.398163 7.81509 9.35643 85.7467
0.593849 6.3742 8.60298 76.9983
0.308026 3.92518 5.36474 55.8831
0.634625 8.87443 10.9322 92.9285
0.269834 3.85307 5.30391 55.5194
0.163926 1.85486 3.44195 41.0242
0.232967 2.41907 3.92564 44.7127
0.498027 7.3481 8.84853 79.9783
0.452173 4.22549 5.91599 58.8247
0.182232 2.75659 4.23732 47.3706
0.646762 8.90078 11.0984 94.505
0.500445 7.73683 9.23411 82.7854
0.138468 1.92665 3.49619 41.5678
0.287278 3.77468 5.21828 54.8447
0.0382529 1.16073 3.02493 37.842
0.621094 7.61451 9.80054 85.6861
0.269835 3.94349 5.39641 56.1849
0.437394 15.4813 17.5408 146.336
0.505234 4.99732 6.80222 64.8461
0.409792 3.80787 5.40693 55.1939
0.205019 3.25875 4.7246 51.1508
0.480787 4.53189 6.30685 61.48
0.437154 5.10624 6.59872 64.0087
0.300033 7.91585 9.59509 88.5548
0.595764 7.5407 9.47116 83.1838
0.812192 15.2845 20.9267 160.334
0.672065 9.34721 11.8133 99.2401
0.489701 5.66033 7.24879 68.6327
0.636296 10.8999 12.7161 105.823
0.239618 3.94552 5.41078 56.3874
0.204991 2.02676 3.59455 42.1868
0.613502 15.2229 16.8559 134.283
0.371445 6.14638 7.62218 72.6465
0.122853 1.93029 3.4999 41.5775
0.400101 3.85776 5.41018 55.3971
0.538304 14.9766 16.6737 135.983
0.147124 1.7878 3.38791 40.6271
0.218659 2.87165 4.34232 48.1247
0.235759 2.44878 3.95284 44.9894
0.550185 5.62969 7.61934 70.5518
0.470066 4.41055 6.15226 60.4759
0.746875 21.7448 23.8348 179.03
0.616852 7.75755 9.85477 85.4117
0.412613 4.31817 5.83339 58.6614
0.174072 2.03619 3.58669 42.2
0.312711 4.89176 6.35372 63.546
0.578819 6.11049 8.24637 74.7016
0.302803 2.78298 4.30773 47.444
0.399083 3.96183 5.49239 56.0962
0.277051 6.04855 7.60295 73.3621
0.182303 2.76439 4.24477 47.4611
0.194597 2.47209 3.96778 45.2353
0.50684 6.9455 8.47882 77.4814
0.399888 3.66013 5.25699 54.1291
0.253901 6.87646 8.4942 80.2579
0.702829 9.80463 12.7755 105.414
0.3124 2.86948 4.39427 48.0657
0.284491 2.90079 4.37963 48.1227
0.500527 9.58659 11.1039 97.0186
0.257129 2.91586 4.38091 48.2452
0.538685 10.2832 11.8163 100.828
0.31901 3.19414 4.67441 50.2893
0.643091 9.81415 11.8058 98.8749
0.347542 13.4408 15.5725 133.84
0.482615 5.96606 7.50011 70.3923
0.462471 6.52876 8.00078 74.3655
0.494617 5.51976 7.14896 67.7173
0.249899 2.47326 3.98365 45.2047
0.287824 3.95581 5.40114 56.2852
0.473583 7.13892 8.61514 79.0988
0.142893 1.94276 3.50921 41.5723
0.384671 3.83144 5.34467 54.9806
0.558543 7.31124 9.01303 80.246
0.357709 4.62338 6.05991 60.7326
0.349223 5.3172 6.77255 66.3842
0.441404 4.32089 5.93319 59.0672
0.491042 4.72231 6.50837 62.8429
0.15813 1.93639 3.50388 41.6068
0.392773 17.6559 20.0911 167.167
0.270091 3.0175 4.47862 49.055
0.572558 8.60621 10.2538 89.1021
0.466254 4.4165 6.13351 60.3823
0.42742 4.39815 5.94417 59.2989
0.265882 5.9709 7.52528 72.9203
0.188402 1.95297 3.52704 41.6783
0.261414 2.86719 4.33612 47.9252
0.400958 8.7128 10.3105 93.1245
0.439988 7.16702 8.63753 79.4856
0.706942 9.53105 12.7275 104.898
0.279256 2.99431 4.46033 48.8616
0.43381 4.46088 6.0178 59.8633
0.186735 2.01622 3.57367 42.0454
0.354245 6.05315 7.53962 72.4204
0.338353 3.53473 5.00134 52.7632
0.828061 42.9526 45.3922 311.308
0.580739 16.9115 18.6098 148.002
0.386838 3.71887 5.2572 54.3301
0.458926 5.72506 7.21969 68.5145
0.497273 8.98032 10.4834 92.2464
0.427327 5.56406 7.02078 67.3468
0.587973 7.49988 9.37077 83.0688
0.322286 2.8967 4.43809 48.3605
0.713464 14.1929 16.4342 129.171
0.512044 4.96588 6.83354 65.1446
0.476047 7.70813 9.18773 83.2406
0.38759 4.16571 5.64421 57.3965
0.362167 3.87005 5.33627 55.0631
0.320089 2.8448 4.39421 48.1001
0.218868 4.43768 5.92224 60.4945
0.550682 6.98745 8.68687 78.0151
0.172737 2.12793 3.66311 42.8114
0.431767 6.69704 8.15875 76.1455
0.269282 2.47597 4.01129 45.2578
0.306696 3.89593 5.33505 55.5169
0.398169 10.5625 12.311 107.938
0.261084 4.90735 6.40218 64.129
0.468416 8.07822 9.56465 86.1856
0.314763 5.84002 7.35236 71.1328
0.232105 2.39949 3.90893 44.6575
0.450349 4.23921 5.91569 58.8897
0.418967 4.90291 6.37682 62.8198
0.648209 17.3775 19.0646 148.465
0.213654 2.41416 3.91525 44.7627
0.24847 5.15379 6.66568 66.1993
0.206269 3.11072 4.57776 49.8976
0.439903 5.45213 6.92819 66.6544
0.367781 3.99728 5.46049 56.0405
0.228223 2.88199 4.34977 48.0952
0.391081 3.53813 5.13211 53.265
0.357639 8.55521 10.2157 93.1133
0.380845 20.7494 23.5489 193.386
0.413724 4.94296 6.40636 63.0031
0.453492 8.4665 9.97587 89.2356
0.303083 4.60056 6.05703 61.2425
0.482696 8.42656 9.91891 88.2899
0.255082 2.72935 4.20815 46.8878
0.7503 18.5944 20.9286 157.967
0.304164 9.27336 11.0651 99.9393
0.512258 5.46773 7.20105 67.7975
0.563926 11.3003 12.8585 108.36
0.537599 7.13311 8.75387 78.8692
0.329124 3.54144 4.99832 52.834
0.454747 5.95628 7.43311 70.1593
0.421954 3.85875 5.49815 55.8644
0.353293 3.92889 5.38106 55.6248
0.770239 20.2005 22.7348 171.456
0.389898 16.7834 19.1403 159.412
0.332413 3.0389 4.57141 49.4276
0.299051 3.38526 4.83428 51.647
0.0309951 1.14484 3.02065 37.7868
0.419973 37.8813 42.2934 331.135
0.374157 3.595 5.1209 53.3787
0.367095 3.50724 5.03088 52.7129
0.16828 2.07054 3.61437 42.4308
0.410406 9.99179 11.6668 102.796
0.58559 11.6948 13.2797 110.87
0.353428 8.56733 10.235 93.2365
0.224785 3.10372 4.56669 49.9406
0.475836 6.61218 8.09855 75.1723
0.646135 369.439 390.243 2696.96
0.773872 19.0203 21.7657 163.687
0.31388 2.85039 4.38298 47.9424
0.201657 2.64013 4.12428 46.4648
0.27211 2.47612 4.01657 45.3582
0.242284 2.6882 4.1672 46.6349
0.288208 3.75703 5.20005 54.6964
0.171218 1.83886 3.43418 41.0233
0.499784 4.92475 6.7119 64.3686
0.311956 2.86374 4.38872 48.1082
0.477965 5.26532 6.8617 65.6705
0.608852 6.76529 9.05593 80.2144
0.72862 11.4348 14.5377 117.392
0.588859 10.9442 12.5458 105.548
0.491567 8.71041 10.2078 90.5218
0.268701 2.44675 3.98899 45.1611
0.168666 1.93124 3.50153 41.5008
0.518142 6.55532 8.15391 74.7656
0.356528 3.38446 4.90433 51.8264
0.119689 1.54333 3.2164 39.31
0.332713 4.90315 6.35283 63.2732
0.470929 11.0299 12.6501 109.029
0.531695 17.4081 19.2613 155.629
0.366953 3.26867 4.84679 51.2532
0.418971 26.7701 30.0209 239.509
0.359344 12.7404 14.779 127.407
0.6059 8.18745 10.0898 87.7722
0.553049 7.35116 9.02003 80.518
0.426002 5.14938 6.61957 64.5154
0.382122 3.5538 5.11178 53.2011
0.36551 4.1842 5.63291 57.5529
0.27026 2.60783 4.11549 46.1321
0.0952072 1.42487 3.14304 38.7751
0.453685 4.2644 5.95194 59.0313
0.633116 7.25809 9.74129 84.7916
0.590818 8.40332 10.1651 87.973
0.508246 5.12643 6.91619 65.7478
0.321268 4.64242 6.09002 61.4195
0.364748 6.36888 7.86293 74.5687
0.836474 22.7361 27.4099 201.517
0.241264 2.33571 3.86476 44.2465
0.383316 3.4023 5.00475 52.3694
0.52747 5.24005 7.14772 67.1063
0.515523 5.66714 7.37911 69.3465
0.173906 1.85044 3.44359 41.0917
0.297094 5.5585 7.06825 69.1422
0.178919 2.67665 4.16167 46.7575
0.546769 9.92084 11.4583 98.0347
0.413742 3.79118 5.41163 55.3283
0.300986 2.69426 4.23701 46.9652
0.185176 2.20777 3.73189 43.3856
0.330222 4.2709 5.7077 58.2227
0.313313 2.96284 4.47018 48.7069
0.414983 22.8668 25.7381 208.732
0.23819 2.23872 3.78769 43.6046
0.495993 5.83096 7.42323 69.4432
0.573361 28.31 30.6516 234.805
0.506197 5.14218 6.9137 65.5714
0.238399 4.31439 5.79153 59.5276
0.368252 4.83126 6.26884 62.4102
0.310549 2.77989 4.32261 47.543
0.517383 19.8959 21.9727 175.376
0.428824 6.48492 7.94174 74.5683
0.720124 15.6264 17.8055 138.228
0.59086 8.65674 10.3919 90.1202
0.354647 4.30504 5.74386 58.3031
0.322725 30.6497 34.6881 276.814
0.281297 3.98211 5.43086 56.5023
0.458662 8.29534 9.79369 87.9307
0.260686 5.08903 6.59332 65.5123
0.30949 3.01968 4.51111 49.0112
0.226853 3.48557 4.94669 52.8863
0.327395 2.90094 4.45524 48.5478
0.316168 3.3168 4.78047 51.0533
0.228854 4.56604 6.05448 61.5147
0.530123 8.03824 9.57918 85.5564
0.327534 3.42147 4.88641 52.0253
0.276532 2.64971 4.1581 46.3892
0.51355 7.32993 8.86087 80.5018
0.32222 3.86573 5.30495 55.1315
0.0816675 1.4778 3.17312 39.0214
0.338016 3.23894 4.74401 50.6719
0.259913 6.48304 8.07306 77.1495
0.404395 5.14633 6.59371 64.5321
0.439312 5.30986 6.79282 65.8868
0.556651 11.3756 12.9298 109.509
0.293201 2.64338 4.18225 46.5715
0.419167 16.3933 18.6059 154.713
0.692741 9.76244 12.5104 103.854
0.0877209 1.52949 3.2053 39.2694
0.34034 4.97526 6.42307 63.9328
0.3753 3.5535 5.09031 53.1325
0.29588 5.79727 7.32268 71.1461
0.113627 1.67152 3.3013 40.0165
0.379432 3.77175 5.28144 54.5307
0.101934 1.73361 3.34703 40.3977
0.436841 4.48888 6.05173 60.0309
0.250976 2.32734 3.87156 44.2111
0.203746 2.96586 4.43616 48.9452
0.253369 3.70671 5.16165 54.5596
0.316217 5.6229 7.12057 69.5707
0.571026 6.25893 8.26049 74.9044
0.370431 4.76989 6.20766 61.8089
0.393673 3.7403 5.29558 54.576
0.349131 13.6051 15.7504 134.58
0.54845 5.75724 7.69061 71.2007
0.318504 3.53866 4.98811 52.8299
0.753041 179.997 186.12 1225.86
0.395168 5.57985 7.02412 67.7796
0.150608 1.70829 3.3336 40.2461
0.509009 20.5135 22.6751 181.375
0.323633 2.89287 4.4389 48.4376
0.728301 13.6949 16.2497 129.113
0.754106 12.3221 15.962 126.571
0.3802 4.16407 5.63085 57.1918
0.544389 9.57812 11.1141 95.6024
0.368582 3.40586 4.95458 52.0687
0.170681 1.82059 3.42125 40.8794
0.730279 11.1274 14.386 116.49
0.358293 3.82645 5.29134 54.9267
0.365321 3.62343 5.12338 53.551
0.220497 2.14817 3.69918 42.9674
0.406358 6.19079 7.64574 72.6649
0.482547 5.21997 6.84374 65.6327
0.146647 2.18283 3.71243 43.2831
0.426862 7.44547 8.93358 82.1929
0.682041 20.735 22.4918 171.927
0.273709 2.49176 4.03112 45.4055
0.41084 3.75292 5.37084 55.0408
0.486829 5.09901 6.76525 64.7223
0.310279 10.0002 11.8521 105.463
0.474553 4.42665 6.19288 60.5901
0.507533 6.76299 8.30904 75.9004
0.429989 3.89163 5.56167 56.3465
0.360709 3.40946 4.93514 52.146
0.292784 2.71553 4.23573 47.0017
0.196266 2.83336 4.30903 47.8055
0.672285 13.3151 15.2067 122.804
0.685086 11.4674 13.6914 111.969
0.277992 3.19207 4.64529 50.2065
0.126663 1.72303 3.33858 40.2881
0.394762 4.05931 5.56427 56.6595
0.529792 8.93129 10.4528 91.6442
0.466403 9.00806 10.5288 93.2756
0.531044 7.45386 9.02571 80.9513
0.410859 9.7357 11.39 101.147
0.343781 3.10319 4.6507 49.8992
0.556728 12.6371 14.2168 117.619
0.339617 3.4084 4.89045 51.8641
0.297965 2.6735 4.21475 46.805
0.60499 10.6876 12.3503 103.096
0.247859 3.68498 5.14164 54.4097
0.16212 1.76961 3.38096 40.5705
0.492743 5.81397 7.39589 69.3584
0.494326 6.41517 7.94777 73.8674
0.333463 3.24647 4.74157 50.6731
0.612404 7.27519 9.44664 82.6379
0.207079 2.80259 4.27747 47.6238
0.606291 16.2605 17.9108 143.581
0.310099 5.47816 6.97268 68.3228
0.577931 6.19806 8.29281 75.0425
0.538732 6.22758 7.97493 73.1579
0.410788 4.24149 5.76191 58.0708
0.388405 24.8958 28.1073 226.403
0.668821 34.7634 36.8885 268.583
0.201764 2.01755 3.58488 42.0967
0.396239 3.63795 5.2258 54.0565
0.522211 8.27133 9.7904 86.6811
0.504761 15.5909 17.4173 143.017
0.379595 3.48679 5.05219 52.8428
0.832086 18.3453 24.2102 181.787
0.697467 13.848 15.9284 125.77
0.632679 9.43968 11.3865 95.8024
0.541055 7.84639 9.42646 84.1519
0.690952 11.0265 13.4177 110.321
0.417085 8.98958 10.5785 94.5302
0.501576 7.67758 9.17693 82.4161
0.686153 10.8264 13.1797 108.569
0.420159 4.0079 5.60114 56.6979
0.633189 7.4252 9.84594 85.544
0.35722 7.52506 9.10564 84.2169
0.213567 2.31449 3.82822 44.0704
0.28266 3.72736 5.17184 54.3691
0.330582 3.69779 5.14587 53.824
0.351215 11.5256 13.4632 117.856
0.573282 6.23957 8.26982 75.1618
0.498249 26.9468 29.689 233.018
0.190531 2.45528 3.95307 45.1371
0.300361 7.74816 9.41367 87.165
0.262696 2.93796 4.4027 48.532
0.0660155 1.31229 3.08358 38.2733
0.400365 5.71521 7.16125 69.014
0.436531 4.02322 5.68745 57.2695
0.287697 4.10128 5.54977 57.4554
0.25929 2.37991 3.92345 44.601
0.293458 3.60083 5.04347 53.3037
0.497298 5.46397 7.11516 67.3889
0.255058 2.66442 4.14968 46.4141
0.437555 4.29816 5.8996 58.6911
0.685172 13.2079 15.221 122.448
0.239446 3.66354 5.12283 54.2998
0.151849 2.28055 3.79853 43.9184
0.273161 6.28143 7.85341 75.3023
0.324948 2.97892 4.50708 48.9145
0.447997 5.04516 6.56904 63.7178
0.225196 2.55279 4.04126 45.6934
0.174342 1.85392 3.4466 41.0491
0.361537 4.79561 6.2328 62.3697
0.590497 13.2298 14.8252 121.327
0.380939 5.93239 7.39158 71.0474
0.243629 3.62273 5.08025 53.9376
0.383404 7.63448 9.18483 84.8001
0.38357 12.9028 14.8982 127.905
0.270357 3.2623 4.71313 50.8981
0.416493 3.78123 5.41678 55.4042
0.254971 3.74235 5.19732 54.8245
0.32022 3.2905 4.76101 51.0167
0.29141 5.1134 6.60161 65.6663
0.780004 13.1933 17.6756 138.445
0.516139 5.1087 6.96343 65.8825
0.312444 6.12178 7.65463 73.7403
0.321408 36.5753 41.2876 326.719
0.39455 5.44924 6.89219 67.0092
0.494116 7.09341 8.59448 78.2769
0.226331 2.60113 4.08562 45.9819
0.254583 5.67259 7.21195 70.406
0.554386 8.67234 10.2511 89.7182
0.272961 2.51889 4.04989 45.6255
0.214257 2.09354 3.65234 42.6687
0.328773 3.07461 4.59084 49.6479
0.393945 6.91348 8.40719 78.3724
0.677075 13.7476 15.6471 124.546
0.467697 9.64052 11.189 98.1774
0.712985 10.2497 13.3255 109.309
0.429912 6.47456 7.93167 74.5084
0.324272 3.66049 5.10675 53.7324
0.207705 2.47921 3.97367 45.1683
0.696831 10.5926 13.1855 108.507
0.452959 6.14098 7.61017 71.8598
0.340036 5.06666 6.51838 64.6764
0.428982 5.43763 6.89941 66.6743
0.455217 9.08745 10.624 94.1213
0.182727 2.02571 3.57969 42.0815
0.584655 8.54088 10.252 88.8421
0.099723 1.74242 3.35356 40.4512
0.352855 3.20367 4.75267 50.6398
0.541392 6.91202 8.57348 77.3196
0.180133 2.08351 3.62599 42.4989
0.524253 5.13475 7.04937 66.6082
0.383295 5.51352 6.95896 67.5878
0.395968 4.51199 5.97607 59.8307
0.109097 1.54368 3.21482 39.3429
0.23856 3.27491 4.73229 51.2131
0.637928 8.89159 10.9842 93.635
0.229463 4.34357 5.82353 59.6084
0.288232 4.02223 5.46885 56.6236
0.240769 2.32285 3.85395 44.1896
0.37558 13.4988 15.5725 132.901
0.347686 8.80239 10.4994 94.9388
0.344389 4.02432 5.46611 56.4025
0.452934 19.823 22.2069 180.157
0.0891547 1.62592 3.26975 39.7157
0.132935 1.80014 3.39636 40.7761
0.355055 4.62221 6.05887 60.7487
0.421762 5.58575 7.0375 67.7826
0.196843 1.99416 3.56365 41.9682
0.438082 5.36451 6.84212 66.0223
0.310771 3.22891 4.69579 50.5518
0.609677 6.7785 9.07607 80.2916
0.168032 2.08209 3.62382 42.4661
0.329666 3.69575 5.14335 53.9567
0.289021 4.16334 5.61285 57.9513
0.190741 1.93859 3.51844 41.6551
0.645652 15.6497 17.333 137.908
0.0450595 1.2313 3.04886 38.0338
0.132439 1.61531 3.26546 39.6747
0.385491 8.25149 9.84166 89.7033
0.390095 3.47083 5.07999 52.9033
0.233969 4.64603 6.13701 62.2229
0.40784 7.26794 8.76565 80.9643
0.651439 36.3281 38.6116 283.001
0.804588 15.0216 20.188 155.323
0.307116 2.85159 4.36962 47.9255
0.466958 17.9028 20.052 163.672
0.201911 2.00555 3.57641 42.0947
0.140874 2.13496 3.67114 42.9591
0.594837 31.6722 34.08 257.238
0.201667 2.01667 3.58403 42.1524
0.16141 1.76739 3.37928 40.5469
0.390445 3.87393 5.39533 55.4669
0.325041 4.48341 5.9249 60.0532
0.254569 4.72575 6.2146 62.69
0.17768 3.00688 4.47924 49.3088
0.214984 2.33133 3.84324 44.186
0.255791 5.63297 7.16966 70.2317
0.682133 11.5791 13.7487 112.523
0.51213 4.94624 6.82098 65.0285
0.272603 2.47443 4.01642 45.3635
0.303972 6.76404 8.35004 78.9891
0.406576 5.33031 6.77635 65.9577
0.450698 4.22311 5.90583 58.6477
0.479211 23.3038 25.8552 206.112
0.725366 33.2806 35.2025 251.881
0.624574 18.8087 20.5117 159.541
0.638918 8.83129 10.9471 93.5373
0.559104 5.9114 7.89848 72.4017
0.0271031 1.11662 3.01362 37.7416
0.136287 1.86111 3.44377 41.0728
0.434505 31.7544 35.4155 279.352
0.300528 7.00717 8.61415 80.9087
0.491121 5.22531 6.88865 65.7262
0.415623 3.73318 5.37892 55.0964
0.378768 6.19447 7.66637 73.0371
0.0258411 1.11994 3.0146 37.7417
0.411175 3.99486 5.55739 56.4814
0.551901 6.58229 8.35182 75.907
