0.353346 18.1826 29.6178 217.703
0.347337 12.9453 21.6317 169.787
0.336979 11.8999 18.3446 149.146
0.272731 12.0678 20.0883 163.151
0.434278 11.3979 20.3005 161.683
0.415881 18.2007 26.6638 191.532
0.432275 34.9505 43.6034 282.973
0.196054 9.5322 17.0606 156.099
0.481133 29.5623 47.3041 323.305
0.326492 12.6656 20.9313 172.784
0.287351 6.13947 12.609 118.634
0.559395 29.8874 41.2416 268.977
0.492607 16.7208 25.3427 184.36
0.364605 24.9201 33.5677 237.957
0.425671 17.881 34.205 260.792
0.302581 7.85196 14.827 130.814
0.401306 12.9387 24.6685 197.934
0.439725 25.3057 37.1741 268.455
0.456849 19.7689 28.5406 204.011
0.281769 17.9941 24.6093 188.713
0.531402 23.6393 36.0866 250.598
0.289619 20.748 39.4733 306.451
0.582385 48.2584 73.5536 430.162
0.281285 11.7738 17.4371 144.916
0.507085 20.3513 31.6766 220.032
0.300695 11.1965 20.1032 169.202
0.46102 44.5948 61.8237 416.792
0.180836 5.3393 10.627 106.591
0.373118 30.6267 40.7412 266.983
0.389038 23.3483 35.7444 248.72
0.459485 11.3984 22.1024 173.827
0.263317 27.2778 37.3774 265.374
0.370482 17.571 24.9064 189.327
0.304374 8.73174 16.1035 142.45
0.265426 22.4959 29.2934 211.722
0.304633 21.8466 28.5346 206.826
0.453751 18.3847 30.1308 222.594
0.508054 40.9806 62.3736 408.415
0.635188 36.1168 66.5174 428.48
0.295212 9.7785 17.8154 152.702
0.345725 14.6978 21.0351 168.553
0.378666 61.1368 72.7137 425.294
0.395137 9.76741 17.5756 145.835
0.510005 46.4577 64.2556 407.391
0.684067 25.0771 44.0118 273.635
0.414217 19.0996 26.9607 193.093
0.355923 25.9088 32.6667 225.43
0.658388 44.4255 66.3955 401.119
0.629422 38.8154 63.6666 409.705
0.42062 13.1384 22.3926 172.121
0.489088 13.1836 24.8862 189.739
0.395917 9.40856 18.8792 158.266
0.729826 48.0173 69.1131 391.549
0.343357 7.58886 14.9129 132.479
0.450214 15.5093 26.1772 197.315
0.271472 10.8555 17.7536 155.882
0.280143 16.1098 27.6207 231.07
0.258187 7.04302 13.292 125.082
0.141886 8.15828 13.6748 128.475
0.178721 3.91873 10.3168 108.117
0.431568 25.5872 38.8092 275.057
0.497022 39.3446 61.69 424.601
0.38003 13.9295 25.2625 203.274
0.317376 9.14423 18.371 159.42
0.581858 83.3434 98.8096 512.166
0.275717 8.40825 14.8772 132.239
0.207618 5.83269 11.8969 117.239
0.824537 77.039 126.862 654.998
0.545944 33.6625 48.416 321.809
0.490565 283.572 322.942 1513.11
0.419333 13.684 23.4205 184.607
0.319013 14.5344 22.9323 178.034
0.452793 27.7315 36.9523 244.912
0.486673 19.8288 30.8134 222.039
0.464798 36.6058 47.0563 299.543
0.299357 29.5726 39.4901 268.81
0.209022 4.88543 11.0886 111.124
0.272466 11.7865 19.2114 155.63
0.497014 26.0064 38.1976 263.88
0.323272 13.4512 20.7007 171.434
0.402771 28.6415 38.4425 275.993
0.254652 23.7134 33.3632 246.778
0.384786 19.9335 35.6632 274.291
0.326141 11.4436 19.8547 165.598
0.339746 13.4945 21.7769 181.379
0.42523 17.0885 26.3279 192.151
0.458083 20.866 32.901 235.783
0.435709 16.9533 27.4771 214.38
0.277989 10.5042 18.2099 158.692
0.479354 22.8939 33.3678 226.772
0.304727 7.1557 14.2013 129.003
0.400168 17.3028 24.4948 182.25
0.484579 64.6069 74.8766 427.286
0.398758 29.871 40.2707 262.139
0.500221 29.2222 39.8708 273.839
0.514329 38.5761 49.0781 300.173
0.27789 16.4639 26.1449 207.165
0.519502 669.107 737.067 3250.9
0.37736 10.193 17.8387 147.637
0.287271 17.8591 30.3046 244.882
0.403933 21.7634 29.4639 217.369
0.531392 14.3014 26.8874 197.731
0.381104 17.1814 26.2083 200.18
0.281114 30.3755 40.8858 291.776
0.272463 7.47151 14.2418 130.383
0.522783 120.823 136.423 721.242
0.592569 32.5438 43.9959 284.365
0.347212 13.5768 20.3761 164.829
0.220584 4.75015 10.573 107.323
0.250053 7.27684 13.4088 123.75
0.543756 21.796 34.9097 241.742
0.607429 55.9145 76.9419 460.085
0.404155 20.2215 30.8843 234.919
0.431006 17.8391 25.8202 192.08
0.428435 14.6016 24.5436 191.758
0.328422 30.1541 40.2993 269.134
0.450466 33.2438 51.8284 362.119
0.366434 10.8054 18.7686 153.59
0.551721 33.2908 50.2335 333.985
0.370713 58.2644 75.9604 457.295
0.263295 6.30298 13.233 124.412
0.550617 17.0196 29.5312 207.572
0.375787 14.3694 22.7714 183.76
0.319163 9.2513 16.4368 144.511
0.238441 13.7142 19.7508 160.141
0.416333 21.8031 33.7784 231.31
0.480562 45.26 53.904 328.731
0.358792 11.7599 20.1351 165.052
0.204527 5.05261 10.645 107.909
0.539043 29.3777 45.7786 294.626
0.504669 63.933 74.608 428.271
0.453101 53.8038 65.5924 377.573
0.524857 27.3728 39.1337 268.472
0.354315 11.7238 18.7137 156.903
0.636232 39.1852 52.9665 321.212
0.349534 15.8903 24.229 190.372
0.427259 28.3626 38.4274 251.854
0.410105 24.7656 33.079 232.301
0.317775 24.7826 32.0092 226.05
0.441199 27.4554 36.4462 243.205
0.456917 17.9309 29.3522 214.276
0.489174 18.9078 28.3125 208.867
0.404934 14.4072 26.6288 206.319
0.469892 24.6752 34.3879 234.223
0.43077 12.6873 24.098 190.329
0.240274 12.5389 23.0053 194.394
0.486483 34.2863 50.5271 329.112
0.211377 9.4572 18.4051 162.984
0.241258 7.36896 14.5354 134.723
0.294676 50.1971 60.3972 370.841
0.439039 23.0436 34.9582 248.047
0.446391 24.4597 31.9884 223.149
0.349667 33.6882 44.13 290.824
0.536821 53.6394 62.1402 349.512
0.384645 13.0536 21.0714 168.121
0.275541 8.83916 14.8724 133.553
0.535465 29.5444 39.0157 258.812
0.380019 19.1425 29.3083 208.941
0.284027 6.78904 14.0796 131.102
0.27914 9.89174 16.2448 140.706
0.384663 9.3205 17.3533 144.22
0.410865 22.338 31.7429 232.449
0.251934 8.33387 15.055 139.446
0.457376 26.6095 35.7334 244.435
0.252424 6.64391 12.5036 118.447
0.250695 16.0108 22.3212 177.2
0.403595 9.07238 18.6237 155.603
0.407976 20.1877 28.7622 211.308
0.398807 8.29695 16.6562 141.563
0.286783 13.6335 20.2528 168.522
0.612254 39.3633 57.4246 360.752
0.472071 161.219 184.196 913.055
0.440609 110.551 128.185 678.016
0.525348 20.0011 35.0418 251.829
0.53459 70.2904 83.4135 476.516
0.330378 9.03304 16.0126 138.655
0.231527 6.77605 12.6301 120.145
0.415449 19.5733 26.7655 196.408
0.383837 95.1849 119.029 668.478
0.141583 5.91634 11.1154 110.665
0.412558 10.4227 20.2753 166.658
0.393023 11.1925 19.0313 157.687
0.403995 22.111 37.9362 276.363
0.389569 11.4042 22.6487 184.616
0.531558 15.5124 27.6429 198.09
0.385842 46.3203 54.7804 328.301
0.221416 8.83364 15.5466 142.763
0.426217 31.3599 42.6687 273.202
0.357901 8.31181 17.0029 147.695
0.287996 12.6374 19.5588 164.913
0.280658 11.7499 18.751 157.06
0.283782 12.8197 18.9454 156.03
0.432966 55.6681 69.2724 436.825
0.483168 33.1851 48.3793 299.906
0.487247 26.4643 39.4351 270.481
0.415302 53.9035 65.2219 403.88
0.269046 7.17127 14.3467 131.207
0.259391 7.48396 13.578 124.4
0.50371 53.4703 62.7488 354.266
0.526967 43.8773 53.8958 316.343
0.33298 19.9548 29.425 224.716
0.501451 18.5187 28.0742 200.507
0.41344 20.808 29.6114 217.636
0.454387 52.4067 74.3131 436.964
0.687767 35.5771 55.3136 341.23
0.546006 40.0095 50.4034 320.215
0.564382 22.3249 34.2525 232.383
0.419096 81.3988 95.352 537.416
0.39846 15.6174 24.2611 180.185
0.220576 9.19794 15.2874 136.947
0.425987 13.9662 23.0023 175.868
0.506825 22.733 33.7481 235.752
0.319835 47.3607 61.364 375.875
0.458448 12.9778 24.9407 195.088
0.411304 15.6155 25.4766 192.699
0.385101 14.8542 24.226 190.352
0.300395 11.3475 19.0763 165.669
0.270834 12.0489 18.4632 157.653
0.497771 27.746 40.1001 284.539
0.289751 16.9215 24.5399 196.365
0.198506 8.23802 14.0429 129.055
0.334711 34.317 46.628 326.467
0.465348 12.0206 22.6542 177.163
0.29874 10.735 18.1433 152.611
0.372127 10.3543 17.9194 149.583
0.254275 9.88857 18.1254 161.227
0.303374 8.36373 16.2873 144.908
0.306566 15.8553 22.953 185.083
0.43158 17.8679 26.4041 198.99
0.57469 36.5239 53.5805 341.752
0.489093 51.9252 65.618 420.897
0.411446 29.8957 42.458 274.219
0.310791 6.84661 13.8037 126.375
0.485777 27.9725 38.8119 262.858
0.476405 49.6014 63.3349 383.478
0.327099 9.55413 18.9884 160.243
0.347754 17.9414 26.3221 208.065
0.510259 51.0783 60.8061 356.592
0.311085 16.2549 22.6916 177.22
0.395941 91.6579 106.275 580.493
0.291072 9.74617 17.8806 152.226
0.389597 12.1571 24.6882 203.64
0.557978 106.507 126.165 679.209
0.250872 8.21868 14.2696 126.973
0.392477 24.2026 34.3431 231.206
0.344922 17.7687 24.2621 180.113
0.466341 13.1288 22.976 177.961
0.378966 45.7724 56.6143 343.115
0.528894 51.7179 68.4193 391.85
0.365197 15.6969 22.708 180.665
0.56803 48.2244 59.292 342.821
0.255408 14.8266 21.6904 175.17
0.413032 13.3823 21.333 169.202
0.188581 4.32184 9.72282 101.323
0.391729 11.9751 19.9381 163.956
0.494812 13.4533 23.8108 178.023
0.401531 9.58935 17.5998 146.788
0.268231 10.8702 18.4536 153.956
0.361858 16.5818 25.1562 188.126
0.427291 13.2212 20.8891 163.226
0.558089 35.7461 48.0007 301.353
0.266963 10.1836 16.2074 142.616
0.52561 157.989 176.264 895.526
0.413358 19.2078 28.63 218.746
0.395453 9.80495 19.3624 161.79
0.563249 25.2153 40.8565 276.786
0.370806 15.9337 24.2058 180.485
0.377576 44.5881 54.4205 340.555
0.26138 10.7169 17.4495 146.462
0.45714 13.0108 22.2128 172.098
0.388086 10.5932 20.3678 169.491
0.449331 20.4473 35.5618 264.049
0.524073 32.3323 41.6986 273.532
0.367448 21.7111 29.8544 216.393
0.362709 17.7778 28.1217 220.508
0.544865 50.378 61.341 381.391
0.388513 16.7769 26.2565 192.15
0.414524 77.2043 91.6309 528.01
0.575981 83.3979 94.1158 493.947
0.306053 7.42761 14.119 126.782
0.241099 6.79285 13.4636 126.23
0.387503 30.8531 42.4698 293.185
0.603957 45.1948 61.0159 363.415
0.373595 12.5883 22.8233 185.085
0.499702 16.2527 27.9025 208.903
0.507632 15.3032 26.466 192.243
0.36451 17.1668 29.7289 234.565
0.43163 11.5762 19.8999 156.695
0.333354 10.5046 18.5807 160.753
0.520739 89.1621 103.363 561.117
0.292055 7.9182 15.3376 136.683
0.27975 13.5794 19.77 161.021
0.435733 17.1605 28.1711 200.646
0.427887 16.9077 27.8423 208.297
0.304406 11.9352 19.2898 160.448
0.470858 42.6524 52.8629 323.258
0.285162 5.68948 12.1183 115.809
0.317698 15.335 22.3759 177.921
0.255375 10.4596 16.0566 139.889
0.428674 50.0411 82.7762 569.756
0.303696 9.50071 15.4548 136.03
0.474553 19.0744 29.9317 223.697
0.447521 172.138 192.05 973.039
0.401176 10.233 19.3882 159.779
0.539795 26.2627 36.3395 235.466
0.310661 11.8495 21.5353 178.02
0.413803 42.7976 53.0551 324.316
0.367636 35.8744 43.526 280.934
0.452228 65.4835 75.1194 428.36
0.347143 11.9919 21.023 175.692
0.474003 64.6226 75.4528 439.063
0.241297 7.95371 14.7303 136.608
0.33952 12.4434 21.2204 178.09
0.37848 9.66801 17.6294 149.183
0.3521 10.2656 19.0235 161.091
0.232943 6.91308 12.8418 122.415
0.444044 21.7952 30.0562 208.491
0.29817 11.1658 17.6323 152.013
0.273485 9.90034 18.1904 158.063
0.428899 53.4788 64.1615 394.842
0.457067 21.3704 34.7338 239.763
0.460032 19.4247 32.302 232.716
0.213195 8.14917 15.1116 136.685
0.358366 14.1132 21.359 172.666
0.336334 13.5961 20.7357 161.947
0.475052 13.9961 25.8906 199.159
0.39798 31.3153 46.0174 331.001
0.368779 22.7952 29.572 207.359
0.448294 24.0713 38.5451 278.195
0.351655 13.3578 23.1236 186.029
0.468816 21.3068 34.5473 236.909
0.318862 7.99665 16.109 140.02
0.213436 6.71489 12.5655 120.906
0.443063 15.7891 26.6412 195.821
0.336744 31.5733 41.7855 295.251
0.33056 22.1693 30.5929 230.981
0.331663 8.81993 17.7039 155.296
0.435211 30.8173 38.6711 253.648
0.512674 75.9863 86.4927 474.854
0.377097 10.7124 18.5085 149.736
0.23371 32.4955 49.4046 353.482
0.416512 31.7075 39.0433 254.556
0.376758 12.5344 20.8079 172.555
0.493129 60.3631 74.2275 462.805
0.370185 22.9827 32.6968 245.901
0.355138 15.1425 23.4967 177.481
0.530612 53.6471 77.4581 444.799
0.347228 8.54155 18.5065 159.544
0.537212 29.2721 41.7139 266.837
0.368698 10.5134 18.8474 156.238
0.41604 15.7773 23.7753 184.363
0.322467 8.25363 14.9184 131.311
0.420428 12.8275 21.403 169.233
0.311131 21.0685 34.2049 275.26
0.364127 20.7701 30.1967 212.339
0.371744 19.2938 26.7144 196.149
0.184045 3.82264 9.35342 99.5067
0.420093 38.0799 48.885 322.988
0.446948 16.7187 28.4103 214.311
0.334966 18.2421 30.553 239.896
0.268079 18.966 27.125 212.462
0.34744 35.7806 49.48 325.1
0.509723 27.4948 37.6974 259.428
0.405123 24.6149 33.1593 230.025
0.570953 23.9375 40.8405 271.558
0.356122 78.7538 99.44 589.252
0.324327 7.38939 14.897 134.622
0.359455 13.0438 22.6276 189.284
0.455448 14.5594 24.2008 184.626
0.397916 11.6573 19.0538 151.787
0.53341 15.7174 27.0754 194.321
0.335127 32.2685 41.3065 276.651
0.408931 23.462 31.5886 216.61
0.671271 58.8699 70.1291 379.312
0.317718 32.4794 41.7292 288.52
0.426854 28.97 36.5613 242.808
0.453672 15.4229 25.2161 189.371
0.555751 84.6022 113.305 687.362
0.396027 33.7395 47.6161 334.511
0.3619 39.0889 48.1247 313.691
0.635872 33.1844 50.5195 308.557
0.394652 19.6323 28.9317 214.654
0.460362 30.7291 38.9423 252.564
0.475382 23.6568 32.8454 233.386
0.400384 17.8952 26.33 192.225
0.435139 17.9804 26.8188 203.092
0.470446 60.5727 72.2244 431.889
0.36168 157.294 184.793 974.478
0.322006 22.1387 29.1561 210.64
0.376497 23.9087 35.4376 264.866
0.575734 134.307 146.745 702.069
0.516874 17.9819 34.1021 246.245
0.603985 48.9452 70.0488 396.272
0.370191 15.6165 23.8291 185.764
0.523593 29.0384 42.9563 271.31
0.265252 26.951 39.2092 282.996
0.581915 20.0228 33.4942 226.866
0.342758 14.0502 25.6373 204.753
0.340594 24.6905 34.7704 256.51
0.422691 24.2447 36.9896 252.433
0.504632 23.7174 35.1993 234.081
0.532374 29.6384 41.6279 280.526
0.301004 14.4822 21.2114 174.236
0.568936 38.1209 47.7908 297.598
0.449896 42.9811 53.2934 333.977
0.368114 21.4163 31.5148 235.468
0.533288 26.5472 39.6243 273.18
0.360139 15.1696 23.5974 178.746
0.370202 8.29625 16.2056 140.619
0.285676 10.5954 17.6378 149.523
0.439922 21.2618 31.767 225.744
0.455864 22.3206 30.4434 216.236
0.358201 54.3329 69.8449 426.909
0.64481 64.0688 76.1713 429.253
0.337346 73.2108 86.7704 487.565
0.281242 8.39799 14.9048 135.228
0.314284 13.6154 19.6168 160.644
0.408542 226.082 258.755 1317.74
0.401048 15.9054 24.2923 190.14
0.317862 8.17153 16.3728 146.033
0.517557 31.5343 40.7064 258.908
0.322711 20.7308 27.704 201.657
0.562556 50.629 64.7343 375.923
0.595659 66.7074 81.8679 473.256
0.560211 71.3836 115.198 709.761
0.458258 11.0231 21.0574 166.92
0.233904 9.05609 18.7576 171.797
0.419306 13.76 23.5211 179.64
0.382401 34.3888 49.6086 327.593
0.373377 14.4207 22.5519 183.765
0.568021 29.5011 47.432 318.222
0.562905 54.4889 68.6768 388.017
0.334531 47.1038 75.791 548.245
0.428485 27.4014 39.3166 256.906
0.400777 14.0643 22.7013 177.925
0.428726 18.5817 30.0584 214.044
0.281213 15.9502 22.2922 177.009
0.528946 37.15 57.0342 357.989
0.292274 14.7863 24.5086 189.778
0.382862 20.0603 28.6017 209.874
0.395779 15.7171 23.1066 175.256
0.452114 14.3867 28.38 219.819
0.590688 76.9167 93.337 546.213
0.332518 17.2969 26.6487 210.436
0.351478 21.0837 28.3882 202.809
0.266994 7.36339 14.3836 132.086
0.280587 16.3261 22.5306 176.334
0.499136 25.1613 33.1056 222.771
0.476392 22.7741 38.3358 278.348
0.443013 39.8891 52.0402 334.194
0.457434 18.6172 33.4288 231.26
0.38673 13.9535 22.5377 179.924
0.260594 8.1965 14.3631 130.288
0.173832 9.75851 16.364 149.422
0.296239 8.48861 14.9405 134.928
0.360941 14.394 22.3204 172.949
0.421628 12.263 23.4618 184.896
0.238666 13.5127 19.7998 163.141
0.408551 180.107 215.241 1104.08
0.295805 6.06352 13.3531 125.5
0.556501 19.0058 34.0375 242.948
0.376484 14.4815 21.4383 169.234
0.413586 18.1819 29.8836 220.863
0.576416 22.3832 38.3731 250.425
0.199607 10.3997 21.4349 189.713
0.261984 13.6758 21.7418 176.859
0.258376 8.87026 15.0564 136.629
0.506948 23.7501 37.7084 269.638
0.405197 13.5169 23.0475 178.474
0.345651 18.9923 31.1554 237.463
0.442862 28.7226 38.8245 264.546
0.40592 32.1339 39.8184 263.431
0.439531 27.2878 40.1982 260.506
0.594831 67.2687 77.7162 430.916
0.41138 23.6909 31.744 222.204
0.544575 49.7876 65.8128 409.046
0.472248 14.0334 23.8185 180.62
0.239118 15.6479 22.0785 178.243
0.324392 19.4916 30.5346 225.028
0.349512 10.7663 17.963 148.883
0.221044 10.331 16.7453 145.666
0.311114 11.5887 18.2567 148.334
0.289451 7.80383 15.3355 136.893
0.417256 71.4638 85.5138 485.03
0.457527 81.5355 93.4152 502.646
0.318365 7.18125 13.7708 125.008
0.380842 23.8798 32.4475 228.576
0.56444 35.5936 54.8843 341.795
0.379396 25.5939 32.7658 231.891
0.409146 25.9305 37.624 251.556
0.364252 15.8313 27.1558 209.821
0.562607 65.6664 77.6871 427.643
0.187711 10.2918 16.4318 146.242
0.394398 31.8959 51.4274 368.133
0.23463 7.78673 18.188 171.122
0.520126 27.6827 36.9183 248.285
0.562679 29.7564 40.4822 255.744
0.348721 10.1881 18.7287 156.203
0.369977 18.7489 27.0586 207.58
0.303174 7.06899 14.2936 131.662
0.530721 21.9032 37.5676 261.676
0.569563 38.8388 55.5895 353.778
0.40213 23.3368 32.855 241.199
0.359597 12.8937 22.0878 173.757
0.435904 32.9771 40.8619 269.245
0.351101 21.4856 29.9087 228.004
0.322297 18.4625 24.8461 188.583
0.378292 24.7793 32.006 228.319
0.427932 18.1701 28.6306 205.143
0.203122 5.55435 10.6872 106.814
0.458206 23.9926 32.7562 235.32
0.45367 36.1584 51.3896 321.047
0.349137 11.7663 19.9608 166.704
0.389505 9.98094 19.0169 158.425
0.432023 23.2001 32.58 228.703
0.284306 59.3593 78.539 485.597
0.455479 15.2075 25.2349 192.625
0.438333 37.503 47.7012 310.497
0.327731 11.2577 17.9963 146.902
0.17845 4.99584 11.1113 112.139
0.480806 36.2898 46.4504 299.9
0.435358 24.3699 38.8382 287.18
0.28333 7.38155 13.5695 123.089
0.509185 16.1526 27.6434 201.654
0.451141 27.5866 38.5416 261.12
0.214274 5.34544 11.3634 113.082
0.449935 33.4244 48.125 333.009
0.298635 11.2416 17.956 148.555
0.223397 10.7106 16.5393 144.573
0.430676 20.302 27.7969 199.271
0.333683 6.64568 14.037 127.65
0.328849 18.4223 27.2726 210.577
0.45721 14.3448 26.9606 209.583
0.263186 7.65308 14.4503 134.504
0.468449 16.5778 27.4298 208.212
0.588468 23.9467 43.4502 288.884
0.250755 10.4446 16.5588 144.429
0.406786 80.1694 100.533 566.635
0.346193 12.1106 19.1135 156.959
0.39696 9.10547 17.4743 146.988
0.312106 8.03849 14.8637 133.702
0.254457 8.03513 13.7809 125.353
0.254914 6.77765 14.4746 135.789
0.470189 30.0966 40.551 270.167
0.233379 5.88527 12.2793 119.81
0.609303 40.6407 57.4193 366.085
0.284508 13.5257 19.8173 160.015
0.346354 39.5425 51.996 347.897
0.414953 13.5588 23.7434 178.438
0.619533 34.6588 60.6581 370.442
0.613249 24.5592 40.6781 267.078
0.52976 18.7934 30.4193 214.639
0.26245 6.62025 12.7501 119.306
0.490976 24.0867 34.4206 235.317
0.319055 12.5696 21.4612 177.134
0.270007 18.5195 25.8372 201.365
0.265705 6.23973 14.0717 132.284
0.420468 9.93492 18.5434 151.881
0.677149 54.1138 74.3388 419.382
0.268124 6.22972 12.7999 120.931
0.370571 17.5307 26.8957 205.516
0.409069 30.277 39.5471 273.939
0.298216 18.5186 27.138 200.073
0.298734 16.5362 24.9129 201.87
0.3518 21.1922 29.4767 208.166
0.494064 15.2426 26.3898 190.853
0.436673 54.1656 64.3705 382.325
0.365088 13.9251 20.6041 166.604
0.380456 13.462 23.9124 190.201
0.427642 23.6937 34.9093 236.037
0.515208 22.6217 37.5265 268.858
0.343887 13.796 21.3107 173.76
0.315164 10.3388 16.7958 140.821
0.491103 28.5721 38.638 265.353
0.358721 8.73683 17.1162 148.054
0.38099 12.8701 20.8583 169.246
0.349024 20.1259 28.1251 200.942
0.334338 25.8958 33.2869 234.526
0.254594 5.74821 12.5188 121.375
0.291278 36.549 46.7005 309.021
0.609351 136.31 186.769 1029.82
0.254039 11.9875 19.5941 163.039
0.337748 10.0322 18.4307 154.952
0.335473 9.67496 16.83 142.481
0.396186 18.8348 27.5871 211.189
0.339101 28.1462 35.7092 248.828
0.623249 86.8936 103.092 528.248
0.306958 8.72923 15.1411 133.227
0.531834 22.6903 35.2508 246.341
0.512735 25.3032 35.3903 239.875
0.31507 14.4894 23.7619 183.176
0.541561 22.5034 32.1378 221.366
0.218904 7.22556 15.6686 146.933
0.506734 28.9425 41.0467 273.127
0.251781 6.18174 12.9004 124.091
0.409871 28.4357 35.9547 243.031
0.382973 29.4667 36.9389 250.582
0.362612 10.9857 21.3695 177.791
0.495117 13.9357 24.9016 185.633
0.449934 11.7393 22.8637 181.556
0.354768 7.25414 14.7306 130.441
0.274297 22.9217 30.6874 223.618
0.450083 41.6501 50.2628 306.71
0.462674 39.9362 48.2635 302.445
0.25863 8.83287 14.9432 132.407
0.360457 14.9115 26.1668 211.599
0.519599 14.6791 27.0239 197.335
0.333218 8.35547 15.3119 134.872
0.299526 8.37693 15.6943 141.208
0.551763 62.3831 72.3068 393.466
0.496338 26.4539 39.5995 274.717
0.299796 11.1211 18.9357 164.081
0.540096 27.1842 37.3053 243.344
0.479851 20.9026 31.3888 216.191
0.501206 14.1253 26.8211 202.165
0.435779 12.355 21.8236 171.808
0.314256 16.68 23.3689 175.62
0.383258 42.7724 51.3523 317.137
0.409389 43.689 55.2892 354.588
0.427071 22.9928 35.9264 254.188
0.404048 24.2721 34.6311 234.213
0.367659 34.1803 49.7047 357.617
0.468492 13.8846 24.2631 186.519
0.443504 64.4077 78.506 487.583
0.314692 29.6627 38.2568 262.929
0.366594 31.7467 45.1955 326.841
0.391129 15.1223 25.1022 198.513
0.410403 32.6447 41.9026 285.585
0.348506 10.3869 19.7089 165.586
0.306922 13.0952 19.9772 166.187
0.413169 18.9317 27.5537 209.201
0.570091 45.2417 56.8642 358.76
0.271716 14.5009 22.088 182.782
0.555009 32.2871 42.6249 271.868
0.402234 14.5692 23.1555 182.615
0.571457 31.0986 47.2779 313.649
0.519142 31.1509 40.4016 258.268
0.193447 11.1078 17.3345 148.03
0.332496 60.0468 70.8907 414.858
0.592852 37.3824 48.6661 293.596
0.367276 9.00447 19.1015 162.77
0.466973 45.7788 55.0004 330.389
0.271363 9.95879 16.3594 139.052
0.439809 29.9698 39.3533 252.537
0.307305 112.572 141.09 785.439
0.463114 20.6953 39.8447 290.88
0.310667 18.0104 28.4456 217.467
0.36101 17.4132 28.6782 212.271
0.48737 16.4499 25.502 183.799
0.351272 45.3845 57.6922 364.218
0.416689 9.6504 18.5553 153.663
0.308513 6.72781 13.3162 123.247
0.401855 30.002 50.953 364.247
0.501244 26.8832 40.9584 281.698
0.41542 16.435 25.697 189.495
0.434694 47.0484 64.4205 388.637
0.438647 34.8214 44.54 276.896
0.50541 18.2399 29.1023 214.718
0.424125 10.27 20.1723 162.873
0.439243 12.8494 21.9447 173.115
0.391 26.9341 46.7429 341.098
0.374106 12.4345 19.7813 163.147
0.247872 50.3656 65.0456 413.268
0.417105 14.4751 24.4333 187.812
0.299881 13.7014 22.0665 183.015
0.372807 15.6311 28.5094 230.364
0.384643 15.0863 23.7615 181.541
0.447311 540.258 632.87 2987.79
0.266287 16.3873 23.624 186.26
0.336747 20.917 28.6257 215.9
0.283436 6.38081 13.7688 128.666
0.463454 95.6011 108.658 579.686
0.567229 23.3412 35.6386 243.244
0.650332 22.7069 40.0218 259.238
0.359555 12.2845 19.4077 159.35
0.47054 39.3924 48.5686 311.069
0.310504 23.6682 31.5391 221.347
0.45551 26.0537 35.0705 241.488
0.293549 16.6449 24.7712 194.264
0.521229 17.9053 31.2105 221.242
0.328172 10.7358 17.8827 148.211
0.542894 15.6923 28.1488 201.187
0.388582 17.0114 26.6768 193.079
0.516165 21.5388 34.7536 244.635
0.536057 25.6113 37.4771 252.84
0.386991 39.4149 47.5368 302.721
0.348688 14.7785 23.9221 186.661
0.360639 21.5198 29.1466 211.644
0.463727 64.6303 83.6813 536.567
0.4379 10.9901 19.733 156.508
0.521495 36.5669 51.1606 338.656
0.330975 96.1207 122.188 707.207
0.276274 18.3282 24.7616 187.438
0.367685 11.2213 19.0321 155.767
0.410535 27.7094 48.6023 346.83
0.31292 21.4164 28.2829 201.635
0.386179 84.9246 102.414 598.75
0.272472 7.96212 16.309 148.397
0.346355 15.9318 23.0623 177.637
0.451806 18.6183 27.1887 203.279
0.194313 6.97688 12.3024 118.199
0.263358 7.50134 13.9525 127.79
0.374069 16.3276 24.4554 192.312
0.462209 26.5473 45.0519 320.892
0.43578 45.7769 60.5535 381.611
0.607311 19.1074 34.2145 230.102
0.48084 27.8289 39.7252 281.674
0.37281 21.2451 28.3048 205.022
0.270054 27.111 34.9212 244.671
0.619105 19.0057 35.6484 240.238
0.453625 22.7252 31.0859 216.577
0.599028 57.1343 80.8959 446.618
0.324667 21.2721 27.8399 203.065
0.582944 35.3602 54.865 362.208
0.249554 23.7223 34.8845 261.432
0.310981 13.3458 23.2091 189.177
0.420443 11.838 20.9804 170.432
0.27582 6.85323 14.2761 131.808
0.389809 34.7196 43.6476 282.964
0.387664 24.7353 32.5116 227.906
0.528675 46.1472 55.0674 332.651
0.348657 14.2533 22.9552 174.955
0.445107 29.6041 40.3076 275.367
0.504111 22.5553 33.7884 237.865
0.506207 53.4596 63.2573 378.292
0.478944 19.6662 27.9626 196.919
0.311967 28.7717 36.5199 254.107
0.342544 31.6474 41.388 286.651
0.57237 43.6053 58.7156 381.694
0.542752 32.4285 49.7585 340.068
0.551389 19.3127 31.0203 216.861
0.273894 13.5081 22.4623 189.802
0.596126 20.0175 34.9804 238.396
0.430542 13.3131 24.8466 186.482
0.421164 20.418 28.6021 208.102
0.327914 22.6554 31.091 233.791
0.449807 19.4301 30.5202 221.258
0.326285 11.6445 18.7961 152.348
0.651232 75.1334 90.4444 482.098
0.308666 8.94965 16.8089 148.362
0.385079 24.3474 40.2982 293.725
0.459215 25.2104 33.9142 239.445
0.467958 28.7632 38.39 256.06
0.4754 29.4592 41.4216 285.459
0.275399 9.39292 17.1164 149.97
0.592292 18.9815 34.1231 233.495
0.298665 10.6897 16.3011 139.071
0.410609 26.9865 41.3413 285.353
0.310855 21.1008 28.9497 220.409
0.318823 9.81044 17.0852 145.823
0.341399 48.8503 58.8416 351.883
0.373383 16.104 25.2343 186.702
0.311941 10.1827 17.0437 143.552
0.403592 20.2109 30.2043 232.619
0.375626 16.4623 27.1475 207.683
0.392644 16.7753 29.1765 231.105
0.431435 24.7844 33.5364 240.268
0.239762 5.47112 11.7817 114.169
0.317949 13.8968 23.2447 186.852
0.456446 19.2177 30.8734 222.829
0.391816 24.737 32.7427 228.547
0.341395 13.2525 22.3381 174.372
0.36665 15.1163 22.7424 173.157
0.268691 85.9841 104.331 600.935
0.278696 7.32325 14.2278 128.836
0.405278 15.9306 25.8561 203.423
0.256293 7.63439 13.6986 124.897
0.331413 9.08079 17.298 148.464
0.393022 13.7738 22.1749 177.749
0.454096 24.2824 34.2462 231.312
0.436661 240.111 269.527 1302.71
0.331702 19.9409 31.3459 241.901
0.448848 31.1832 42.9379 299.474
0.765861 67.1516 87.0781 479.897
0.503746 17.7578 28.8892 204.993
0.317208 19.301 27.3125 207.473
0.452501 255.003 287.519 1362.08
0.299457 53.1545 67.3296 431.462
0.489213 40.0346 51.4184 310.962
0.472502 17.1143 30.8427 216.041
0.391992 21.9691 30.7682 217.835
0.489284 14.5137 26.1358 192.854
0.328882 9.50572 17.0122 146.196
0.669163 49.8194 86.0716 525.156
0.271101 16.514 25.3848 203.72
0.362327 17.2321 25.0405 184.821
0.309201 6.48454 13.7071 126.176
0.645311 191.451 234.756 1224.6
0.344215 15.6511 26.1029 197.637
0.324713 19.9815 33.7327 257.454
0.268614 5.20522 11.9777 116.97
0.18635 5.19893 10.8969 110.92
0.308479 13.414 20.3924 162.266
0.284999 7.9979 16.4007 151.083
0.379756 16.2887 24.6424 189.999
0.364471 16.9283 27.0965 200.57
0.551252 24.3807 36.5769 253.327
0.276745 7.05925 13.3091 121.831
0.396539 29.6031 39.6958 280.854
0.420936 20.8379 29.5755 206.24
0.304152 42.2373 52.4985 334.375
0.485502 35.2345 45.9635 299.454
0.352075 10.0368 18.2964 154.96
0.469337 19.0879 29.1597 214.284
0.3149 54.5904 65.3027 390.863
0.432178 28.5573 40.3636 266.477
0.518694 34.13 45.2072 305.008
0.419327 20.6852 31.1319 214.557
0.522611 36.3165 45.7871 290.976
0.283992 8.44331 14.056 126.508
0.374565 18.0831 25.4797 185.003
0.499533 59.7798 70.4693 416.15
0.251345 6.02937 12.2544 116.57
0.506807 16.1614 29.7344 216.432
0.448611 16.3449 26.2422 201.618
0.455204 19.5445 31.6434 227.512
0.358512 11.2349 18.7493 155.633
0.464411 59.0232 69.6738 397.485
0.335056 15.1632 22.2909 174.285
0.446513 11.2493 21.4343 170.121
0.44373 31.2 42.649 292.145
0.312697 20.008 27.6818 212.693
0.590953 36.7091 46.4279 283.311
0.379288 36.562 51.0168 330.627
0.393254 46.0019 56.0312 341.07
0.387307 19.886 30.3589 231.289
0.37838 10.1578 19.798 165.039
0.400323 35.7851 47.9149 313.353
0.421663 29.8602 37.4782 248.046
0.442232 64.0853 74.0644 412.561
0.373543 9.63928 17.3551 146.847
0.364467 13.057 22.9884 185.987
0.408624 15.3787 22.3794 171.943
0.478378 53.918 72.1807 478.164
0.406907 24.3918 41.1131 304.838
0.269127 32.4197 40.9734 273.733
0.473296 15.0084 29.0548 221.711
0.444769 44.9248 58.0304 382.619
0.425284 55.8456 69.8443 437.38
0.372225 16.2994 25.085 184.548
0.446204 19.7819 29.1299 211.302
0.401036 10.8046 20.1944 163.111
0.244197 25.9537 34.7074 251.251
0.316286 19.1737 26.6718 206.299
0.388628 9.3842 17.6973 149.044
0.27014 7.46288 15.591 142.546
0.613836 23.768 37.2935 238.789
0.292706 18.6354 27.9575 221.712
0.354293 9.62397 18.6655 159.051
0.394911 78.3426 93.3838 547.668
0.51819 23.2923 41.4397 291.491
0.441901 23.7724 32.2769 230.479
0.743003 42.06 68.3936 406.676
0.561505 21.146 34.6404 240.33
0.489022 16.1266 29.0579 213.761
0.613738 69.9419 84.1397 463.886
0.556672 20.2028 31.5413 215.949
0.319156 10.504 20.3002 173.999
0.317511 7.22315 14.0115 126.239
0.476343 24.502 37.4204 248.891
0.369669 38.9665 49.0769 312.525
0.271625 10.5308 16.6543 145.093
0.232323 15.7386 22.5585 176.888
0.355488 8.50738 15.9241 138.68
0.295017 9.15361 15.9841 143.037
0.230381 6.21129 12.1016 117.237
0.558983 21.7984 33.5618 223.401
0.272203 18.3071 25.1238 191.674
0.330893 18.5115 27.2906 200.427
0.387563 78.2531 90.6509 506.967
0.300343 6.96333 13.5188 125.229
0.432581 19.6352 32.8654 240.67
0.286863 10.5814 17.3688 151.575
0.401235 24.7389 39.3112 273.318
0.38074 15.0572 22.2247 169.688
0.463493 23.9827 32.2058 218.744
0.427816 41.8731 51.1141 311.943
0.437616 24.7771 39.27 266.425
0.440802 13.2334 22.5201 175.169
0.230613 6.92046 13.2358 124.453
0.372889 102.773 121.215 711.678
0.402411 14.2729 26.7248 205.688
0.417138 11.54 20.3633 162.517
0.321843 17.9398 24.1057 180.176
0.266551 12.2161 18.2409 149.973
0.258504 13.1447 19.1322 157.94
0.577981 51.8185 73.5294 417.496
0.465269 20.7323 31.3887 219.567
0.472923 28.9607 37.6421 251.682
0.527929 28.6515 42.6372 285.706
0.472734 21.6712 34.3309 237.62
0.49866 36.3529 47.6866 297.799
0.439743 24.6084 32.7385 227.712
0.343544 13.5141 20.7905 171.485
0.405313 20.6525 30.1595 222.416
0.210429 4.40628 10.7088 109.499
0.404434 42.7299 52.4422 320.816
0.224818 13.933 20.0496 164.234
0.284678 6.22856 13.6843 128.835
0.257624 7.85123 13.5853 123.926
0.368156 22.4144 30.0193 216.032
0.460656 17.4287 28.359 207.664
0.289671 54.0484 64.937 399.824
0.483266 17.8402 28.8441 211.235
0.231382 7.67752 13.6272 126.76
0.459603 42.1353 52.8831 338.265
0.33882 8.99853 16.7464 147.022
0.466212 20.3902 31.4328 225.973
0.523762 17.3373 30.5413 220.774
0.404857 12.3167 20.3653 159.996
0.437558 26.9899 36.5789 239.141
0.414991 11.9844 20.5741 160.806
0.494169 30.0586 50.4044 352.336
0.389579 14.0843 23.6969 184.357
0.288082 9.71199 18.7796 162.443
0.392266 20.9147 30.5433 224.923
0.404831 11.9043 20.1239 159.546
0.307668 46.4582 59.4214 384.788
0.470035 42.5733 53.4247 331.989
0.283283 9.90203 16.5947 140.451
0.259147 16.2723 24.1899 193.658
0.35681 13.9202 21.0307 165.789
0.334319 54.7602 79.4847 510.312
0.228773 6.07416 12.1514 117.982
0.369961 34.8761 45.6279 312.465
0.400851 65.2352 77.7368 444.064
0.248542 10.2162 17.9786 153.255
0.286803 8.32992 15.3395 134.606
0.296768 16.777 24.0979 188.791
0.242985 12.8432 19.6688 163.083
0.326938 13.0398 23.542 191.145
0.248459 15.2299 22.8262 188.593
0.426031 18.7746 33.6894 253.496
0.302759 9.87588 16.4213 144.846
0.575611 32.1793 51.6039 327.086
0.408386 20.777 27.7978 201.689
0.379773 9.76262 19.0283 158.973
0.448057 87.3503 101.378 575.81
0.315915 18.607 26.7155 203.539
0.278187 19.6086 38.9568 316.763
0.310202 6.38045 13.5577 126.003
0.367267 49.742 65.2882 402.43
0.398468 9.74552 19.2696 159.65
0.336101 16.4684 26.0289 203.431
0.519787 17.9542 28.1233 200.541
0.639211 36.2832 53.827 322.88
0.287251 11.2033 19.7461 170.114
0.401527 19.3055 26.4405 193.773
0.430053 24.8493 44.8513 324.887
0.271472 10.2412 17.7801 158.189
0.416809 23.7429 34.4903 252.949
0.295401 8.22202 14.9189 132.454
0.378241 12.1469 21.3889 171.611
0.332735 19.6713 26.4525 192.401
0.160361 5.66065 11.2755 114.165
0.434781 20.9668 33.8128 239.732
0.357015 21.6574 29.9529 210.407
0.676048 67.4351 82.114 468.484
0.418738 26.7187 37.0957 266.567
0.229964 6.85578 13.7006 129.138
0.396667 43.5021 54.1238 339.499
0.273925 10.0147 16.0117 137.536
0.264273 7.13429 14.196 130.716
0.263249 31.1964 39.2469 269.29
0.492317 31.3086 45.8591 293.674
0.429384 19.5071 27.3231 202.414
0.393689 29.8007 38.1572 250.159
0.424065 65.5152 88.5144 582.164
0.621795 56.2372 77.801 474.364
0.64714 55.6761 70.0016 410.097
0.174611 10.3338 22.5229 198.743
0.35396 56.7248 92.2566 650.73
0.513966 76.7171 87.5316 472.637
0.214084 53.3592 65.894 405.853
0.512486 12.9022 24.5275 183.416
0.457161 63.8818 73.2694 405.137
0.383472 13.0011 23.1417 184.336
0.290179 32.7163 48.6005 329.407
0.458924 20.7218 29.6394 212.315
0.577276 54.6326 64.5365 360.391
0.504745 30.6116 44.9944 283.254
0.40771 35.2486 48.6785 331.934
0.210803 4.54326 10.2094 105.249
0.257778 8.70655 16.9194 153.862
0.425326 19.5941 28.3654 211.459
0.582622 106.813 118.333 605.798
0.377299 53.7906 65.948 401.895
0.346079 53.013 79.7382 571.867
0.511273 132.015 144.554 710.436
0.397958 27.8624 37.6872 272.042
0.388104 16.2292 26.2396 195.85
0.376025 12.7204 21.9401 178.999
0.403655 34.6123 43.5975 290.094
0.392734 12.1911 19.3295 157.24
0.390218 13.1203 21.6245 165.997
0.225046 8.26575 13.7407 124.502
0.314775 9.33416 15.2605 133.312
0.436199 24.7323 34.2401 231.887
0.482179 19.1724 32.0529 236.913
0.444621 15.3494 23.8445 182.948
