0.395253 43.0995 69.8861 416.346
0.294083 14.6512 32.2968 257.067
0.358447 22.6299 45.8801 305.65
0.427941 61.5507 86.1557 483.609
0.405449 53.0186 82.3783 456.44
0.330018 32.5356 63.3501 424.171
0.300118 27.2056 43.6236 306.825
0.460993 44.3337 76.62 470.529
0.457692 26.9781 52.3352 348.332
0.398195 79.3417 109.361 595.751
0.339288 17.8543 35.7536 256.088
0.419768 34.0274 69.536 464.936
0.455512 269.359 305.788 1233.33
0.38739 47.3996 70.7318 423.002
0.337065 38.5626 75.6765 491.938
0.382876 53.4091 73.238 430.887
0.340784 22.9342 44.148 307.491
0.490417 65.5525 97.8601 544.27
0.280268 36.6363 52.6786 332.331
0.369654 53.9894 81.705 471.346
0.328285 13.0878 31.2367 243.039
0.407873 47.8124 90.7662 562.791
0.331383 44.6287 85.1315 553.381
0.236148 25.3269 39.0528 283.262
0.484499 27.4203 57.2191 365.293
0.557704 85.7006 132.123 697.281
0.300886 17.64 34.1985 260.083
0.357829 77.789 116.882 711.084
0.376856 121.722 145.948 693.29
0.694934 94.4743 146.715 685.811
0.453286 40.8325 65.3141 392.719
0.523393 75.0009 121.571 666.175
0.504905 48.3576 98.9527 574.254
0.567487 48.2627 85.2343 471.125
0.564765 66.8146 98.0709 544.144
0.345466 26.2295 46.6653 324.885
0.238775 28.2296 57.1628 419.371
0.512354 67.5986 110.918 595.623
0.496057 75.0659 123.682 655.839
0.440594 139.706 170.101 809.952
0.335421 27.854 45.9071 321.936
0.377145 35.193 60.2496 371.492
0.377725 50.0091 70.0238 420.964
0.33557 18.0685 38.9654 287.727
0.298587 24.6836 42.1603 295.797
0.30658 37.411 65.833 439.477
0.385562 23.4978 42.0395 292.381
0.364089 29.7912 59.4723 402.003
0.385685 45.3905 72.9605 446.787
0.485305 69.2132 112.393 612.85
0.425715 26.3515 48.719 330.096
0.668491 68.2508 119.144 583.018
0.390806 31.3306 50.9972 333.758
0.320018 27.5621 50.3158 346.475
0.29061 21.8326 45.71 332.769
0.186097 13.7634 30.3625 251.103
0.237203 13.3161 29.7036 246.014
0.385213 46.2459 81.2179 526.533
0.379866 29.9057 52.8711 356.788
0.406285 95.8106 121.457 589.616
0.225184 9.79794 27.1543 235.371
0.615203 119.597 201.62 923.458
0.520044 136.11 172.137 836.72
0.488463 428.058 477.228 1675.41
0.417113 144.004 168.724 742.272
0.445624 51.3278 73.7744 425.514
0.356029 43.5509 69.8728 428.374
0.303724 137.729 170.411 810.093
0.306634 19.5144 38.084 271.45
0.397569 31.3299 53.1608 348.121
0.418955 179.344 219.704 1002.98
0.293855 22.4706 47.1837 345.154
0.344008 33.5594 57.4393 402.76
0.387322 23.3213 48.5485 332.698
0.447093 29.9791 54.7361 350.907
0.363564 22.3366 49.3544 347.243
0.39065 77.7265 100.367 547.706
0.422723 25.3911 53.8654 361.958
0.415821 87.112 107.376 538.262
0.51689 42.5119 82.1655 498.961
0.505922 93.0354 131.14 678.35
0.359722 915.068 1059.07 3789.5
0.388306 17.346 35.858 256.107
0.377546 72.1906 98.9085 531.957
0.336281 20.293 39.7846 287.389
0.335856 56.5443 76.7258 446.987
0.432091 107.871 136.669 716.804
0.372969 45.3805 69.2851 445.096
0.50008 75.334 109.267 595.172
0.418916 22.397 50.47 346.727
0.396215 157.797 201.188 905.508
0.290616 24.8232 45.4468 329.392
0.499727 315.478 351.315 1310.45
0.35677 16.9287 35.3432 261.478
0.438923 74.5741 110.621 574.992
0.375826 31.9044 51.5497 348.969
0.414852 63.1626 99.1886 592.098
0.486436 100.665 153.871 754.598
0.326062 60.7938 90.0299 560.25
0.454094 37.0018 77.7497 495.286
0.456035 49.4309 75.1904 446.319
0.437222 31.6558 57.9406 358.41
0.320802 47.3764 82.1349 484.286
0.400946 148.669 175.755 811.972
0.424868 70.4148 96.4564 549.071
0.324997 30.8952 50.8618 339.462
0.336253 20.8003 37.973 271.075
0.586581 76.8214 145.463 796.083
0.3936 27.9309 51.6604 354.502
0.464961 32.2263 57.9283 371.816
0.445421 436.745 482.016 1778.8
0.372337 26.9446 45.2702 311.801
0.566879 105.978 142.848 714.299
0.275825 13.4831 30.8838 244.816
0.542788 35.5756 68.9617 411.883
0.337961 23.6058 41.0705 299.873
0.346535 29.3949 50.7188 327.442
0.402281 63.6538 98.754 516.592
0.269965 13.3418 28.4598 229.817
0.53015 43.799 74.1514 424.163
0.535454 94.9298 118.772 587.128
0.445993 38.9452 69.5579 420.996
0.423608 25.1175 48.2311 316.075
0.421968 30.134 55.8354 354.794
0.378019 35.359 54.0527 338.92
0.325225 33.1482 66.4092 456.477
0.436513 37.1581 61.4484 393.086
0.515965 38.2006 76.1453 474.511
0.39833 21.6228 46.2567 315.452
0.470044 37.3225 68.7729 421.576
0.345691 26.6617 54.7835 364.509
0.23258 13.715 31.0667 248.758
0.283393 64.5584 84.1662 467.313
0.431892 39.7687 61.7588 368.037
0.329199 32.0045 51.4658 358.487
0.452245 73.3129 98.748 550.918
0.371798 35.2447 60.2022 388.09
0.479779 73.8574 99.1638 531.15
0.522653 61.1653 94.2101 491.888
0.499492 83.1058 122.022 643.79
0.419496 93.595 116.904 580.55
0.430102 54.3893 83.8892 508.984
0.349003 24.1325 47.288 328.125
0.494839 58.8636 92.3618 506.256
0.385995 25.8889 47.7048 330.826
0.518951 71.4578 105.265 577.497
0.415314 57.9167 84.988 470.096
0.405911 46.5959 72.9785 455.95
0.580063 160.701 221.049 944.365
0.267635 24.5423 41.6785 312.223
0.465824 35.7613 72.9474 453.982
0.394026 50.5308 80.102 481.215
0.421524 66.508 84.7864 455.966
0.371429 57.8698 85.2738 517.838
0.414935 37.1795 64.171 396.67
0.363481 47.0478 71.6688 423.998
0.329597 17.4794 38.1775 280.873
0.442615 32.6356 61.2694 389.05
0.321941 39.2645 61.9206 410.18
0.260068 12.1317 26.7206 219.973
0.317729 28.6214 67.1255 474.105
0.426353 29.6123 53.2949 345.337
0.443219 36.8435 57.4063 364.69
0.422333 56.4359 95.3333 556.028
0.460382 226.965 265.406 1110.37
0.481617 26.888 56.4414 361.977
0.466608 90.9402 112.485 565.506
0.270032 27.5713 40.3175 280.559
0.431882 144.501 172.158 778.953
0.179085 13.1361 24.7776 208.718
0.415744 49.5949 69.9505 422.804
0.387039 29.0852 57.7996 382.199
0.438513 24.2401 48.4727 322.948
0.414161 65.1687 89.4773 515.143
0.285505 33.3381 57.3062 398.315
0.339199 118.444 141.746 662.48
0.322361 17.9819 37.4344 276.282
0.294088 25.0953 44.723 315.783
0.423549 77.322 100.67 554.791
0.478477 44.4 77.1647 459.294
0.370335 70.5724 93.8358 544.139
0.245067 17.4572 30.766 242.255
0.587761 95.6657 145.048 671.769
0.479055 165.113 203.57 944.964
0.384972 28.8267 49.8939 332.072
0.385442 27.2538 48.0561 326.03
0.292043 77.0721 103.395 591.615
0.41553 113.7 151.41 806.521
0.584122 49.0423 87.6739 487.253
0.339494 36.8101 62.6389 414.931
0.516676 62.4967 101.131 540.264
0.399577 219.44 259.191 1085.45
0.331856 42.9075 66.3095 429.986
0.405793 52.1133 69.3358 402.548
0.277401 46.5701 68.126 420.512
0.540797 51.1564 88.0543 496.373
0.502263 33.1784 64.1003 383.208
0.496159 159.763 182.886 776.922
0.404249 117.868 147.728 728.834
0.455972 49.6753 83.1369 466.478
0.380417 29.9973 56.4813 378.581
0.454568 31.9693 58.4126 370.133
0.532831 83.5703 128.29 632.515
0.591303 61.741 96.7876 537.981
0.47592 59.0065 83.4091 463.101
0.439451 115.913 140.75 681.581
0.318693 18.1117 37.9108 269.306
0.449544 37.6997 65.7037 419.965
0.354844 66.3108 93.9213 528.191
0.419731 31.0152 54.5722 352.235
0.356783 36.477 57.1821 364.571
0.293049 24.7154 49.9634 351.42
0.516611 41.7781 84.5 509.269
0.230237 10.9492 27.4563 231.708
0.338922 47.3144 68.4318 430.33
0.359913 81.8461 108.172 605.928
0.356616 28.2943 47.428 330.322
0.277487 10.7803 27.1603 225.712
0.360582 23.3958 49.8627 351.269
0.554623 133.45 189.447 967.673
0.398115 62.0594 102.124 589.892
0.392999 35.3507 59.5264 370.747
0.536375 150.398 183.233 832.033
0.351157 35.8029 57.3937 367.573
0.400728 61.9475 87.3587 532.16
0.355962 35.0284 55.7098 367.702
0.303227 112.132 140.787 713.667
0.459243 43.3592 80.2402 497.821
0.455093 136.747 170.726 831.902
0.378879 785.761 863.317 2967.79
0.413579 86.9666 107.484 540.798
0.344986 55.175 79.0157 467.161
0.498795 89.8795 135.999 678.564
0.42045 114.543 144.746 767.324
0.335932 64.2983 102.034 593.165
0.47055 66.1213 97.9387 530.943
0.372675 51.5514 97.4504 648.649
0.395319 38.4198 60.6976 391.627
0.47273 74.6475 94.5754 505.012
0.441574 38.2701 66.8369 401.024
0.352668 50.5059 76.1029 477.926
0.380076 42.4076 66.4136 390.658
0.565337 33.4906 67.3557 391.018
0.369133 41.8091 65.8385 422.574
0.492061 50.6655 77.9498 475.308
0.551131 150.016 246.432 1201.48
0.447734 287.868 320.125 1205.91
0.488523 53.4703 88.6675 494.16
0.399322 43.8799 70.6066 436.428
0.397061 45.5745 68.3653 429.469
0.45775 76.0918 112.997 566.943
0.372582 49.2924 72.0517 448.444
0.28426 13.9078 28.8963 226.646
0.404974 17.1288 40.1458 289.427
0.391615 55.3759 75.996 440.333
0.309362 21.0434 39.0231 283.691
0.454439 23.3167 48.3426 316.851
0.366296 39.8645 61.7705 371.443
0.434194 192.52 231.995 1047.16
0.405752 55.6845 73.9253 430.547
0.476649 31.6682 66.8028 437.299
0.320073 56.0876 73.1256 417.049
0.310134 15.226 32.4853 248.307
0.44251 58.6533 77.135 423.905
0.474068 30.8267 62.1002 402.204
0.414586 39.0346 68.5477 439.572
0.432214 44.6187 81.5249 490.443
0.436166 52.7024 89.9876 531.28
0.468867 118.065 144.28 674.036
0.38036 22.7447 40.9743 283.573
0.311845 25.2407 45.0894 307.795
0.462448 56.4892 85.1575 477.419
0.428103 47.9215 70.5966 428.066
0.510503 36.6426 63.0176 382.118
0.393298 25.3092 53.367 373.949
0.349571 24.6958 41.9292 291.398
0.375713 104.395 134.04 712.439
0.327895 19.7349 40.5267 300.086
0.382421 21.3496 48.5447 332.866
0.347181 37.2673 57.5843 366.205
0.374996 51.1756 72.9766 439.162
0.323791 20.2398 38.3295 285.129
0.361807 61.8908 79.9611 443.172
0.391188 69.2866 125.319 717.051
0.539974 43.358 81.117 474.486
0.400092 73.9828 101.105 572.969
0.476736 57.4477 94.1336 584.582
0.427117 38.8743 65.5532 394.397
0.406822 28.7616 48.5618 319.758
0.556871 65.0915 101.027 528.075
0.410342 44.0776 69.065 418.087
0.494274 73.6163 124.307 677.996
0.494528 76.5434 142.049 790.194
0.414588 53.9389 87.979 533.514
0.348995 20.4783 41.8315 294.917
0.558279 112.667 141.62 693.141
0.473748 33.2551 57.1484 365.792
0.354017 113.079 143.141 700.106
0.453457 58.7765 79.5444 457.786
0.369015 30.754 53.7565 371.24
0.371738 34.9876 56.6016 369.707
0.451829 245.193 274.325 1098.36
0.45599 99.9641 119.727 582.056
0.357108 17.5042 39.3815 285.651
0.472989 66.112 96.465 500.313
0.397273 78.5928 123.479 625.788
0.348996 23.154 47.1836 328.969
0.299767 21.1577 41.8383 312.405
0.373988 26.2465 47.5799 326.248
0.385653 24.6084 46.2475 320.819
0.31712 111.732 135.897 661.367
0.326998 48.4105 66.1844 407.566
0.32406 18.4327 41.5058 309.593
0.435783 77.0642 117.502 626.091
0.538223 38.2079 80.0307 455.721
0.234475 15.1533 27.4889 226.806
0.398131 26.4782 51.8435 333.328
0.414721 45.116 72.0735 465.044
0.382485 31.3869 48.2097 311.652
0.415417 64.6161 83.7101 459.983
0.411672 26.4465 48.7855 315.809
0.269147 30.8006 46.5667 312.535
0.481181 38.2961 72.6585 441.673
0.341189 43.1003 72.5029 479.331
0.36254 38.3991 70.2398 454.76
0.478856 101.556 136.994 741.856
0.30603 16.356 31.7263 237.658
0.305419 37.1043 52.6166 342.411
0.38143 32.5198 52.0289 334.767
0.38714 99.4283 129.477 661.481
0.406199 66.9748 99.4392 558.557
0.410458 26.4801 55.5024 373.945
0.453607 38.6452 62.3021 368.039
0.404526 22.9081 48.4148 331.158
0.27635 14.1812 29.1893 232.512
0.394749 56.9911 85.9059 519.198
0.427075 93.428 136.818 701.227
0.417329 30.764 56.7431 369.695
0.506688 28.9415 59.1238 367.379
0.318146 22.0861 45.3193 309.464
0.403636 51.1405 79.6809 488.062
0.345296 17.2523 38.1723 279.364
0.322848 22.0594 39.3071 292.16
0.344823 27.3813 48.0344 325.633
0.534982 47.0843 81.9121 460.072
0.349099 87.3705 124.085 707.642
0.311148 18.6044 35.8572 270.536
0.485416 24.9508 56.0854 362.841
0.423415 33.6072 57.386 382.555
0.42883 25.6622 52.0114 347.292
0.389986 23.2626 42.8332 291.42
0.415903 18.0317 41.5972 294.597
0.277834 27.4534 50.08 372.89
0.409538 31.8221 58.9578 371.433
0.223829 18.4556 34.1589 267.995
0.467137 64.4084 94.2834 527.774
0.258276 22.6045 45.2536 340.958
0.378691 67.7744 105.777 585.834
0.512764 39.1 77.3714 473.68
0.465217 77.7321 105.445 592.898
0.328293 101.065 137.544 721.171
0.354771 18.6418 42.0197 307.008
0.447974 157.079 182.715 789.237
0.403709 62.4666 80.561 451.575
0.305946 43.0648 59.0221 363.899
0.649233 242.99 296.921 1255
0.374186 79.9504 115.62 674.256
0.41054 38.4053 70.1496 443.679
0.480578 105.939 163.712 930.381
0.377787 55.2419 78.989 468.826
0.599115 52.6842 96.7363 533.177
0.421251 42.4627 70.8955 428.36
0.542325 47.3399 81.8049 465.919
0.389177 41.6662 65.3402 414.422
0.471765 82.7876 104.792 552.057
0.337002 216.014 258.718 1122.74
0.399695 36.2558 64.6957 424.261
0.533686 179.331 211.305 911.051
0.514428 66.8722 102.185 515.269
0.474441 37.521 72.8298 424.903
0.280102 37.8291 55.6997 358.507
0.437225 77.0439 101.283 531.241
0.384005 38.2107 64.5431 415.417
0.299528 15.4374 32.8857 255.137
0.262513 18.0436 39.4263 300.283
0.287112 17.2222 33.8272 256.478
0.311705 32.6258 52.0777 338.069
0.415601 44.3369 69.6605 434.24
0.538242 136.738 160.651 719.529
0.47291 82.442 106.161 571.773
0.345638 29.4811 51.3692 346.328
0.294843 22.3672 39.085 274.768
0.453749 54.0537 97.9592 568.978
0.368864 34.3368 55.3355 370.88
0.345542 47.0417 74.4963 480.439
0.560571 198.251 279.697 1284.65
0.373821 77.3202 115.127 621.537
0.45959 32.4709 54.1115 344.052
0.645989 97.8251 167.905 817.878
0.3569 23.2196 46.0987 318.321
0.516584 51.836 84.4109 486.269
0.407281 104.619 138.058 737.754
0.497097 74.2936 123.892 644.883
0.401792 32.4182 57.3589 376.508
0.433214 61.6672 90.688 542.774
0.410438 24.067 45.0075 310.983
0.378993 28.1186 51.319 336.984
0.39451 29.2533 49.0349 325.749
0.413436 86.4597 109.65 566.389
0.397969 108.452 155.766 828.107
0.339054 19.4247 39.5001 288.187
0.346393 297.017 349.09 1469.88
0.374155 54.2259 78.7317 465.116
0.428941 39.7048 69.4004 421.8
0.378942 30.8971 52.8757 347.068
0.644509 99.7193 141.918 679.82
0.524855 95.5887 163.855 845.938
0.290597 19.4521 43.8582 325.306
0.462394 46.5851 70.9995 409.902
0.322508 18.0134 38.3774 293.663
0.528105 41.2214 80.067 482.231
0.389864 69.4377 121.023 724.143
0.378302 34.3695 57.8947 366.265
0.45719 46.0826 81.2152 471.427
0.264107 20.539 35.3038 268.424
0.308613 21.2983 45.3879 322.217
0.472008 39.4006 75.4168 454.043
0.435169 41.8691 63.5448 388.7
0.511792 106.313 140.55 708.12
0.393235 33.1351 66.1376 418.251
0.280877 17.9899 36.4875 276.672
0.456576 33.5903 65.5026 420.436
0.415811 54.9391 84.8337 542.071
0.28189 21.699 35.5037 265.744
0.38233 17.6625 39.8083 287.216
0.392634 26.5508 52.3538 337.81
0.299324 30.7306 51.0532 333.419
0.520126 36.7142 68.6223 415.415
0.247471 38.9065 54.924 357.49
0.495158 30.585 65.6297 391.125
0.40664 65.7736 87.2299 488.658
0.3267 16.6899 33.9634 260.864
0.352427 53.4749 79.0431 454.951
0.497204 56.8328 90.5261 512.013
0.390191 21.2758 43.4816 306.786
0.505506 82.0826 124.017 697.565
0.282594 81.2049 106.334 574.484
0.435371 24.4154 49.0589 333.468
0.361833 54.4656 79.673 471.48
0.453333 44.931 77.281 459.117
0.411741 27.6369 53.5203 332.645
0.319576 23.2341 38.9749 281.474
0.218879 13.8492 31.1096 256.997
0.34435 24.6833 46.5996 336.436
0.395022 31.299 53.5217 360.797
0.33074 234.342 286.791 1282.79
0.368334 20.6342 40.0112 280.344
0.453061 29.1105 58.9613 372.37
0.402198 23.7185 49.1438 334.282
0.28851 18.5024 42.9938 325.325
0.250833 16.7162 31.5532 247.015
0.398811 30.3674 53.3977 350.666
0.468735 50.1248 76.1157 430.532
0.330466 33.9916 55.8607 380.042
0.385162 49.3498 76.7486 427.351
0.582462 95.6475 129.754 672.225
0.456227 38.037 69.1992 419.794
0.481813 63.3827 101.068 572.23
0.271797 29.952 49.0911 327.612
0.318164 20.0429 38.9711 276.816
0.269834 29.8602 45.49 315.928
0.297691 19.2778 39.0843 283.312
0.402828 107.749 173.371 929.55
0.397601 21.4178 40.0346 276.761
0.399997 34.4537 60.6138 389.65
0.428756 38.6685 69.3424 426.744
0.353476 72.0521 101.69 591.804
0.426342 76.1914 100.958 552.148
0.259539 42.124 72.4206 473.827
0.311519 33.0987 57.158 391.937
0.52482 66.7989 105.828 581.148
0.447117 41.038 68.0926 407.429
0.37152 26.1787 48.8128 333.48
0.416455 23.7901 47.8852 325.451
0.503721 79.1005 99.5361 489.407
0.397496 40.9482 61.0391 387.281
0.34192 29.545 46.2114 316.867
0.548735 104.524 130.706 612.709
0.629121 91.5842 128.978 635.994
0.383743 17.4255 42.991 313.797
0.541189 58.7312 110.298 639.284
0.497387 43.8853 76.861 436.938
0.284207 17.54 33.8238 257.624
0.317626 15.9613 37.3575 275.066
0.483014 75.663 99.9636 534.948
0.377499 169.248 196.332 863.78
0.300879 14.753 30.9457 238.79
0.388205 43.058 60.0316 366.934
0.399117 65.8892 94.915 497.366
0.364908 17.6234 37.1345 271.745
0.544388 39.2208 82.2597 493.723
0.488418 50.0639 83.8606 481.301
0.383474 31.0383 50.9921 338.882
0.375585 40.08 69.9731 453.985
0.382128 206.68 245.312 1058.6
0.399944 24.3831 47.8485 311.68
0.279637 17.4875 34.0217 263.429
0.451541 50.8071 76.3428 417.864
0.430809 26.2866 50.6619 331.053
0.377145 28.9834 46.1947 308.186
0.340844 91.0056 123.735 638.989
0.399066 48.5071 68.7092 412.445
0.349978 25.5926 43.2198 286.489
0.321356 42.5708 73.7904 462.623
0.43538 33.6248 59.5811 387.039
0.431043 23.0194 48.5254 312.709
0.33954 45.7431 70.449 414.451
0.349611 40.2631 62.8956 399.884
0.300268 18.7437 35.0981 259.061
0.404382 76.9163 101.083 523.442
0.343559 24.912 40.0796 281.907
0.423858 26.681 50.1693 339.607
0.331123 37.967 54.4147 351.907
0.550919 34.391 78.1958 471.428
0.387819 123.273 159.965 794.295
0.376098 17.2986 39.4893 285.832
0.416861 25.9078 47.2258 324.036
0.300516 33.1054 48.4457 322.995
0.302727 25.569 47.2012 336.851
0.309084 28.4226 46.6643 319.441
0.456721 49.6401 78.5728 458.552
0.359868 57.6487 91.5303 574.612
0.518705 69.1225 99.4611 517.561
0.463346 78.3076 126.352 713.311
0.347563 42.8705 66.173 411.757
0.308646 25.7407 49.3212 358.005
0.577049 63.766 95.9249 513.822
0.505311 78.9601 119.194 643.865
0.516999 42.739 75.2889 443.647
0.332781 18.9884 37.4783 273.675
0.417029 55.417 77.8317 455.867
0.58319 57.3454 106.921 558.253
0.296903 31.3213 47.4389 315.921
0.321959 28.3088 50.5061 346.569
0.53638 46.2569 79.1093 449.767
0.417624 23.0454 48.0048 316.68
0.450967 83.1362 129.952 684.471
0.26615 15.9988 32.0905 251.592
0.358298 30.8743 64.3795 441.18
0.471753 45.9945 81.4232 488.281
0.602274 52.5777 90.5162 490.009
0.376039 152.989 228.053 1178.07
0.383636 30.9609 54.903 345.082
0.33952 30.2122 52.4273 339.537
0.304566 9.7588 26.1963 217.488
0.624419 75.5305 112.05 555.216
0.30599 16.6313 37.568 283.86
0.464137 47.0935 82.5315 489.723
0.290503 25.8799 52.3216 361.171
0.411742 34.1036 60.3263 373.819
0.434646 45.7333 63.8236 370.435
0.431668 37.1284 64.3533 397.732
0.388984 35.8928 63.5379 404.132
0.547285 170.486 252.048 1199.2
0.383086 32.8269 52.9291 353.904
0.349209 33.1683 50.9164 337.026
0.387832 47.8874 74.3029 469.022
0.41821 68.9737 94.1201 496.276
0.312327 33.9939 57.2707 404.126
0.247324 43.6253 59.8318 366.895
0.497008 175.836 248.199 1142.67
0.308048 14.2443 33.9026 265.334
0.400978 44.4311 66.7217 392.802
0.385276 127.666 158.739 803.368
0.456924 104.031 138.526 704.38
0.515921 31.8755 65.401 410.983
0.570331 40.6065 83.4608 467.21
0.36282 26.7192 45.5483 301.616
0.340132 102.419 128.21 627.646
0.312534 15.2122 34.9776 270.477
0.478537 48.406 87.1334 502.425
0.393275 16.7237 41.3748 298.745
0.528127 116.404 140.594 672.652
0.283457 34.3143 54.8192 376.359
0.493252 51.9378 90.6525 519.62
0.405716 34.7314 68.4597 450.346
0.424922 48.0398 78.6411 460.27
0.467441 28.409 55.3032 359.118
0.492059 39.1377 78.769 458.459
0.389477 40.0815 58.4965 365.725
0.256542 33.6896 52.4415 358.355
0.441703 95.0637 147.884 821.345
0.452425 63.4978 82.9102 455.778
0.290979 24.4042 39.4002 284.256
0.273095 19.5256 42.2536 319.668
0.321138 19.177 42.5095 310.22
0.36051 33.1065 50.5049 323.078
0.528418 129.896 173.713 893.594
0.477415 56.6594 84.8365 465.853
0.578607 56.6825 86.4898 465.566
0.329824 18.7219 34.5877 257.778
0.418975 55.1232 87.3765 525.616
0.398845 54.3058 75.1918 441.971
0.340422 19.5593 41.3689 307.748
0.405469 32.1219 52.3295 334.044
0.349886 15.5924 37.8878 285.638
0.546104 87.9695 128.333 680.602
0.347629 18.0054 37.4247 276.601
0.483498 35.5222 60.9852 380.524
0.554436 33.2075 64.826 386.563
0.429281 44.1393 62.853 378.624
0.345414 58.5618 81.6998 473.482
0.396425 58.8444 81.3286 466.873
0.38008 31.2947 55.5501 358.369
0.40227 52.9118 84.9807 536.056
0.411409 83.7491 106.848 572.303
0.287112 36.9165 51.7625 336.82
0.385484 22.1809 47.2078 330.666
0.406676 43.1404 71.103 441.528
0.310424 17.5173 34.5939 262.806
0.472423 55.7324 82.3336 472.701
0.353823 38.2817 59.5979 369.144
0.499347 45.4516 73.2137 409.381
0.525811 71.9362 111.329 603.848
0.330165 37.0081 55.8275 346.903
0.358363 84.2725 106.796 575.141
0.486755 46.3207 83.4914 482.179
0.41227 57.2516 84.2544 494.104
0.322613 760.662 890.474 3276.02
0.320045 152.996 204.142 1001.53
0.400635 29.3599 61.2473 406.145
0.304689 22.2858 50.772 361.382
0.45261 66.4225 86.3456 451.593
0.380544 1053.76 1234.61 4400.22
0.283058 25.0052 52.7059 378.668
0.240751 88.5028 114.439 597.041
0.297523 21.6648 42.2663 306.838
0.351764 85.884 106.501 555.554
0.40062 43.8224 65.4934 401.659
0.355291 33.372 55.2338 375.82
0.391278 18.4985 40.3548 284.776
0.651679 46.0562 93.7005 493.536
0.462146 146.57 177.449 815.613
0.282663 16.9252 32.6762 258.782
0.390224 20.8532 43.7814 295.574
0.422869 54.9119 89.0844 538.663
0.303347 28.3802 42.929 296.475
0.520525 69.7761 91.5199 471.912
0.550147 79.3556 124.166 637.606
0.499847 34.4112 70.3187 439.686
0.387868 34.4522 53.9135 349.896
0.382445 40.8901 74.2645 476.202
0.453203 97.255 123.571 622.475
0.477046 79.594 128.761 666.132
0.412371 45.0527 69.4426 426.442
0.447942 71.3499 89.4612 475.915
0.495406 92.1803 119.643 572.058
0.352375 32.3764 55.2555 383.586
0.282695 67.0025 89.9402 499.715
0.354777 20.9822 44.0399 312.423
0.358901 22.6046 50.883 355.005
0.487923 874.101 1006.15 3380.29
0.315642 116.05 151.362 737.054
0.326274 28.1966 48.603 344.569
0.49384 142.348 204.518 1031.91
0.630363 69.5747 100.565 508.19
0.392618 24.3094 45.2853 312.021
0.404134 49.8463 76.5481 434.923
0.355486 40.3382 66.5792 421.486
0.483644 38.3219 67.0333 405.716
0.40713 21.2116 44.0152 295.83
0.503647 57.5825 105.528 579.224
0.434194 30.686 62.7981 416.004
0.401785 54.6717 76.5815 464.233
0.411028 60.5562 82.1579 458.722
0.395773 91.3145 153.84 931.32
0.435457 45.607 64.0956 388.775
0.384476 151.343 185.803 865.104
0.299654 25.5925 46.9983 331.33
0.392356 36.3579 72.1262 461.427
0.305048 27.3256 48.196 332.428
0.380752 114.581 139.153 663.133
0.396933 42.1436 65.0545 389.265
0.485585 27.5259 53.1159 339.558
0.516598 58.1517 82.6996 461.956
0.396332 17.8596 36.837 264.621
0.373085 34.4981 57.5228 347.984
0.328031 22.048 44.6744 326.713
0.446264 28.4061 58.6424 376.046
0.31823 49.7016 68.8003 410.256
0.375172 25.2757 46.0006 306.523
0.444331 54.8848 75.2068 436.925
0.38804 110.375 130.412 626.87
0.446174 80.7266 110.681 608.73
0.243507 15.3152 28.232 228.349
0.623246 368.898 397.987 1328.36
0.412968 26.6745 48.0083 316.026
0.321393 18.856 39.7037 298.244
0.354213 27.1575 50.532 336.923
0.410849 141.192 190.251 925.496
0.267275 14.418 28.8613 226.078
0.313799 59.7975 80.6442 458.9
0.455092 60.2969 102.577 616.285
0.53263 44.5924 77.7765 428.733
0.338065 31.3092 51.7395 358.326
0.283129 35.7745 52.9301 357.984
0.613406 73.0855 102.337 536.546
0.522095 75.9058 122.387 610.332
0.333368 28.9239 56.9251 394.619
0.315863 67.4426 100.596 613.052
0.383375 44.9198 66.7043 412.722
0.340835 48.8244 71.9843 462.143
0.377519 61.8231 96.953 587.783
0.54848 67.73 104.589 582.139
0.369189 57.6385 81.2979 492.634
0.547798 105.256 147.092 726.277
0.498265 69.7703 127.652 716.12
0.410014 46.7841 67.3272 394.899
0.416281 51.523 77.3937 467.911
0.569037 49.6386 106.197 610.656
0.380921 27.7347 48.97 314.843
0.481027 222.905 248.068 966.723
0.425353 31.8195 59.0356 374.964
0.393475 35.4678 71.3786 451.641
0.484864 40.0972 67.8721 401.639
0.44908 89.6232 119.966 618.04
0.382232 46.0823 67.9839 426.277
0.392858 33.4683 58.1431 374.339
0.500553 269.034 311.023 1316.83
0.382146 49.4002 80.0377 471.287
0.399694 21.0319 42.9738 294.931
0.32373 31.4056 55.5823 376.561
0.384089 31.8541 61.5895 400.298
0.34533 38.3668 71.9636 491.199
0.448428 81.0767 123.248 663.834
0.293003 50.3473 77.5529 512.292
0.50679 53.3306 76.6635 430.005
0.376878 62.0627 93.9042 553.68
0.361526 23.0265 49.4139 342.755
0.429407 41.5192 68.6437 418.983
0.416801 48.4608 83.4995 547.008
0.337239 20.1123 40.1443 287.954
0.378686 33.6628 56.4857 373.535
0.496046 56.9633 92.509 553.436
0.360325 38.5407 54.7784 347.447
0.246627 10.2167 25.3207 215.331
0.544016 197.483 245.81 1174.37
0.465122 21.5149 48.8438 319.645
0.508309 76.1437 127.345 651.075
0.491088 73.3379 95.5509 511.151
0.398073 73.143 100.171 525.792
0.342965 56.6574 82.4069 510.381
0.308636 25.152 42.3858 307.702
0.404809 23.4107 50.3451 350.777
0.335393 30.9137 53.1577 357.397
0.369332 48.1267 70.7193 438.025
0.427774 25.8786 48.3161 322.201
0.352596 32.0584 58.7306 389.214
0.333451 23.9718 46.102 330.214
0.273983 18.1861 34.7517 263.496
0.368006 267.354 309.996 1269.43
0.346708 25.3644 44.002 309.247
0.379074 29.4917 53.2213 350.799
0.37478 280.791 344.073 1397.13
0.389983 86.9157 125.241 706.155
0.589274 213.284 251.939 1062.08
0.420188 32.3156 56.0993 342.921
0.432612 337.314 404.951 1605.71
0.371104 81.5177 111.027 617.634
0.387444 50.0269 71.0855 439.845
0.448968 32.8282 59.4688 370.726
0.368834 21.4538 39.7354 282.954
0.385737 52.6024 99.2679 596.257
0.419431 29.9542 56.9446 360.792
0.358591 21.7754 46.142 324.18
0.469656 3401.68 3666.87 10819.7
0.290727 23.0983 47.3725 346.379
0.240431 12.2309 28.8226 240.949
0.285946 24.586 47.321 340.859
0.40327 29.3631 52.8593 345.904
0.432682 40.6974 69.5524 403.261
0.396105 35.2293 61.4883 377.861
0.409323 48.5646 83.2668 498.807
0.515667 117.702 179.201 898.087
0.478434 73.6353 123.165 691.515
0.335486 51.4928 74.2006 464.092
0.341165 16.8176 36.0749 265.058
0.347724 72.9168 95.2001 534.64
0.457665 57.9243 86.3487 475.493
0.298806 36.6028 52.7939 347.189
0.491125 113.63 139.871 677.423
0.395093 80.3145 117.102 678.211
0.460143 96.805 120.808 605.495
0.384979 22.3097 42.0664 292.101
0.479102 35.9976 66.5861 418.194
0.390134 117.989 145.181 738.184
0.317048 82.6968 104.823 546.692
0.32949 38.6778 69.3104 455.769
0.27319 21.3165 38.1602 274.762
0.380708 37.8022 67.1557 428.779
0.41042 69.8536 91.5748 482.07
0.369761 14.8472 33.1833 248.514
0.363401 25.2272 44.2996 298.212
0.412805 37.3414 63.415 406.183
0.437856 45.6796 69.1763 418.438
0.544347 53.682 104.045 618.833
0.297864 32.2044 52.629 354.581
0.527322 84.7461 124.091 614.971
0.356509 43.4765 61.5881 374.018
0.487857 38.9559 77.6434 481.036
0.373569 23.8933 51.0632 356.337
0.418402 75.4553 95.546 490.296
0.40171 25.8841 49.3611 326.094
0.448178 80.6588 125.752 682.679
0.339409 28.8661 46.544 325.818
0.389319 50.3892 82.5369 509.227
0.358513 55.0871 78.1918 458.286
0.452082 50.2068 76.532 454.414
0.417716 58.8685 109.743 657.115
0.480215 92.3949 119.447 606.28
0.433892 35.9711 63.6396 412.162
0.459314 28.2586 55.6284 349.307
0.415593 70.2178 99.1996 570.189
0.315255 47.5567 63.695 387.505
0.438008 24.0626 50.7624 334.595
0.450416 83.3196 107.98 589.213
0.446525 30.9215 63.7259 384.766
0.415481 94.9232 115.096 556.709
0.303254 38.696 54.9967 345.33
0.383399 18.4448 39.0142 282.744
0.341147 67.3382 88.7189 493.46
0.380874 32.26 60.0957 390.327
0.423393 106.165 135.521 660.234
0.510158 51.4222 85.5793 468.324
0.480552 67.0101 113.222 652.293
0.425523 23.515 48.7272 325.647
0.257223 11.5856 27.9787 237.752
0.55308 321.365 358.753 1392.15
0.638808 90.8779 139.934 725.603
0.507775 53.4621 88.1714 493.596
0.298487 157.339 194.913 965.022
0.328178 28.3732 50.9413 347.491
0.493778 111.008 142.957 695.228
0.479271 136.146 161.591 745.475
0.279115 50.7493 72.1127 457.224
0.400291 55.7349 78.3077 438.212
0.397587 20.7523 45.7988 307.665
0.416989 36.4352 58.5141 370.645
0.376079 27.7104 50.8964 335.549
0.269262 20.4133 40.3572 309.469
0.473029 35.7094 74.4773 478.332
0.557168 50.1604 89.581 485.552
0.605227 59.2796 93.0837 500.642
0.555936 112.469 171.002 860.587
0.481372 26.6584 53.4172 333.936
0.319756 26.5332 44.364 320.569
0.471688 62.9581 91.1074 505.918
0.295923 18.8881 38.013 290.166
0.281462 21.9808 37.4868 273.744
0.334932 119.001 154.435 756.861
0.307165 18.2811 35.1064 263.363
0.360359 29.8713 54.5938 361.718
0.37771 27.1747 50.0194 337.049
0.311573 13.3853 32.0892 251.787
0.334042 30.006 58.3565 394.702
0.37982 31.7927 60.568 403.547
0.402131 61.0469 83.2969 475.693
0.498921 65.8973 92.8759 489.477
0.458901 112.142 143.082 707.753
0.330031 34.683 52.9339 342.313
0.421561 148.569 177.584 843.459
0.379302 25.4532 43.9221 297.963
0.284235 22.8522 40.9829 300.036
0.31072 19.3339 36.2517 277.938
0.558195 75.1399 136.574 720.92
0.468578 58.5816 93.5733 557.549
0.463848 39.1736 73.3023 432.066
0.552007 54.9226 98.697 544.306
0.416615 33.3262 58.7002 380.195
0.394695 33.1829 57.8026 365.649
0.257763 18.2219 43.127 337.041
0.315153 22.4238 41.4107 299.176
0.262079 13.8219 28.4392 232.297
0.429072 22.0539 51.2877 344.32
0.336234 35.7728 56.1719 371.578
0.310763 16.1073 35.1522 278.23
0.33525 17.5002 38.7618 290.453
0.33733 39.1028 62.6866 422.89
0.265308 40.1291 56.8728 368.873
0.343617 39.6245 58.0242 378.072
0.282953 16.2125 34.9341 274.291
0.394632 17.2571 44.3372 317.404
0.475815 98.2546 147.814 714.455
0.46949 217.826 245.985 988.838
0.33428 33.97 70.6303 483.636
0.329262 48.3358 71.6499 449.498
0.289932 20.9573 47.5363 355.016
0.359084 41.1121 63.883 408.587
0.44255 24.0601 46.2583 305.3
0.271708 52.1292 89.5442 524.009
0.445578 40.1579 75.5672 448.977
0.334392 77.2862 99.8121 554.319
0.418793 44.7164 66.9515 409.038
0.392388 56.7127 87.3362 514.36
0.37568 15.6741 37.561 279.1
0.566591 47.3705 80.7845 461.412
0.357375 18.6584 36.8846 267.416
0.460213 237.066 268.16 1065.04
0.421374 40.2306 83.5133 532.531
0.3789 18.2666 42.2553 296.686
0.458396 32.6017 61.7693 383.985
0.336653 67.0818 85.6123 482.372
0.383103 54.8749 75.3264 431.506
0.312519 32.6658 58.194 378.889
0.385092 41.1948 59.1927 366.523
0.22117 10.0957 23.8268 206.409
0.440213 55.7768 87.5543 514.275
0.287017 17.1642 40.3182 305.947
0.347274 31.074 49.9426 332.794
0.259605 16.8879 35.0784 268.527
0.259504 22.5453 40.7592 294.451
0.414623 66.334 94.4707 537.552
0.356012 16.3564 35.5165 262.731
0.44957 31.3993 59.1157 378.545
0.386927 23.8025 47.8263 341.386
0.36912 29.9187 52.9274 346.797
0.302398 28.3353 57.0944 411.896
0.382466 71.3139 109.242 638.405
0.374715 24.4259 43.0685 308.612
0.471207 48.1886 73.9814 419.672
0.429518 41.9825 67.3944 391.173
0.414383 29.6136 50.3827 322.44
0.390054 106.927 158.612 892.509
0.356658 26.1924 48.8533 342.707
0.52783 43.2211 77.7247 459.871
0.376884 31.3326 60.8412 373.459
0.476544 27.9259 60.201 390.56
0.329927 60.159 98.196 622.157
0.360362 36.4056 56.1177 363.885
0.406538 29.3933 57.7659 384.193
0.359801 27.98 46.0741 321.693
0.341289 17.9477 38.9837 294.028
0.337788 19.8779 38.2569 271.329
0.489672 38.9018 78.5612 457.104
0.396233 30.3007 52.2864 355.335
0.296133 33.6772 55.5687 377.274
0.390695 67.4966 89.974 481.283
0.421378 30.8645 60.8438 386.761
0.379354 23.6213 46.8941 328.891
0.347599 11.7485 31.142 244.249
0.463557 42.5342 73.9822 446.059
0.318578 29.2464 47.55 319.24
0.26648 26.1846 44.0297 296.179
0.349977 26.8886 51.4484 347.967
0.444076 77.5181 104.572 568.414
0.505629 68.2847 110.924 593.153
0.331028 58.2902 97.2461 534.011
0.27639 13.5035 26.4908 213.686
0.26482 45.8323 60.5402 367.005
0.408165 47.5679 79.7452 469.845
0.403018 32.5185 57.0666 366.032
0.435675 93.6943 138.82 829.634
0.65074 414.715 455.73 1637.17
0.268447 51.8641 73.0536 443.91
0.389751 86.8588 137.393 784.027
0.2909 78.233 100.048 524.1
0.542159 52.8589 78.9228 439.791
0.396868 35.7914 58.8567 380.697
0.323164 44.496 85.0438 546.41
0.564194 77.0277 102.779 536.383
0.501468 42.8981 82.1881 469.882
0.231429 15.6479 29.9439 245.081
0.290344 12.7912 32.7931 265.058
0.516869 142.408 175.564 819.316
0.348812 69.6317 90.1776 488.484
0.459056 172.756 195.094 819.173
0.400103 52.4107 90.7268 577.556
0.408073 24.8219 50.0215 341.179
0.456053 50.7614 72.7569 417.007
0.370273 17.3392 37.4987 267.238
0.241621 70.7863 98.6059 563.565
0.449856 34.1017 65.3682 417.327
0.470135 39.3149 76.354 478.889
0.575223 73.0711 125.675 686.561
0.457138 244.378 339.616 1624.52
0.425513 134.18 158.099 733.824
0.360238 24.6065 47.8532 324.974
0.488914 37.9186 67.8231 398.882
0.463195 42.6025 71.8937 409.249
0.600651 51.554 92.5203 483.321
0.366783 16.7356 38.233 273.715
0.463844 60.8929 96.2483 525.973
0.403474 27.7934 59.3071 394.216
0.446649 91.8936 111.039 553.873
0.472305 108.38 160.417 842.061
0.358614 19.9725 42.243 297.538
0.328397 66.1903 83.818 454.386
0.473521 41.5091 71.1609 406.449
0.313781 15.1414 35.0065 270.534
0.328075 24.489 40.6343 291.565
