0.353347 18.2029 29.636 217.802
0.347323 12.9338 21.6307 169.779
0.336993 11.9253 18.3589 149.23
0.272745 12.0804 20.0958 163.2
0.434309 11.4092 20.3094 161.754
0.415855 18.2065 26.6674 191.546
0.432271 34.9407 43.5952 282.931
0.196094 9.53725 17.0723 156.191
0.481153 29.6 47.3077 323.342
0.326487 12.6668 20.9319 172.789
0.287362 6.14248 12.6108 118.647
0.559376 29.8258 41.1942 268.735
0.492641 16.7348 25.3548 184.426
0.364618 24.915 33.5638 237.954
0.425653 17.8893 34.1744 260.552
0.302551 7.85499 14.8299 130.838
0.401311 12.9435 24.6638 197.897
0.439724 25.3222 37.1971 268.608
0.456832 19.8003 28.5616 204.117
0.281765 17.9834 24.597 188.645
0.531393 23.5809 36.0675 250.501
0.289676 20.7667 39.498 306.616
0.582398 48.2615 73.6139 430.469
0.281276 11.7839 17.4453 144.964
0.507092 20.3713 31.6908 220.118
0.300695 11.2051 20.106 169.224
0.461056 44.6763 61.8925 417.132
0.180908 5.33439 10.6252 106.582
0.373095 30.6597 40.7607 267.091
0.389044 23.3747 35.7472 248.734
0.459441 11.4239 22.0927 173.76
0.263303 27.2782 37.3789 265.398
0.370462 17.5354 24.8718 189.14
0.304359 8.72718 16.0991 142.418
0.265405 22.4164 29.2008 211.23
0.304617 21.8496 28.5367 206.836
0.453767 18.3875 30.1314 222.597
0.508052 41.0624 62.3681 408.346
0.635192 36.1921 66.5738 428.792
0.295153 9.78296 17.8112 152.662
0.345769 14.7372 21.0736 168.779
0.378672 61.3138 72.9069 426.225
0.395145 9.76891 17.5762 145.838
0.510011 46.5079 64.3215 407.773
0.684068 25.0941 44.0223 273.702
0.414248 19.1168 26.9764 193.171
0.355925 25.905 32.6637 225.417
0.658388 44.5472 66.4741 401.541
0.629384 38.8732 63.6461 409.598
0.42059 13.1204 22.38 172.041
0.489088 13.1804 24.8879 189.749
0.395951 9.40818 18.8842 158.297
0.729819 47.9894 69.1064 391.564
0.343328 7.58528 14.9124 132.477
0.450224 15.5062 26.1792 197.332
0.27151 10.854 17.7528 155.871
0.280134 16.0228 27.5432 230.642
0.25817 7.04827 13.2941 125.096
0.141816 8.1617 13.6765 128.472
0.178866 3.94414 10.3398 108.312
0.431602 25.6056 38.8236 275.131
0.497081 39.3797 61.8117 425.33
0.380081 13.9798 25.3022 203.526
0.317398 9.18257 18.3943 159.584
0.58188 83.1845 98.7085 511.697
0.275734 8.40802 14.8766 132.231
0.207557 5.82774 11.8924 117.205
0.824504 75.353 126.776 654.58
0.545972 33.6122 48.3947 321.76
0.490543 286.562 326.338 1527.69
0.419344 13.7064 23.4334 184.693
0.318979 14.515 22.9242 177.987
0.452791 27.7366 36.9512 244.899
0.486691 19.8198 30.8111 222.023
0.464794 36.5912 47.0494 299.514
0.299384 29.5774 39.4974 268.867
0.20906 4.88853 11.0921 111.154
0.27248 11.7699 19.2052 155.589
0.497015 25.993 38.1888 263.843
0.323294 13.4515 20.7009 171.434
0.402731 28.5746 38.3765 275.649
0.254662 23.7131 33.3634 246.78
0.384846 19.9549 35.6925 274.525
0.326186 11.4548 19.8654 165.677
0.339709 13.4211 21.7065 180.951
0.425228 17.1027 26.3382 192.212
0.458049 20.8342 32.8817 235.688
0.435662 16.9348 27.4559 214.238
0.277947 10.5083 18.2069 158.658
0.479338 22.8756 33.3617 226.729
0.304717 7.16638 14.1991 128.986
0.400168 17.2678 24.4691 182.109
0.484576 64.7234 75.0031 427.846
0.398766 29.9059 40.3033 262.29
0.50024 29.2126 39.8669 273.824
0.514318 38.5406 49.0553 300.046
0.277843 16.4504 26.1234 207.003
0.519481 688.228 758.113 3339.52
0.37736 10.1967 17.8376 147.632
0.287266 17.8097 30.2516 244.52
0.403939 21.7633 29.4662 217.394
0.531404 14.3091 26.8897 197.74
0.381074 17.1547 26.1838 200.026
0.281098 30.3225 40.825 291.445
0.272447 7.47586 14.245 130.403
0.52275 120.19 135.739 718.171
0.592546 32.4784 43.9413 284.107
0.347222 13.5889 20.387 164.894
0.220647 4.74992 10.575 107.341
0.250054 7.27196 13.4058 123.73
0.543729 21.7088 34.859 241.455
0.607448 55.906 76.9706 460.283
0.404188 20.2245 30.8911 234.975
0.431025 17.8248 25.8151 192.051
0.428447 14.608 24.5567 191.858
0.328585 30.2123 40.3608 269.528
0.450471 33.1906 51.8303 362.231
0.366471 10.7885 18.7688 153.596
0.551695 33.2852 50.2339 334.006
0.370729 58.4758 76.1624 458.269
0.26328 6.30105 13.2288 124.378
0.550624 17.032 29.5502 207.688
0.375766 14.3568 22.7607 183.694
0.319219 9.24768 16.4383 144.539
0.238456 13.7226 19.758 160.183
0.416316 21.806 33.7703 231.261
0.480555 45.3474 53.9911 329.135
0.358775 11.7584 20.1288 164.994
0.204585 5.0553 10.6474 107.931
0.539033 29.4141 45.7974 294.716
0.504662 63.8075 74.4799 427.7
0.453096 53.8049 65.5861 377.53
0.524861 27.3998 39.1559 268.574
0.354318 11.7297 18.7181 156.926
0.636241 39.2317 53.0076 321.382
0.349518 15.8762 24.2113 190.249
0.427245 28.4091 38.4596 252.005
0.410095 24.8072 33.1188 232.51
0.317729 24.8848 32.1183 226.624
0.441181 27.4203 36.4147 243.05
0.456962 17.9282 29.3648 214.352
0.489173 18.9027 28.3129 208.878
0.404947 14.4056 26.622 206.27
0.469881 24.6966 34.4033 234.289
0.430755 12.6828 24.0917 190.282
0.240323 12.5433 23.0112 194.429
0.48648 34.2996 50.5201 329.061
0.211288 9.4606 18.4107 163.027
0.241312 7.36169 14.5351 134.73
0.294717 50.197 60.3992 370.861
0.439028 23.0646 34.9746 248.131
0.446426 24.4755 32.0081 223.259
0.349654 33.6155 44.0571 290.453
0.536837 53.8007 62.2949 350.192
0.384615 13.0489 21.0662 168.092
0.27558 8.8375 14.872 133.559
0.535459 29.5465 39.0181 258.829
0.380025 19.1438 29.3053 208.932
0.284027 6.79829 14.0824 131.125
0.279106 9.88453 16.2411 140.682
0.384686 9.32459 17.3534 144.22
0.410842 22.3111 31.7131 232.261
0.251943 8.33579 15.0572 139.462
0.457376 26.6324 35.7524 244.527
0.252466 6.64955 12.5074 118.482
0.250705 16.021 22.3329 177.267
0.403655 9.05687 18.6305 155.652
0.408006 20.2118 28.7814 211.41
0.398807 8.29249 16.6528 141.537
0.286783 13.6272 20.2447 168.468
0.612248 39.3613 57.4131 360.645
0.472066 161.193 184.174 912.984
0.440603 110.619 128.259 678.356
0.52532 20.0071 35.0404 251.817
0.534565 70.289 83.4 476.361
0.330386 9.02366 16.0074 138.624
0.231494 6.77706 12.6299 120.144
0.415446 19.531 26.7276 196.202
0.383874 95.5434 119.445 670.445
0.141145 5.91594 11.0996 110.491
0.412557 10.4169 20.2729 166.641
0.393021 11.198 19.0374 157.727
0.404036 22.1248 37.9677 276.626
0.389596 11.4237 22.6559 184.664
0.53158 15.4173 27.6319 198.023
0.38581 46.2042 54.6588 327.725
0.221366 8.79252 15.4991 142.458
0.426209 31.3714 42.6866 273.289
0.357921 8.3167 17.0038 147.698
0.288022 12.6323 19.5545 164.893
0.280651 11.7552 18.7554 157.085
0.283773 12.8084 18.9344 155.964
0.432964 55.6653 69.2646 436.739
0.483177 33.1019 48.358 299.809
0.487229 26.4661 39.4259 270.419
0.415237 53.472 64.7345 401.473
0.269041 7.1652 14.3441 131.187
0.259348 7.4839 13.5775 124.398
0.503733 53.4811 62.762 354.372
0.526963 43.7581 53.7871 315.864
0.333026 19.9684 29.4448 224.852
0.50147 18.5311 28.0889 200.592
0.413451 20.7772 29.5874 217.542
0.454364 51.9206 74.0585 435.76
0.687766 35.5115 55.2825 341.09
0.546 39.8781 50.2812 319.646
0.564368 22.3465 34.2569 232.407
0.419066 80.9326 94.8245 534.963
0.398442 15.6227 24.2592 180.173
0.220557 9.20002 15.2884 136.952
0.425965 13.957 22.9976 175.834
0.506781 22.7058 33.7243 235.618
0.319854 47.5234 61.5042 376.563
0.458455 12.9844 24.9508 195.161
0.411283 15.6132 25.4793 192.715
0.385114 14.8422 24.2259 190.364
0.30032 11.345 19.0703 165.615
0.27077 12.0492 18.4619 157.638
0.497771 27.7581 40.1151 284.664
0.289724 16.9166 24.5299 196.263
0.198531 8.23281 14.0397 129.041
0.334724 34.34 46.6599 326.681
0.465348 11.999 22.6415 177.076
0.298741 10.7384 18.1445 152.616
0.372064 10.3392 17.9082 149.504
0.254316 9.88938 18.1246 161.213
0.303378 8.35454 16.2835 144.881
0.306544 15.8423 22.9366 184.971
0.431558 17.8438 26.385 198.883
0.574682 36.5299 53.5632 341.653
0.489099 52.0767 65.7655 421.6
0.411415 29.8419 42.4223 274.042
0.310795 6.84162 13.802 126.365
0.485768 27.9234 38.7733 262.661
0.47642 49.6009 63.3494 383.604
0.327087 9.55154 18.9839 160.213
0.347771 17.9467 26.3261 208.086
0.510261 51.2061 60.8936 356.966
0.311092 16.2751 22.712 177.339
0.395945 91.3394 105.914 578.811
0.291169 9.7465 17.8882 152.31
0.389614 12.156 24.6972 203.713
0.557956 106.167 125.805 677.653
0.250903 8.21682 14.268 126.963
0.392493 24.2194 34.3624 231.293
0.344919 17.7796 24.2738 180.171
0.466402 13.1307 22.987 178.038
0.379004 45.8199 56.6466 343.285
0.528892 51.6482 68.3835 391.72
0.365221 15.6957 22.7064 180.648
0.568023 48.2154 59.2914 342.828
0.255365 14.829 21.694 175.202
0.413001 13.3847 21.3336 169.206
0.188667 4.32345 9.72375 101.331
0.39171 11.9783 19.94 163.971
0.494799 13.4375 23.806 177.993
0.401536 9.58023 17.6 146.793
0.268284 10.8742 18.4567 153.989
0.36186 16.5841 25.1596 188.15
0.427265 13.2166 20.8867 163.206
0.558077 35.7418 47.9999 301.338
0.266964 10.1833 16.2057 142.598
0.525592 157.332 175.571 892.71
0.413408 19.2685 28.6831 219.037
0.395424 9.81002 19.3521 161.707
0.563244 25.2383 40.8561 276.743
0.370808 15.9447 24.2097 180.504
0.37761 44.6436 54.4842 340.869
0.261397 10.7181 17.4508 146.467
0.45715 13.0112 22.2116 172.097
0.388037 10.5788 20.3569 169.404
0.449345 20.4491 35.5692 264.096
0.524102 32.2429 41.6132 273.139
0.367446 21.7195 29.8625 216.434
0.362724 17.7836 28.1258 220.533
0.544829 50.3411 61.3018 381.193
0.388515 16.7997 26.2639 192.186
0.414579 77.6457 92.1301 530.356
0.575996 83.3924 94.1104 493.94
0.306042 7.42439 14.1157 126.759
0.241108 6.79519 13.4655 126.252
0.387512 30.8258 42.4405 293.005
0.603934 45.2917 61.0818 363.725
0.37357 12.6091 22.8071 184.971
0.499719 16.2295 27.8873 208.805
0.507632 15.3279 26.4707 192.268
0.36448 17.1691 29.7045 234.378
0.431642 11.5726 19.9018 156.708
0.333276 10.4953 18.5733 160.704
0.520744 89.4192 103.617 562.271
0.292055 7.90831 15.3344 136.657
0.279777 13.5692 19.7609 160.97
0.435746 17.1336 28.1641 200.608
0.42787 16.8897 27.8401 208.272
0.304414 11.9442 19.296 160.48
0.470859 42.6066 52.8165 323.059
0.285115 5.68384 12.1162 115.794
0.317673 15.315 22.357 177.808
0.255436 10.4728 16.0702 139.977
0.428693 50.038 82.8798 570.412
0.303742 9.51135 15.4636 136.091
0.474568 19.0872 29.9417 223.749
0.447534 173.554 193.579 979.505
0.401182 10.2285 19.3914 159.806
0.539779 26.2255 36.3135 235.359
0.310678 11.8542 21.5355 178.012
0.413789 42.8349 53.0803 324.442
0.367632 35.9108 43.5636 281.115
0.45218 65.2416 74.8594 427.192
0.34715 11.9927 21.0239 175.711
0.47403 64.858 75.7005 440.204
0.241288 7.94201 14.7187 136.524
0.339505 12.4416 21.2168 178.063
0.378491 9.66774 17.6294 149.182
0.352091 10.2635 19.0231 161.09
0.232986 6.91313 12.8431 122.427
0.444052 21.7838 30.0497 208.452
0.298165 11.1612 17.6276 151.981
0.273484 9.91674 18.2006 158.129
0.428918 53.479 64.1616 394.843
0.457041 21.3638 34.7244 239.707
0.460031 19.3765 32.2732 232.529
0.213178 8.15466 15.1149 136.707
0.358344 14.0939 21.339 172.534
0.336349 13.604 20.7412 161.985
0.475055 14.0006 25.8815 199.093
0.397963 31.3173 46.028 331.091
0.368792 22.7734 29.5496 207.248
0.448291 24.0186 38.5024 277.936
0.35165 13.3497 23.1205 186.007
0.468833 21.27 34.5522 236.94
0.318841 8.00965 16.1081 140.015
0.213339 6.71782 12.5633 120.873
0.443069 15.8178 26.6473 195.865
0.336733 31.5713 41.7833 295.236
0.330561 22.1722 30.5989 231.037
0.331649 8.79822 17.6901 155.199
0.435219 30.7874 38.6405 253.514
0.512713 76.3134 86.8351 476.308
0.377154 10.7329 18.5177 149.795
0.233771 32.5001 49.4079 353.516
0.416495 31.6366 38.9698 254.203
0.376746 12.5412 20.8112 172.571
0.493109 60.2368 74.1013 462.198
0.370184 22.9616 32.6799 245.823
0.355157 15.1331 23.4917 177.464
0.530614 53.6488 77.3906 444.445
0.347197 8.55903 18.509 159.565
0.537231 29.3211 41.7466 266.998
0.368684 10.5228 18.8524 156.274
0.416027 15.7797 23.7811 184.406
0.322449 8.25005 14.9191 131.317
0.42044 12.8162 21.3972 169.2
0.31109 21.0022 34.1457 274.916
0.364135 20.8008 30.221 212.464
0.371762 19.303 26.7244 196.197
0.183982 3.82298 9.35438 99.5177
0.420107 38.1216 48.9242 323.194
0.446938 16.7123 28.409 214.311
0.335037 18.3979 30.703 240.817
0.268077 18.9067 27.0592 212.095
0.347504 35.8544 49.5551 325.558
0.509724 27.4965 37.697 259.431
0.405124 24.6018 33.1555 230.018
0.570942 23.9247 40.8281 271.49
0.35621 78.4225 99.1252 588.193
0.324321 7.37225 14.8922 134.592
0.359435 13.0098 22.5939 189.067
0.455436 14.5473 24.1845 184.508
0.397894 11.626 19.041 151.718
0.53339 15.7044 27.0707 194.292
0.335132 32.2565 41.2975 276.601
0.408935 23.4337 31.5663 216.478
0.671268 59.0239 70.2669 379.868
0.317736 32.4406 41.6833 288.282
0.426863 28.9559 36.5512 242.753
0.453657 15.3597 25.1887 189.201
0.555784 84.5742 113.379 687.961
0.395999 33.7337 47.5888 334.261
0.361912 39.0842 48.1191 313.665
0.635865 33.2444 50.5626 308.787
0.39466 19.6362 28.9304 214.642
0.460348 30.7384 38.9495 252.602
0.4754 23.7005 32.884 233.587
0.400375 17.8999 26.3361 192.263
0.435178 17.9645 26.8095 203.051
0.470451 60.5849 72.2376 431.969
0.361693 156.424 183.781 969.817
0.322006 22.1266 29.1422 210.567
0.376475 23.9681 35.4904 265.145
0.575734 134.398 146.843 702.47
0.516843 17.9853 34.0912 246.176
0.603984 48.8749 70.0583 396.354
0.370195 15.6262 23.8395 185.824
0.523607 29.0544 42.9603 271.336
0.265148 26.9428 39.1967 282.834
0.581937 20.0152 33.4926 226.857
0.342731 14.0616 25.6314 204.677
0.340595 24.6741 34.7497 256.383
0.422699 24.3137 37.0203 252.591
0.50463 23.8012 35.2388 234.299
0.532362 29.6548 41.626 280.488
0.301059 14.5227 21.2534 174.485
0.568956 38.0778 47.7547 297.447
0.449899 43.0376 53.3514 334.244
0.368221 21.4301 31.5496 235.739
0.533309 26.5482 39.6397 273.288
0.360136 15.1723 23.5943 178.733
0.370208 8.29288 16.2055 140.618
0.285693 10.5972 17.6405 149.54
0.439943 21.2303 31.7462 225.633
0.455891 22.3788 30.4924 216.493
0.358253 54.5046 70.0482 427.942
0.644829 64.358 76.4397 430.359
0.337359 73.373 86.9672 488.447
0.281343 8.40238 14.9121 135.288
0.314335 13.6345 19.6365 160.761
0.40854 230.577 263.83 1340.45
0.40106 15.8964 24.2861 190.115
0.317832 8.17135 16.3622 145.947
0.517578 31.5238 40.6905 258.852
0.322738 20.7477 27.7213 201.751
0.562544 50.7848 64.8491 376.436
0.595671 66.8694 82.0058 473.886
0.560201 71.0931 115.06 709.092
0.458229 11.0101 21.0528 166.887
0.233908 9.05521 18.7575 171.799
0.419302 13.7611 23.5142 179.599
0.382367 34.4269 49.624 327.635
0.373392 14.4263 22.5595 183.821
0.56805 29.4653 47.4077 318.088
0.562892 54.4505 68.6549 387.912
0.334535 47.0242 75.878 548.983
0.428457 27.3419 39.2777 256.713
0.400814 14.0684 22.7112 177.984
0.428728 18.5901 30.0672 214.094
0.281282 15.949 22.293 177.02
0.528952 37.1489 57.0281 357.955
0.292289 14.7888 24.5106 189.797
0.382841 20.0382 28.5837 209.786
0.395782 15.7159 23.1049 175.245
0.452142 14.4343 28.3889 219.872
0.590664 77.2475 93.6596 547.591
0.33251 17.3119 26.6605 210.51
0.351472 21.0778 28.3849 202.786
0.267024 7.36708 14.3887 132.129
0.280593 16.3159 22.5194 176.267
0.499143 25.1295 33.0799 222.654
0.476404 22.7891 38.3581 278.488
0.443019 39.4211 51.6175 332.149
0.457415 18.6554 33.4319 231.28
0.386744 13.9503 22.5392 179.942
0.2606 8.19894 14.3651 130.301
0.173906 9.75691 16.3623 149.408
0.29628 8.48719 14.943 134.953
0.360943 14.3927 22.3193 172.938
0.421616 12.2347 23.4563 184.858
0.238643 13.5114 19.7987 163.133
0.40849 174.371 208.427 1072.18
0.295805 6.06845 13.3558 125.517
0.55649 18.974 34.0189 242.832
0.3765 14.4963 21.4517 169.321
0.413582 18.1325 29.8516 220.664
0.576409 22.418 38.3835 250.49
0.199662 10.4173 21.4552 189.86
0.261997 13.6785 21.742 176.866
0.258324 8.86253 15.0494 136.587
0.506959 23.7585 37.7281 269.773
0.405224 13.541 23.0609 178.56
0.34558 18.9753 31.1058 237.049
0.44287 28.7212 38.8259 264.553
0.405972 32.1904 39.8769 263.737
0.439517 27.3491 40.2322 260.672
0.594825 67.1531 77.5972 430.394
0.4114 23.6867 31.7406 222.186
0.544574 49.7859 65.816 409.081
0.472236 14.0247 23.8153 180.597
0.239147 15.6511 22.0833 178.281
0.324467 19.5155 30.5436 225.095
0.349472 10.7473 17.9531 148.818
0.22107 10.3407 16.7541 145.725
0.31113 11.6051 18.2676 148.398
0.289419 7.80471 15.3329 136.864
0.41731 71.6961 85.7763 486.267
0.457557 81.5274 93.4071 502.619
0.318384 7.19066 13.7759 125.051
0.380846 23.9225 32.4854 228.773
0.564459 35.3216 54.8186 341.422
0.379421 25.6708 32.8476 232.304
0.409175 25.9436 37.6409 251.64
0.364257 15.902 27.19 210.013
0.5626 65.4323 77.4881 426.816
0.187628 10.2875 16.4266 146.207
0.394459 31.9404 51.606 369.395
0.234604 7.7779 18.1891 171.135
0.520124 27.7089 36.9407 248.395
0.562674 29.7079 40.4461 255.576
0.348719 10.1631 18.7259 156.183
0.37001 18.8127 27.1244 207.933
0.303176 7.07336 14.2962 131.684
0.530745 21.8842 37.5728 261.723
0.569543 38.81 55.548 353.519
0.402132 23.3411 32.8547 241.179
0.359573 12.8711 22.074 173.661
0.435951 33.189 41.0869 270.31
0.351096 21.4634 29.8839 227.849
0.322291 18.5185 24.904 188.898
0.378261 24.7181 31.9417 227.979
0.42791 18.1817 28.6254 205.118
0.203106 5.55419 10.6862 106.802
0.458199 23.9954 32.7561 235.312
0.453656 36.1227 51.3484 320.842
0.349129 11.7871 19.9732 166.777
0.389502 9.97528 19.0147 158.405
0.432044 23.1694 32.5568 228.598
0.284361 59.1796 78.2962 484.306
0.455489 15.228 25.2457 192.687
0.438326 37.5433 47.7315 310.597
0.32771 11.2323 17.9818 146.81
0.178502 4.99625 11.1122 112.147
0.480822 36.2231 46.397 299.658
0.435404 24.4563 38.9025 287.548
0.283364 7.37169 13.5655 123.063
0.50918 16.1465 27.6378 201.61
0.451135 27.64 38.5773 261.306
0.214307 5.34613 11.3643 113.093
0.449979 33.4717 48.1822 333.357
0.298627 11.2271 17.9442 148.488
0.223441 10.7202 16.55 144.644
0.430692 20.3346 27.8237 199.419
0.333673 6.64437 14.0334 127.618
0.328826 18.4233 27.2715 210.559
0.457197 14.3272 26.9385 209.421
0.263228 7.65683 14.456 134.555
0.468439 16.567 27.4191 208.144
0.588469 23.9559 43.4538 288.903
0.250759 10.4437 16.5574 144.416
0.406753 80.1657 100.53 566.627
0.346201 12.1077 19.1112 156.949
0.396978 9.08847 17.4717 146.974
0.312113 8.043 14.8652 133.711
0.254484 8.03593 13.782 125.364
0.254839 6.77301 14.4728 135.778
0.470199 30.1383 40.5864 270.336
0.233461 5.89772 12.2893 119.889
0.60931 40.7036 57.4733 366.365
0.284504 13.522 19.815 159.998
0.346346 39.5624 52.0123 347.974
0.414954 13.5803 23.7475 178.456
0.619543 34.6866 60.7087 370.724
0.613257 24.5154 40.6548 266.944
0.52975 18.8006 30.4167 214.613
0.262449 6.61378 12.7467 119.281
0.490965 24.094 34.4178 235.286
0.319078 12.5792 21.4691 177.186
0.270026 18.5186 25.8384 201.382
0.265706 6.2398 14.073 132.297
0.420451 9.94514 18.5392 151.853
0.677169 54.0997 74.3761 419.597
0.268142 6.23177 12.8011 120.942
0.370618 17.5527 26.9254 205.73
0.409088 30.3717 39.6469 274.442
0.298212 18.5057 27.1279 200.022
0.298778 16.5502 24.9237 201.93
0.351793 21.1929 29.4772 208.171
0.49404 15.2147 26.3809 190.803
0.436669 54.3486 64.5824 383.305
0.365087 13.9096 20.5874 166.5
0.380468 13.4817 23.9222 190.27
0.427648 23.6852 34.9106 236.047
0.515207 22.616 37.523 268.843
0.343916 13.813 21.3269 173.861
0.315182 10.3633 16.8109 140.914
0.491118 28.5847 38.6552 265.46
0.358719 8.74451 17.1156 148.045
0.381028 12.8869 20.8748 169.355
0.349071 20.1266 28.1354 200.99
0.334347 25.8972 33.2889 234.54
0.254524 5.75041 12.5125 121.31
0.291269 36.4901 46.6371 308.72
0.60937 136.33 186.886 1030.42
0.254029 11.9752 19.584 162.967
0.337741 10.0282 18.4318 154.962
0.335485 9.67573 16.8305 142.482
0.39619 18.8219 27.5758 211.126
0.339084 28.1372 35.7011 248.781
0.623268 87.5389 103.613 530.339
0.306938 8.73087 15.1406 133.224
0.53187 22.7189 35.2708 246.452
0.512731 25.2653 35.3636 239.731
0.315088 14.4634 23.7503 183.106
0.541536 22.4871 32.1221 221.279
0.21881 7.22624 15.6569 146.822
0.506752 28.9824 41.0808 273.283
0.251779 6.1713 12.8925 124.032
0.409884 28.4646 35.9824 243.164
0.382947 29.4139 36.8806 250.274
0.362587 10.9863 21.3602 177.711
0.495067 13.9319 24.9035 185.651
0.449944 11.7356 22.8654 181.57
0.35475 7.25274 14.7299 130.439
0.274256 22.911 30.6752 223.556
0.450077 41.6433 50.2584 306.686
0.462682 39.9336 48.2631 302.449
0.258663 8.8349 14.9471 132.437
0.360448 14.9019 26.1644 211.593
0.519603 14.6417 27.0285 197.369
0.333213 8.34654 15.3097 134.865
0.299508 8.39008 15.7027 141.266
0.55178 62.5439 72.4602 394.134
0.496331 26.4336 39.584 274.636
0.299805 11.1246 18.9327 164.046
0.540117 27.2269 37.3471 243.562
0.479843 20.8965 31.3831 216.163
0.501197 14.1291 26.8196 202.153
0.435787 12.3529 21.8268 171.839
0.314221 16.6876 23.3773 175.652
0.383286 42.7709 51.3535 317.161
0.409468 44.0318 55.6667 356.418
0.427038 22.9772 35.9068 254.059
0.404096 24.3055 34.6648 234.377
0.367696 34.4097 49.9593 359.025
0.468478 13.8733 24.2568 186.486
0.443505 64.6475 78.7394 488.627
0.314628 29.6483 38.2414 262.819
0.366565 31.5075 44.9368 325.474
0.391113 15.1239 25.0974 198.476
0.410394 32.6818 41.9427 285.763
0.348531 10.4319 19.7323 165.741
0.30688 13.0897 19.9701 166.135
0.413181 18.9356 27.5593 209.247
0.570105 45.2037 56.8248 358.597
0.271692 14.5009 22.0894 182.794
0.55503 32.3184 42.6501 271.958
0.4022 14.5691 23.1553 182.612
0.571446 31.1231 47.2796 313.627
0.519123 31.0961 40.3528 258.037
0.19336 11.1142 17.3403 148.06
0.332504 59.8821 70.6972 413.898
0.592801 37.4368 48.6836 293.686
0.367287 9.01743 19.1149 162.872
0.466988 45.788 55.012 330.462
0.271416 9.96763 16.3645 139.091
0.439812 29.9619 39.3458 252.514
0.307353 112.613 141.121 785.519
0.463151 20.7198 39.8784 291.12
0.310675 17.9809 28.4252 217.374
0.361015 17.54 28.7229 212.56
0.487362 16.4322 25.4866 183.71
0.351225 45.5216 57.8534 365
0.4167 9.65618 18.5591 153.696
0.308516 6.72601 13.3151 123.233
0.401776 29.9833 50.9246 364.04
0.501259 26.817 40.9242 281.522
0.415421 16.4213 25.6902 189.458
0.434719 47.1213 64.4501 388.802
0.438667 34.8811 44.5961 277.176
0.505386 18.238 29.0985 214.7
0.42411 10.2863 20.1727 162.878
0.439262 12.846 21.9426 173.104
0.391008 26.935 46.7393 341.071
0.374105 12.4369 19.7816 163.146
0.247822 50.3894 65.0591 413.333
0.417085 14.5017 24.4361 187.829
0.299888 13.7013 22.0598 182.954
0.372756 15.6271 28.472 230.083
0.384661 15.0804 23.7605 181.522
0.447295 540.253 632.87 2987.71
0.266277 16.3846 23.621 186.237
0.336745 20.9009 28.6116 215.843
0.283475 6.38368 13.7771 128.736
0.463435 96.2779 109.405 583.024
0.567237 23.3325 35.6492 243.327
0.650355 22.6921 40.0354 259.314
0.359552 12.2906 19.4115 159.37
0.470544 39.4521 48.6301 311.365
0.310478 23.6855 31.5563 221.436
0.455481 26.0873 35.1003 241.637
0.293596 16.6577 24.7845 194.326
0.521233 17.9377 31.227 221.349
0.328171 10.7288 17.8793 148.192
0.542883 15.7043 28.1404 201.129
0.388586 17.0078 26.68 193.098
0.516181 21.5465 34.7551 244.651
0.536117 25.7182 37.5592 253.227
0.386979 39.3512 47.469 302.371
0.348666 14.7845 23.9249 186.659
0.36063 21.5224 29.15 211.661
0.463767 65.0701 84.1495 538.916
0.437909 10.9861 19.7316 156.492
0.521506 36.526 51.1445 338.613
0.331023 97.8357 124.317 717.666
0.276308 18.3318 24.7672 187.47
0.367663 11.2055 19.0244 155.717
0.410515 27.6393 48.5721 346.629
0.312897 21.4025 28.2676 201.553
0.386222 84.6568 102.127 597.458
0.272534 7.9652 16.3274 148.546
0.346337 15.9166 23.0498 177.576
0.451795 18.6275 27.1923 203.303
0.194278 6.97448 12.3001 118.185
0.263317 7.49768 13.9493 127.764
0.374061 16.33 24.4533 192.289
0.462216 26.5488 45.0967 321.174
0.435801 45.7475 60.5516 381.64
0.607325 19.0755 34.2194 230.126
0.48082 27.8211 39.7133 281.586
0.372848 21.0843 28.1454 204.223
0.27009 27.126 34.9382 244.759
0.619113 18.9627 35.6463 240.222
0.453636 22.7198 31.0833 216.559
0.599 56.8395 80.732 445.843
0.324686 21.3931 27.9738 203.772
0.582921 35.3567 54.8347 362.022
0.249577 23.9584 35.1844 263.095
0.311 13.3373 23.2105 189.189
0.420464 11.8427 20.9825 170.448
0.275838 6.85267 14.2744 131.792
0.389792 34.6408 43.5654 282.57
0.387673 24.7318 32.5101 227.898
0.528685 46.1532 55.0698 332.649
0.34865 14.2659 22.9557 174.951
0.44512 29.6016 40.3097 275.412
0.504105 22.5363 33.7793 237.83
0.506216 53.3593 63.1576 377.867
0.478932 19.6439 27.9461 196.842
0.311925 28.8402 36.5986 254.506
0.342511 31.4807 41.1967 285.666
0.572363 43.5815 58.6754 381.441
0.542747 32.3574 49.7133 339.836
0.551384 19.3409 31.0272 216.896
0.273949 13.5078 22.4612 189.794
0.596146 20.0048 34.9943 238.483
0.430545 13.3359 24.8454 186.477
0.421183 20.4358 28.619 208.196
0.327923 22.657 31.0918 233.795
0.449755 19.4413 30.5165 221.236
0.326302 11.6464 18.7999 152.378
0.651224 75.1427 90.4422 482.097
0.308613 8.93981 16.7992 148.293
0.385084 24.3713 40.324 293.891
0.45922 25.1777 33.8846 239.3
0.467978 28.8027 38.421 256.194
0.475403 29.5097 41.4698 285.695
0.275353 9.38611 17.104 149.885
0.592303 19.0339 34.1316 233.541
0.298681 10.6886 16.2997 139.062
0.410628 26.9719 41.3588 285.462
0.310857 21.1006 28.9485 220.398
0.318877 9.81736 17.0899 145.864
0.341438 48.8678 58.8658 351.992
0.37338 16.1169 25.2407 186.743
0.311906 10.1854 17.0426 143.542
0.403581 20.1389 30.1383 232.256
0.375631 16.4679 27.1493 207.684
0.392688 16.7798 29.2009 231.277
0.43144 24.8206 33.5726 240.48
0.239794 5.4698 11.7828 114.177
0.317948 13.9313 23.2676 186.994
0.456429 19.2063 30.8783 222.829
0.391824 24.6991 32.7167 228.399
0.341344 13.2453 22.3337 174.343
0.36665 15.0634 22.7078 172.963
0.268656 85.9978 104.346 601.006
0.278689 7.33027 14.2294 128.847
0.405248 15.9203 25.8358 203.273
0.256273 7.63027 13.6973 124.893
0.33141 9.09117 17.3017 148.491
0.393022 13.7848 22.1819 177.797
0.454078 24.3117 34.2672 231.408
0.436713 227.595 255.511 1239.99
0.331685 19.9545 31.3507 241.892
0.448885 31.279 43.0254 299.902
0.76587 67.0868 87.0671 479.896
0.503741 17.7308 28.8843 204.972
0.317206 19.2945 27.3077 207.446
0.452469 254.747 287.267 1361.13
0.299462 53.2507 67.4405 431.973
0.489266 40.1924 51.5751 311.719
0.472501 17.057 30.8223 215.912
0.392006 21.929 30.7484 217.725
0.489277 14.5109 26.1295 192.817
0.328825 9.49812 17.007 146.162
0.669163 49.71 86.0134 524.835
0.271136 16.5142 25.3935 203.808
0.362305 17.2622 25.0628 184.945
0.309208 6.48854 13.7036 126.147
0.645306 192.784 235.762 1228.29
0.344173 15.6485 26.0992 197.589
0.324745 19.9688 33.7401 257.587
0.268614 5.20332 11.9774 116.968
0.18635 5.19867 10.8977 110.927
0.308521 13.4295 20.4058 162.355
0.285065 8.04776 16.4393 151.365
0.379758 16.2813 24.6358 189.963
0.364483 16.9293 27.1072 200.63
0.55127 24.3817 36.5825 253.366
0.276788 7.06824 13.3129 121.858
0.396552 29.5501 39.6491 280.674
0.420923 20.867 29.5975 206.346
0.3042 42.319 52.5946 334.876
0.48553 35.1666 45.9061 299.211
0.352066 10.0292 18.2891 154.912
0.469379 19.1279 29.191 214.47
0.31485 54.6024 65.3137 390.918
0.432173 28.5304 40.3553 266.433
0.518703 34.1672 45.2454 305.19
0.419296 20.6385 31.0963 214.363
0.522607 36.3033 45.7784 290.936
0.28399 8.43566 14.0505 126.477
0.374541 18.051 25.4546 184.861
0.499478 59.6544 70.351 415.7
0.251354 6.02554 12.2541 116.566
0.506742 16.2029 29.723 216.357
0.448607 16.3396 26.2374 201.59
0.455193 19.5388 31.6356 227.467
0.358536 11.238 18.7578 155.699
0.464424 58.9194 69.5611 397.024
0.335048 15.1714 22.2991 174.332
0.446523 11.2637 21.4409 170.168
0.443752 31.2117 42.6544 292.175
0.312716 20.0061 27.6737 212.61
0.590956 36.6649 46.3881 283.151
0.379261 37.0873 51.3814 332.496
0.393244 45.9108 55.9402 340.629
0.387325 19.871 30.3579 231.336
0.378363 10.1544 19.793 165
0.400346 35.7117 47.8642 313.141
0.421638 29.8165 37.4331 247.812
0.442239 63.9367 73.9129 411.887
0.373547 9.65936 17.3668 146.935
0.364467 13.0638 22.9953 186.034
0.408604 15.3839 22.3828 171.966
0.47836 53.9097 72.186 478.196
0.406931 24.3935 41.1259 304.92
0.269068 32.4878 41.0477 274.11
0.473279 15.0064 29.0554 221.712
0.444774 44.9978 58.1064 383.03
0.425274 55.8049 69.794 437.088
0.372204 16.2873 25.077 184.503
0.446233 19.7779 29.1307 211.313
0.401087 10.8068 20.2011 163.158
0.244274 25.9858 34.7471 251.485
0.316293 19.2287 26.7314 206.618
0.388629 9.37432 17.6909 148.995
0.270147 7.4408 15.5908 142.543
0.613814 23.7765 37.301 238.84
0.29269 18.5893 27.9122 221.451
0.354333 9.68272 18.6947 159.259
0.394884 77.7327 92.6994 544.461
0.51815 23.2372 41.4019 291.246
0.441878 23.7894 32.2885 230.514
0.74299 42.0616 68.3269 406.301
0.561506 21.1557 34.6425 240.333
0.488998 16.1392 29.0715 213.85
0.613735 69.9409 84.1335 463.867
0.556649 20.211 31.5313 215.878
0.319135 10.5105 20.2874 173.897
0.317515 7.21637 14.0096 126.222
0.476378 24.5001 37.428 248.93
0.36965 38.9038 49.012 312.201
0.271623 10.5317 16.6547 145.094
0.232319 15.752 22.5719 176.964
0.355477 8.50627 15.9254 138.69
0.295 9.15087 15.982 143.02
0.23033 6.21053 12.0972 117.194
0.558972 21.7801 33.5614 223.401
0.272215 18.2768 25.0928 191.502
0.330877 18.524 27.2981 200.466
0.387579 78.2646 90.6603 507.005
0.300358 6.99033 13.5331 125.339
0.432633 19.6416 32.8788 240.778
0.286894 10.5702 17.3595 151.518
0.401196 24.7665 39.3064 273.261
0.380738 15.0692 22.2358 169.748
0.463506 23.9864 32.2068 218.75
0.427818 41.8869 51.1243 311.986
0.437584 24.6758 39.2163 266.136
0.440799 13.2344 22.519 175.158
0.230582 6.92983 13.2396 124.482
0.372885 102.254 120.649 708.999
0.402424 14.2927 26.7463 205.837
0.417135 11.5401 20.3631 162.517
0.321848 17.9092 24.075 180.017
0.266578 12.2435 18.2628 150.099
0.258465 13.1431 19.1306 157.925
0.577954 51.6247 73.4126 416.962
0.465264 20.7409 31.3967 219.619
0.47294 29.0125 37.6893 251.928
0.527925 28.6146 42.6132 285.587
0.472701 21.6651 34.3199 237.554
0.498666 36.3006 47.6425 297.578
0.4397 24.582 32.7104 227.55
0.343557 13.5033 20.7807 171.427
0.405322 20.6545 30.167 222.48
0.210509 4.42066 10.7206 109.599
0.404463 42.778 52.492 321.08
0.224795 13.9225 20.038 164.163
0.28467 6.23 13.6777 128.777
0.257602 7.84506 13.5822 123.902
0.36813 22.4517 30.0528 216.197
0.460694 17.4285 28.3636 207.694
0.289663 54.0475 64.9376 399.836
0.483233 17.8388 28.8366 211.178
0.231381 7.68005 13.6277 126.758
0.459636 42.2502 53.0028 338.837
0.338839 9.00008 16.7489 147.039
0.466183 20.3747 31.4301 225.958
0.523762 17.329 30.546 220.811
0.404829 12.3383 20.3722 160.037
0.437547 26.9345 36.5392 238.94
0.414956 11.9654 20.5654 160.751
0.494182 30.0549 50.4277 352.505
0.389568 14.0836 23.704 184.405
0.288101 9.71304 18.7857 162.485
0.392276 20.9308 30.5616 225.045
0.404852 11.9323 20.1371 159.631
0.307676 46.3622 59.3043 384.192
0.470059 42.4589 53.33 331.576
0.283254 9.90227 16.5937 140.443
0.259166 16.2735 24.1932 193.692
0.356845 13.9167 21.0318 165.799
0.334332 54.8332 79.6314 510.987
0.228763 6.07853 12.1528 117.992
0.369984 34.8747 45.6317 312.531
0.400838 65.2505 77.7552 444.187
0.248527 10.2142 17.9774 153.25
0.286791 8.33624 15.3368 134.587
0.296811 16.7784 24.1017 188.835
0.243003 12.8427 19.6696 163.1
0.326843 13.0019 23.5034 190.848
0.248436 15.23 22.8268 188.593
0.426038 18.8039 33.7152 253.669
0.302748 9.87581 16.4226 144.852
0.575608 32.1258 51.5879 327.028
0.408345 20.7745 27.796 201.672
0.379776 9.77446 19.0284 158.974
0.44805 87.1137 101.113 574.527
0.315881 18.6279 26.7354 203.624
0.278169 19.5897 38.9411 316.669
0.310182 6.388 13.5601 126.025
0.367301 49.8837 65.4491 403.219
0.398458 9.69989 19.2664 159.629
0.33615 16.4967 26.0515 203.589
0.519777 17.9473 28.1201 200.522
0.639194 36.2698 53.8325 322.929
0.28725 11.2076 19.7504 170.142
0.401475 19.3232 26.448 193.802
0.43005 24.7329 44.8012 324.587
0.271417 10.2389 17.7752 158.141
0.416796 23.7257 34.4675 252.815
0.295348 8.20987 14.9116 132.394
0.378275 12.1501 21.3923 171.643
0.332751 19.6781 26.4624 192.444
0.160301 5.66244 11.2788 114.193
0.434833 21.1065 33.9015 240.228
0.357017 21.6628 29.9548 210.424
0.676084 67.6099 82.2665 469.061
0.418741 26.6887 37.0716 266.47
0.229937 6.84846 13.6954 129.1
0.396687 43.5026 54.1245 339.506
0.273879 10.0238 16.0186 137.585
0.264265 7.13418 14.1941 130.699
0.26325 31.1224 39.1605 268.836
0.492338 31.346 45.8586 293.679
0.429414 19.5423 27.3536 202.576
0.393666 29.7679 38.1346 250.033
0.424039 65.5042 88.4773 581.864
0.621793 56.1338 77.7218 473.99
0.64714 55.5338 69.8796 409.6
0.174769 10.3339 22.5261 198.769
0.353987 56.9064 92.7605 654.21
0.513982 76.8961 87.7221 473.431
0.213919 53.2358 65.7499 405.103
0.512485 12.8834 24.5227 183.383
0.457162 64.0488 73.4435 405.896
0.383458 13.0084 23.1345 184.283
0.290184 32.6127 48.5246 328.961
0.45893 20.7935 29.6922 212.596
0.577292 54.4933 64.4 359.856
0.504721 30.5512 44.9561 283.076
0.407718 35.327 48.758 332.381
0.210801 4.54271 10.2112 105.265
0.257819 8.71126 16.9246 153.901
0.42533 19.578 28.3489 211.367
0.582637 107.234 118.769 607.574
0.377297 53.7928 65.9484 401.883
0.346138 53.0201 79.869 572.961
0.511291 132.811 145.399 713.977
0.398001 27.9027 37.7281 272.271
0.388114 16.2363 26.2476 195.897
0.376087 12.747 21.9607 179.135
0.403675 34.6244 43.6115 290.163
0.392723 12.1852 19.3213 157.193
0.390224 13.1085 21.6125 165.919
0.225031 8.27229 13.7453 124.532
0.314786 9.33885 15.265 133.344
0.436212 24.7343 34.2469 231.903
0.482198 19.1812 32.0702 237.032
0.444637 15.3643 23.8543 183.006
