0.439776 17.9335 27.1693 198.488
0.214442 4.29076 8.4146 87.9131
0.293851 7.84267 12.4054 111.21
0.28828 10.3191 15.0455 126.944
0.41053 12.2937 18.7516 148.217
0.408011 9.44928 14.8884 126.594
0.352304 8.21352 13.2904 115.424
0.46922 32.7556 38.487 251.082
0.31683 10.748 15.4235 132.615
0.223528 9.38182 15.6706 143.73
0.408224 8.97444 16.8208 145.147
0.295536 7.67039 12.5736 113.677
0.249155 4.68282 8.77127 89.4975
0.501477 12.6321 19.5709 152.976
0.455211 10.9707 16.824 137.59
0.504939 14.5333 20.1152 152.814
0.35883 11.0027 16.8461 144.553
0.442602 16.0358 30.0406 239.86
0.247459 5.11995 9.52899 94.1754
0.440662 11.1607 17.2608 137.95
0.352179 17.7258 26.8919 222.257
0.396454 12.1684 16.7434 134.996
0.510975 18.2774 24.6002 177.636
0.232643 4.53687 8.73603 89.1729
0.499624 19.2351 26.0293 196.728
0.308109 18.7696 34.0922 283.845
0.352062 11.9036 16.7396 135.176
0.576959 39.6953 45.6019 277.424
0.295947 7.59206 12.3027 110.657
0.548034 18.741 27.2269 190.914
0.270059 9.41891 13.3583 117.126
0.420468 10.0428 15.8612 130.483
0.264677 5.86676 10.2224 98.3384
0.238383 5.60999 9.78428 95.2945
0.444892 35.5721 43.3097 279.419
0.340887 14.5005 19.7037 159.385
0.453955 9.84091 15.3193 127.053
0.235455 6.18775 10.9007 106.955
0.398096 30.4064 36.1335 243.123
0.50645 35.8797 41.9507 269.4
0.347297 29.9664 37.1334 260.211
0.248406 19.4726 25.1162 192.477
0.250035 5.74979 10.0864 97.0569
0.409964 121.642 142.387 823.517
0.53699 12.736 21.5775 167.307
0.564714 30.6058 43.5504 280.474
0.623805 32.6368 51.2885 360.285
0.248825 6.66844 11.7606 112.184
0.296881 4.76636 9.49549 94.2183
0.477131 59.9998 68.221 407.682
0.464869 10.0882 17.8525 148.73
0.38266 8.0017 15.2795 135.444
0.657944 31.3694 42.6036 272.898
0.552745 16.118 23.5445 170.024
0.341303 12.6886 17.4635 145.571
0.447602 13.356 21.7211 171.951
0.25272 9.39425 14.4074 130.608
0.308539 15.0786 21.2587 175.609
0.231657 4.69418 8.74653 88.7754
0.211341 5.27902 9.20161 93.1675
0.0980062 2.0747 5.82234 68.9616
0.171898 3.50585 8.35494 88.6757
0.414252 12.4744 20.2021 169.417
0.36594 29.2287 35.4945 246.251
0.347186 9.7651 14.7941 131.064
0.34278 6.52 11.5368 106.932
0.284656 6.40905 10.9932 105.725
0.673853 78.1002 90.6246 492.7
0.225447 4.41438 8.57336 87.4324
0.18012 4.41783 8.34847 87.8612
0.56818 67.3388 91.0595 535.74
0.747159 56.4721 69.9889 423.006
0.558043 85.9177 96.6685 550.206
0.520584 258.683 285.985 1473.13
0.386784 7.67495 13.9457 124.033
0.287108 12.2181 18.7239 150.63
0.626836 102.78 115.174 629.026
0.415177 11.0452 17.337 139.533
0.483691 16.2704 23.6511 182.567
0.401919 13.9951 20.0565 155.012
0.230487 8.72928 13.1197 119.469
0.240986 7.06069 11.672 107.391
0.246184 12.7547 17.0084 141.228
0.310999 7.5066 12.4483 112.035
0.630409 25.2894 36.9423 259.215
0.318493 5.37972 10.1731 98.1918
0.409208 25.4298 30.5884 215.715
0.260535 9.63891 13.7666 120.923
0.293559 14.8709 20.2606 161.174
0.287492 12.2883 18.0578 152.661
0.298248 9.41621 14.6682 132.103
0.349087 7.59162 12.037 108.45
0.418688 14.9241 21.6389 167.565
0.485268 26.5954 32.1449 215.892
0.491985 15.5612 23.6929 175.029
0.510055 16.4345 23.2154 168.746
0.30421 20.9552 26.4994 193.901
0.592245 22.2105 30.7837 207.665
0.329218 6.73263 12.0585 110.169
0.366206 14.0748 24.0387 202.426
0.386294 6.84868 12.3358 111.396
0.48039 10.5619 18.7146 153.303
0.392403 16.5717 23.4273 184.239
0.414544 16.5758 22.6848 170.619
0.286222 7.97266 12.0371 108.811
0.294075 6.98136 12.3179 113.987
0.623198 114.428 126.144 703.882
0.549867 26.6556 33.3949 229.288
0.327377 38.535 46.2046 306.212
0.622556 26.9131 39.0896 271.46
0.198315 6.35291 10.9373 106.786
0.223851 5.30326 9.25387 93.1014
0.5764 19.6153 28.8112 201.312
0.576897 40.4004 47.0542 292.385
0.383024 9.1344 15.4501 134.323
0.503835 20.5989 30.5997 230.51
0.408148 19.005 25.0715 184.646
0.414355 12.5767 19.636 164.333
0.263236 10.6443 16.4009 139.53
0.770068 43.2161 60.4653 351.682
0.433532 18.6892 24.8077 186.676
0.39261 9.13304 14.8081 126.011
0.579706 29.0512 39.8244 279.008
0.382492 53.6494 68.3901 438.839
0.256613 5.09942 9.91908 97.9493
0.472298 9.35956 15.6099 128.16
0.533822 21.0405 27.3365 196.502
0.338875 15.3463 20.7952 168.019
0.323697 13.1151 19.7034 168.486
0.18142 4.72937 8.44207 87.0657
0.343898 12.0052 18.2786 145.317
0.494276 28.5795 34.9337 241.077
0.410248 42.604 49.4905 315.691
0.218961 4.98249 10.4577 104.791
0.398455 6.76154 12.31 110.183
0.548535 25.9809 38.1169 252.574
0.467655 13.4749 20.9506 163.971
0.6311 52.8508 61.8426 356.681
0.345542 8.39402 13.6162 117.717
0.464315 16.4145 25.4786 190.915
0.36361 7.04283 12.345 110.51
0.612723 32.9811 41.1456 272.776
0.315869 13.3662 17.9246 144.963
0.349366 13.2579 17.9151 143.209
0.412592 7.6051 14.2606 125.195
0.482069 25.4103 35.5557 256.098
0.262617 6.12062 10.0883 98.3293
0.396033 22.3477 27.6219 199.438
0.411423 13.4195 19.3242 158.512
0.465314 15.7169 21.5934 170.085
0.435123 19.6802 29.8456 226.236
0.559856 24.4677 34.6917 231.806
0.297903 5.45603 10.0533 98.3249
0.471961 20.0513 26.9159 191.501
0.524647 45.7578 52.1294 315.34
0.346725 6.38263 11.6059 106.645
0.374436 8.78801 13.6411 120.141
0.362567 22.1291 27.501 201.632
0.326228 17.8403 23.2028 181.815
0.394309 15.4209 24.4006 188.77
0.206288 4.65804 9.18384 94.191
0.382359 9.85626 14.9681 126.603
0.388577 8.25566 13.984 120.188
0.467945 15.6896 23.1606 171.375
0.327159 10.0859 15.1417 127.388
0.323509 25.4898 32.8461 239.188
0.274863 8.6907 13.7852 119.979
0.340639 6.6056 11.3158 105.18
0.236933 14.4691 19.0574 153.449
0.419294 19.9624 24.6797 181.712
0.424144 8.27087 14.0902 121.933
0.299441 5.89613 10.0562 96.685
0.44776 8.04709 14.111 120.174
0.263784 11.9134 16.221 136.406
0.650326 35.3933 46.3904 286.219
0.580445 159.085 174.56 924.524
0.443794 10.7007 16.6579 134.973
0.51607 12.8039 19.5483 151.964
0.496453 15.9581 26.5187 207.674
0.531484 60.2518 71.6603 454.706
0.294367 7.08299 11.157 104.41
0.189268 3.64736 7.60926 81.4565
0.508228 10.0977 17.1947 137.975
0.397552 86.7567 101.426 609.64
0.238498 4.65279 8.60728 87.552
0.181104 5.8989 9.9541 97.5884
0.404192 8.92988 16.155 139.829
0.443598 13.9832 21.2527 167.914
0.409698 18.208 23.5858 174.823
0.447647 20.0557 27.2514 201.219
0.416752 10.5745 15.4125 127.55
0.511631 12.6616 18.7799 144.808
0.55715 46.1351 52.371 314.942
0.220398 6.6701 11.7981 113.624
0.232284 9.95827 14.1542 124.642
0.356878 9.70754 15.1566 126.442
0.388251 7.65627 14.3992 128.065
0.254221 10.569 15.8455 141.111
0.385744 11.7215 17.4465 143.886
0.334844 12.1798 17.0375 141.479
0.341661 18.6894 24.3606 183.198
0.451518 9.25433 15.4405 127.951
0.401838 7.73248 13.5825 119.153
0.45346 35.2398 45.0593 322.016
0.52792 48.196 67.3635 409.796
0.683187 29.9487 42.4897 277.716
0.540684 12.3559 20.3678 157.286
0.524351 19.5938 26.7265 198.347
0.403667 11.1366 17.4566 142.177
0.435307 73.1359 82.5456 483.939
0.511362 11.5886 18.8454 146.932
0.195666 7.58918 12.3042 115.79
0.452229 12.836 19.4987 150.676
0.441089 9.20635 15.9252 135.953
0.210373 6.28504 10.4519 99.8396
0.513863 23.3623 28.9011 199.372
0.498549 10.7109 17.1818 136.303
0.394801 13.4786 20.3231 164.403
0.358857 9.26177 14.4269 123.183
0.270266 12.0489 17.4345 149.069
0.373073 17.5667 26.7494 219.762
0.289043 14.3772 19.0871 152.214
0.480226 10.5424 18.6257 153.113
0.277401 14.653 20.5214 169.286
0.269386 8.2223 12.8022 115.66
0.244433 7.30757 13.7515 127.233
0.489152 14.7284 20.029 152.468
0.426345 16.753 22.3116 172.125
0.265601 5.68378 9.8575 95.2261
0.342326 8.1819 12.7889 115.607
0.245274 9.20323 13.5873 121.814
0.27186 4.98474 9.27547 92.6596
0.439364 22.5715 28.9924 216.853
0.317823 9.77433 14.4831 123.749
0.520425 45.3858 51.3923 311.763
0.536959 23.9358 29.9242 207.107
0.50045 46.1425 57.0217 392.086
0.349709 17.2566 22.0307 168.621
0.567809 23.459 30.4585 212.698
0.399522 8.16241 13.905 119.837
0.606656 102.516 113.892 621.458
0.516625 45.4811 56.8642 366.254
0.280462 7.86661 12.4236 114.02
0.357597 17.6952 29.4372 242.735
0.591453 48.172 54.5013 331.328
0.430471 8.26272 14.3209 123.175
0.388549 35.1778 40.9069 265.953
0.359403 75.4738 89.5457 557.977
0.25996 7.43898 13.1561 120.577
0.577976 14.1942 25.1625 188.963
0.536256 40.9142 46.9145 295.355
0.413223 18.6028 27.2749 195.229
0.265257 5.68707 9.64261 94.1079
0.502357 24.3583 34.4564 259.261
0.148958 2.82198 6.61734 74.7478
0.409781 10.9367 16.1453 133.943
0.549656 12.276 20.4816 157.427
0.438534 8.80041 14.284 120.272
0.300528 6.03094 10.8363 104.137
0.25933 6.90158 11.6648 111.186
0.29047 7.32276 11.5972 107.3
0.502538 12.5556 18.4473 143.512
0.522252 14.9294 23.2227 171.703
0.227394 6.86888 10.9853 105.234
0.484588 128.501 143.129 781.721
0.456856 20.8616 35.0353 274.093
0.521105 17.0898 23.7095 172.106
0.372233 7.119 12.6485 115.392
0.565848 21.6302 31.7891 230.198
0.288936 12.1017 16.6814 137.016
0.293023 6.84226 11.2781 105.281
0.483855 28.73 36.8589 263.019
0.206944 5.34452 8.98404 90.6491
0.465428 11.4792 17.1192 135.784
0.35169 8.2477 14.0286 126.359
0.455813 11.8032 20.0979 163.816
0.441289 8.05913 15.0712 129.554
0.509283 27.3853 33.7408 233.857
0.331415 7.28298 12.2826 114.274
0.340387 11.1294 15.7986 131.311
0.580207 45.0703 52.2348 330.33
0.326735 8.7828 13.9399 120.333
0.52644 78.4999 87.2403 506.421
0.350681 10.034 14.5632 125.729
0.437704 8.04378 14.3634 122.986
0.287392 5.91224 10.3338 98.4353
0.258972 6.62398 11.1627 104.205
0.278669 8.51595 13.2161 121.074
0.407814 13.9282 18.901 149.301
0.47393 17.528 23.0637 171.515
0.350698 11.1951 15.67 131.028
0.473368 13.3993 19.9934 161.86
0.510853 12.8238 19.42 149.392
0.360758 12.5095 18.0376 149.02
0.368062 7.86057 14.8233 132.488
0.263461 4.84752 9.15975 92.1777
0.359093 9.54951 14.3325 125.026
0.462419 70.9582 79.911 465.244
0.291134 7.0485 11.3713 104.347
0.536284 16.683 24.1943 177.354
0.262334 4.08534 8.40466 86.5034
0.526991 17.9461 24.7131 183.888
0.374728 14.2568 20.2658 159.04
0.366359 13.1113 18.0361 146.904
0.561242 69.6649 77.0028 438.351
0.600757 24.0834 32.0264 212.769
0.262361 9.036 14.9614 136.64
0.457148 40.9697 47.2571 302.189
0.487519 12.7863 18.5552 143.999
0.404215 33.9096 39.7151 259.792
0.30604 10.3113 17.0603 150.718
0.324995 6.62063 12.0406 113.066
0.414182 15.4879 21.7249 163.806
0.283702 7.84709 13.3734 123.368
0.299466 18.4957 26.3912 211.919
0.364411 6.57251 11.971 110.418
0.435704 11.2855 17.9645 148.911
0.316847 8.43128 14.3497 130.578
0.273259 6.79829 11.0893 104.3
0.281955 7.78052 12.7906 114.909
0.267835 29.8333 37.4483 265.157
0.329447 6.05408 11.177 105.87
0.244649 5.05924 9.20013 92.2687
0.41345 46.1701 52.9113 330.673
0.408566 17.4777 24.5154 181.017
0.482286 28.0139 39.6879 264.412
0.611287 20.7548 29.0491 203.303
0.165584 3.08255 7.48184 81.8148
0.306029 5.73179 10.0652 96.5271
0.472003 13.5789 19.4732 148.879
0.463778 11.9417 20.6059 169.54
0.403838 14.8021 22.2053 181.952
0.43454 11.742 17.9271 142.323
0.323624 5.86953 10.313 97.6553
0.3733 17.1902 22.068 166.95
0.460453 13.1826 21.4694 171.385
0.409722 16.7173 23.0025 174.837
0.30371 6.72556 11.4701 105.043
0.505225 26.4983 32.1475 218.962
0.158861 2.84708 7.02384 78.2049
0.601618 25.8999 34.6042 229.146
0.321783 27.2062 36.3683 276.027
0.308501 8.31505 12.569 111.646
0.302396 7.32397 12.9752 121.168
0.442829 27.9278 33.5368 228.702
0.45697 28.7286 35.1667 237.339
0.465423 62.8015 70.9015 422.56
0.394058 9.53316 15.3324 127.991
0.22404 7.36374 11.8338 112.606
0.352597 6.90729 12.3078 112.815
0.4623 14.6382 20.8173 165.548
0.357101 7.87022 13.4248 118.177
0.401804 8.46444 13.7165 118.581
0.393756 65.7668 75.9531 463.419
0.304577 6.52465 10.803 101.494
0.333584 17.3786 24.9743 188.584
0.337954 16.1517 21.1884 162.392
0.16788 3.28502 7.448 81.5463
0.206602 5.0311 8.86624 90.285
0.469587 41.0642 50.7576 347.605
0.440679 8.82259 14.5068 122.655
0.328388 15.6014 26.2596 218.941
0.234298 16.1341 21.4934 171.703
0.320805 14.9669 22.1891 178.825
0.476785 13.9438 20.7073 166.024
0.510281 11.9881 18.8924 147.167
0.349605 11.6255 16.5228 136.322
0.55425 17.5477 27.5854 200.92
0.293321 15.7978 25.6781 213.552
0.310291 23.9961 32.4477 242.733
0.3626 11.0859 15.6554 132.986
0.36871 6.12884 11.2319 103.742
0.415085 9.90138 15.5478 128.565
0.368187 9.30145 13.7847 118.804
0.509621 12.6505 19.8872 154.29
0.354693 29.9018 35.7193 244.942
0.263934 7.4139 11.4424 105.094
0.617645 136.144 146.816 766.59
0.547951 45.6868 52.3868 321.227
0.283732 6.74642 11.2533 104.093
0.37481 7.66161 12.8339 114.199
0.368639 19.2579 25.5002 197.69
0.471267 41.5207 47.8062 301.296
0.443216 21.4209 33.6426 265.374
0.264742 4.81788 9.83712 98.0868
0.502285 38.8519 45.744 300.673
0.72575 30.5962 45.5664 290.58
0.527057 19.073 29.9692 226.905
0.410879 12.3122 19.3813 155.484
0.503867 21.505 27.2138 189.166
0.499907 27.6765 34.012 238.09
0.337564 7.99482 12.8624 113.763
0.449346 16.1683 21.2874 161.544
0.462974 16.313 27.4743 218.928
0.488514 12.416 18.8124 145.04
0.283333 127.588 150.001 895.131
0.351498 20.6366 29.842 240.572
0.346143 11.5735 16.7912 143.316
0.628532 121.668 130.653 674.355
0.522011 106.198 118.563 657.861
0.463752 19.1408 24.0242 175.401
0.549935 22.2315 31.8931 234.65
0.2679 5.49112 9.56374 93.8127
0.50253 13.7173 22.3235 172.548
0.668211 36.7911 54.0477 351.167
0.389127 11.8524 19.3764 157.478
0.314573 7.27406 14.4888 132.675
0.527825 78.9303 87.8728 502.949
0.31651 7.94236 12.7932 112.699
0.417239 9.88764 16.5096 140.5
0.4394 21.1098 26.5537 191.377
0.282077 9.34485 14.8967 129.783
0.407903 17.6819 23.2316 171.029
0.521337 20.7953 28.4698 209.993
0.379422 9.92771 16.8675 142.88
0.325869 11.9946 16.6669 139.477
0.655722 56.2351 65.515 405.853
0.249547 16.1564 21.3787 167.586
0.300267 7.99039 12.2786 111.189
0.282631 11.3258 16.1124 139.249
0.475852 22.4303 30.6609 214.158
0.321376 12.1312 16.4461 133.831
0.319634 7.04845 11.2662 103.798
0.362814 7.64069 14.2501 128.412
0.505774 26.8003 32.6847 222.719
0.358882 10.742 16.3199 134.846
0.395105 8.90727 14.1188 123.495
0.802078 67.015 84.009 479.033
0.572083 29.2079 43.3762 285.856
0.551229 53.5492 97.1038 669.058
0.433557 8.59625 15.4634 132.499
0.270158 8.91942 12.9751 116.883
0.230122 10.5643 15.1832 132.133
0.542416 11.0149 18.7959 146.363
0.353584 28.5573 37.4594 265.398
0.361337 12.3719 17.7488 150.459
0.552336 15.176 26.3641 201.127
0.732717 53.5102 65.4765 372.751
0.452035 20.5271 28.8748 225.493
0.341467 16.0885 23.6668 180.132
0.354162 8.97506 14.7018 124.57
0.360446 11.4229 15.9054 134.042
0.36961 10.0351 16.5118 136.275
0.551325 26.0492 37.1933 270.92
0.180055 5.71264 10.255 101.961
0.428504 14.9248 21.4481 162.591
0.211304 10.3448 14.6462 127.895
0.380317 17.7151 23.4479 175.919
0.370373 13.118 18.4342 149.201
0.478896 12.2105 18.6038 146.15
0.420949 14.6266 22.4815 168.788
0.516056 46.2102 54.0519 335.533
0.223289 3.79712 7.71806 81.8708
0.220436 4.71139 8.7405 88.4294
0.214856 4.55086 9.74036 99.2068
0.345296 8.08586 13.0298 118.176
0.316013 11.4581 15.9427 135.414
0.442283 16.1788 24.4021 181.454
0.346718 18.5443 24.1442 186.787
0.202036 4.15937 8.34707 86.6958
0.344243 6.74211 12.5338 115.289
0.281555 4.97259 9.38139 93.0683
0.571937 14.5887 23.2976 170.808
0.554219 15.6635 25.5141 193.496
0.338583 14.3048 22.4356 187.841
0.424255 12.8581 20.1207 161.973
0.423699 15.5217 23.4544 173.88
0.279037 10.4041 20.0224 177.483
0.288606 13.225 18.8055 150.318
0.363184 9.26764 14.8358 131.637
0.407938 15.038 21.4719 164.1
0.682657 25.0279 37.7863 256.298
0.336394 9.13288 13.7347 121.624
0.310912 15.2097 23.8126 197.364
0.408815 10.9921 17.3535 146.368
0.383001 28.9207 34.5341 237.535
0.397775 27.9166 35.2783 238.383
0.574752 26.5121 35.1424 246.685
0.442415 51.3552 58.3177 355.526
0.559277 23.5024 30.0852 208.789
0.50005 22.9348 30.4103 216.071
0.417091 10.2805 16.0411 133.411
0.321395 9.53857 14.9621 126.332
0.276655 10.6577 16.1799 141.228
0.289029 11.7213 17.0251 139.734
0.366002 9.79704 15.3393 129.69
0.194625 8.45966 13.4745 123.745
0.471955 24.3988 29.585 202.948
0.228041 7.18961 11.9015 109.608
0.333677 6.49309 12.2296 113.844
0.652128 79.468 86.7165 463.768
0.41137 11.1928 16.399 135.992
0.336071 6.29237 11.0554 103.409
0.560365 25.8225 32.1886 215.455
0.370319 7.53487 12.4871 110.634
0.545608 26.3502 34.2479 231.443
0.325969 5.65722 10.2538 97.5502
0.385751 21.5669 31.4028 225.701
0.318723 12.0365 18.4853 158.64
0.439289 17.1301 24.1553 178.955
0.523458 18.8337 26.5889 189.977
0.53965 13.5102 20.2598 153.41
0.649992 19.4474 29.2556 198.921
0.309452 18.5863 24.2982 184.308
0.504179 12.3555 18.9485 150.172
0.45048 29.9605 35.5347 240.324
0.326213 18.035 23.8628 185.107
0.287316 6.21122 10.5216 99.3689
0.445848 135.037 154.733 877.956
0.242208 5.77143 9.87231 95.9499
0.603559 40.8226 49.7777 328.509
0.154748 2.69451 6.48914 73.7998
0.4707 21.3818 26.645 192.585
0.505572 18.5253 25.2352 183.93
0.440565 19.2142 24.854 178.609
0.351929 10.3525 14.8288 126.845
0.355108 5.94007 11.3446 106.34
0.37562 10.7218 16.2187 134.206
0.295434 55.6178 70.2067 462.356
0.364604 9.45545 14.6313 125.982
0.248843 4.73176 8.97597 90.1065
0.449221 11.2737 16.7503 134.096
0.316904 7.27607 12.6054 113.55
0.137815 3.21005 7.16117 79.4155
0.445465 29.9304 36.1298 244.53
0.415267 20.6358 28.4363 221.623
0.421262 8.95572 14.1854 119.849
0.375841 9.9149 16.1221 132.319
0.31487 9.83956 14.7367 125.201
0.650905 27.5875 37.0393 247.982
0.181494 3.95716 7.64134 82.0397
0.389391 26.5742 32.8262 237.961
0.248451 5.96899 10.7698 103.785
0.312444 11.1586 15.2468 129.651
0.221658 9.41124 14.6381 133.424
0.552585 19.8883 25.9452 185.102
0.303057 5.09682 10.1225 99.0336
0.350446 6.97781 12.0601 109.796
0.341915 9.20068 14.1602 126.621
0.339814 8.56586 13.7242 118.544
0.340654 6.77897 11.4227 104.541
0.482559 14.5282 21.5489 171.587
0.587396 20.8618 32.7442 233.565
0.409298 12.6633 18.7864 148.621
0.349567 73.5273 85.2948 516.018
0.366472 7.72014 12.7388 112.232
0.42027 7.60504 13.4762 117.288
0.37554 7.46019 13.2467 118.671
0.280642 4.42261 9.15592 92.3897
0.254123 20.5481 26.1183 196.198
0.665772 22.0273 34.7669 237.351
0.572388 56.8099 63.9319 379.24
0.394964 99.6228 111.714 633.503
0.320527 7.79387 12.3351 111.183
0.265638 8.7058 13.9413 121.459
0.469825 12.5739 20.2407 164.522
0.362512 18.4715 24.03 186.356
0.20848 3.7004 8.50858 89.043
0.362487 7.03018 11.9808 107.513
0.579324 15.91 23.5906 169.16
0.588426 23.778 30.8717 213.444
0.226278 4.49638 8.60692 88.8595
0.342583 14.4379 21.45 177.158
0.371217 7.87162 12.9447 116.227
0.31058 8.51078 13.2057 116.215
0.189313 3.29227 7.83192 84.2285
0.546504 19.2619 29.2209 215.382
0.291354 9.53827 14.1393 121.804
0.485314 13.0363 20.5857 158.334
0.444246 12.995 19.4747 154.699
0.360403 9.44829 14.1604 122.504
0.419525 13.1139 18.0895 145.235
0.475207 16.0807 23.5715 173.064
0.375336 14.4493 19.8013 154.502
0.511762 19.8945 30.9087 237.807
0.417283 39.6229 46.1259 300.71
0.371482 9.22461 14.4885 126.588
0.286462 6.81059 12.0498 112.393
0.53834 13.064 20.611 157.317
0.323897 6.88692 11.9872 112.279
0.341255 6.95605 12.234 112.288
0.516013 15.9183 23.5358 171.546
0.206989 16.8239 22.1608 174.884
0.371515 14.9099 19.7466 157.33
0.154916 4.14602 7.83771 83.4213
0.436869 36.4789 44.4156 297.361
0.552284 109.74 123.601 699.136
0.31586 12.6744 19.5947 155.948
0.228673 4.7321 9.85803 99.1149
0.475311 16.0591 23.4772 176.174
0.346041 6.21228 11.1015 102.885
0.381704 16.2638 21.0602 164.272
0.366398 25.9172 31.567 226.294
0.596244 72.1238 83.5158 474.383
0.338849 22.1483 27.5718 204.662
0.477055 11.2889 17.4029 140.318
0.475006 13.1794 19.3138 150.448
0.470187 11.5828 18.3087 146.541
0.419698 14.3769 22.3456 169.976
0.402755 16.9288 21.9174 163.594
0.339188 5.92494 10.5443 99.244
0.278164 6.02865 10.3153 98.0517
0.334515 10.5231 16.5645 144.587
0.620634 73.9017 82.7703 475.986
0.440361 13.7927 19.4793 154.758
0.202515 4.02427 7.97229 84.2491
0.354017 11.1891 15.8232 134.183
0.355222 9.19851 13.8088 120.771
0.369362 11.5598 17.7522 146.326
0.371602 10.5792 15.7569 130.122
0.38136 15.4193 22.8212 180.874
0.71489 61.2372 68.8877 379.396
0.598498 25.2726 36.5285 259.059
0.412658 8.48022 13.7441 117.399
0.455113 12.735 18.9593 150.994
0.454976 13.5818 20.326 161.54
0.543772 18.6608 24.6024 174.368
0.51956 11.9838 19.171 151.346
0.412049 9.86682 16.5299 140.001
0.236871 6.5108 10.5859 100.714
0.592318 25.7823 33.062 229.543
0.309703 11.4145 16.4258 141.245
0.377484 36.716 45.8017 315.755
0.410831 18.7649 29.7669 225.823
0.349007 19.3134 24.8166 184.151
0.34891 28.3024 38.4499 282.123
0.495478 10.1295 17.7098 143.924
0.438347 8.59843 15.5209 132.85
0.213438 5.55087 9.642 94.7493
0.418143 29.5874 35.5375 241.9
0.375525 13.6961 18.7401 150.044
0.364932 12.7577 18.1115 149.532
0.437486 15.2849 22.0642 167.112
0.379877 9.63084 14.8516 127.833
0.31536 6.91447 13.0621 120.639
0.281535 11.0591 16.4736 144.895
0.397496 16.2085 21.6492 171.354
0.525332 36.3832 41.9301 264.777
0.284857 7.52371 11.8057 110.019
0.378759 16.2942 21.3712 162.928
0.431448 9.81338 15.8097 132.497
0.447948 13.6593 19.3316 152.044
0.557066 16.6726 26.1293 197.677
0.465997 24.8683 31.079 224.277
0.231567 11.6946 16.859 139.496
0.252259 7.25049 13.1559 124.612
0.60647 69.6826 77.9551 458.048
0.611251 32.9317 41.2753 261.768
0.363774 7.81089 15.5148 138.169
0.414064 36.7931 43.0935 280.566
0.398941 7.59487 13.2602 117.615
0.301019 6.79082 12.0227 111.626
0.373735 11.6786 16.3315 136.613
0.442671 30.8334 36.6109 246.163
0.379488 10.9385 18.8081 161.394
0.528103 16.1345 23.7134 171.898
0.373101 23.6413 30.1326 216.38
0.445341 24.7423 32.9273 227.49
0.50897 15.9245 23.9396 185.848
0.442311 9.48329 15.9159 134.682
0.449907 16.1221 22.3223 167.081
0.424669 10.8488 17.319 144.82
0.453205 24.2438 30.2214 207.232
0.31577 5.35974 10.0011 96.6549
0.215294 10.8224 15.2728 130.579
0.435699 53.294 60.986 373.823
0.224207 4.12955 7.99149 83.7191
0.416304 13.6431 20.6855 170.409
0.349621 12.9367 22.3885 190.818
0.3843 15.0464 20.4396 156.09
0.683901 606.669 633.941 2799.8
0.560786 62.5005 73.4297 425.272
0.272183 15.6374 21.359 170.619
0.313276 5.10161 10.3254 100.398
0.286391 4.92104 10.2946 101.313
0.375964 6.38591 11.6184 106.23
0.539826 16.1037 24.2274 183.261
0.602426 17.4896 25.7482 183.967
0.626589 17.6639 28.3407 202.779
0.340628 5.9914 11.0593 103.629
0.445356 33.0152 40.4073 283.106
0.276212 20.0145 25.408 188.975
0.601964 56.7113 66.4494 416.067
0.31569 8.86391 13.5521 122.296
0.264023 4.60232 9.22079 93.2399
0.623693 17.0096 28.5499 206.29
0.368739 10.2184 15.811 130.697
0.440634 8.71688 14.2755 120.515
0.431769 27.5283 34.2188 234.494
0.556755 16.8668 26.0127 190.922
0.401678 15.775 21.8768 171.779
0.540733 22.5657 30.6003 221.673
0.34509 7.12289 12.2138 109.615
0.39299 13.9477 22.0353 178.075
0.381532 9.96748 15.008 125.181
0.308916 40.5928 47.8822 314.828
0.407557 23.9751 30.5971 225.711
0.446267 9.75233 15.7649 129.289
0.638282 35.0705 47.6662 323.898
0.376375 94.8369 108.918 644.6
0.165982 5.83266 9.88439 98.6121
0.352929 5.68033 10.7055 100.782
0.235249 5.79586 9.85922 97.0643
0.533991 26.3228 35.8153 252.025
0.481399 22.8293 34.6539 263.751
0.37467 17.3252 26.1084 198.646
0.598033 14.0307 22.6157 164.987
0.545355 24.8577 30.7539 206.003
0.282666 7.05846 12.131 114.636
0.27248 6.14473 10.2152 97.7878
0.538821 32.5532 40.6791 283.226
0.602333 14.2784 25.725 189.786
0.422357 18.8129 23.6413 172.871
0.554931 40.9468 52.2938 324.459
0.406982 12.7021 19.0059 149.374
0.265419 4.10173 8.55009 87.7625
0.541434 10.9968 18.9897 147.583
0.25604 21.9804 31.5396 245.413
0.277924 10.3039 14.3308 122.649
0.501376 31.9821 37.7991 247.654
0.333932 11.1911 17.2151 148.38
0.446734 23.8179 29.1695 205.764
0.39481 38.8188 60.5208 467.88
0.498672 24.3058 30.4053 214.043
0.514707 39.0066 45.4709 291.918
0.270941 6.63221 11.1493 103.723
0.426908 11.343 16.8221 136.835
0.495649 27.4003 36.769 266.441
0.569981 21.24 29.0569 206.062
0.472444 43.8952 50.3631 316.766
0.472624 16.8514 22.4007 164.637
0.274752 10.6451 14.8278 128.627
0.363856 9.18753 14.011 121.42
0.434367 10.5191 15.6896 129.035
0.542946 13.782 21.2368 159.692
0.546133 27.6005 41.0536 303.472
0.599767 17.5486 26.6187 193.367
0.23285 11.3272 16.8503 146.305
0.559186 144.199 156.178 817.681
0.414401 13.8074 19.6706 155.315
0.596137 16.4651 26.2799 193.796
0.413059 17.6052 23.9641 183.285
0.470029 22.6304 29.5001 221.254
0.274392 10.8232 14.9321 126.777
0.51186 12.3047 19.9308 158.847
0.340006 20.9203 27.8068 205.341
0.533249 21.9528 28.4634 205.475
0.293272 7.77465 11.8895 108.942
0.555497 24.3369 38.5781 281.35
0.258003 6.28861 10.6068 102.265
0.3066 40.9573 49.6972 326.749
0.526341 16.1794 24.064 174.407
0.249865 5.50415 9.59662 94.5941
0.239218 4.46711 8.61344 88.7713
0.2643 8.98647 13.3894 117.966
0.554138 16.4643 25.8483 194.624
0.419594 15.0984 25.0044 204.007
0.367778 8.99876 14.1092 124.447
0.249379 12.8502 19.9229 174.084
0.494176 14.2364 21.1104 158.698
0.198499 5.52944 9.53183 95.4197
0.508006 17.9203 26.2418 186.67
0.336545 8.26345 12.9174 116.735
0.471096 17.4775 26.3768 209.088
0.176202 5.33712 8.96275 90.8321
0.310988 6.82047 11.4108 106.914
0.283803 74.3234 94.092 609.885
0.283693 6.65606 11.422 105.734
0.365897 12.9504 17.9988 150.047
0.359953 9.3135 15.4828 131.019
0.257972 6.65315 11.3972 109.3
0.483015 10.8572 17.6228 139.404
0.371419 6.75517 12.2706 111.749
0.396805 10.3115 16.3982 134.721
0.392271 9.15827 14.4078 121.757
0.248327 6.1683 10.5014 102.723
0.460655 60.5137 77.9794 544.315
0.451976 16.2003 22.7065 169.285
0.771747 57.5996 76.9395 471.025
0.490631 13.7747 20.795 159.296
0.262203 8.41804 12.5834 113.088
0.431908 209.965 238.915 1293.49
0.368697 10.8323 17.9339 155.148
0.261801 6.86597 11.5161 107.999
0.323707 27.6145 34.7117 247.708
0.663151 17.0172 29.4553 203.566
0.361749 18.3042 24.9384 186.677
0.640032 18.9238 28.2685 196.786
0.425069 8.73142 15.6263 134.201
0.327468 27.5953 34.4721 243.745
0.485826 35.2162 41.4524 265.867
0.276734 15.5273 20.382 158.718
0.386633 15.806 22.0492 167.86
0.369824 16.4417 21.0297 163.177
0.416534 14.528 27.8202 226.969
0.513489 30.9 43.2586 282.875
0.343491 11.3648 16.4088 134.57
0.35092 18.2427 30.5234 241.209
0.261728 4.24645 8.62743 88.254
0.266591 8.0394 12.278 111.34
0.404427 41.9505 49.498 321.165
0.361728 12.1939 18.1266 144.932
0.360463 5.88317 10.9099 101.852
0.371152 8.79758 13.6715 117.672
0.486751 13.5355 20.2905 162.064
0.233824 8.33741 12.1669 110.69
0.555779 28.0771 37.868 249.666
0.363698 11.2626 15.7342 132.781
0.392911 15.232 21.0705 162.9
0.541262 21.7571 28.6144 208.945
0.473144 29.6084 36.9623 263.753
0.231623 3.7232 7.76632 82.3356
0.364798 15.6036 21.1028 161.088
0.619574 55.5491 63.1438 379.55
0.256381 14.2967 19.6953 163.178
0.47521 10.9096 17.2587 139.562
0.519032 14.7594 22.5272 168.304
0.421599 13.4586 19.163 154.778
0.419857 10.3141 16.3583 138.874
0.294968 10.186 14.9475 132.438
0.424872 13.215 18.5059 149.577
0.258549 7.77711 13.2277 123.908
0.540527 16.7917 23.5643 174.544
0.419327 9.36618 14.8145 126.294
0.403583 14.5624 20.7014 158.917
0.384982 37.9571 49.7379 366.19
0.357056 7.64017 14.5857 131.432
0.605121 20.8316 30.6346 218.83
0.388165 33.7783 45.1326 303.946
0.382493 40.0878 48.5466 320.508
0.399411 17.9817 25.6965 205.878
0.356809 8.19307 13.2025 118.122
0.563821 19.037 28.0558 195.776
0.347688 31.5873 40.6112 286.258
0.567929 21.2136 28.1813 199.292
0.374649 12.1504 17.4054 140.491
0.343665 6.4843 11.5554 107.668
0.425809 16.7363 21.9043 164.416
0.497779 15.2871 21.5835 162.948
0.370556 12.7168 17.7265 148.082
0.351823 40.7116 48.3785 315.355
0.540255 24.1599 39.0113 293.062
0.278855 30.1856 37.0879 257.035
0.43106 9.85285 16.5197 138.539
0.341814 7.36203 12.0319 110.121
0.593434 21.3009 28.9574 197.669
0.40753 47.011 59.558 413.28
0.30476 9.13669 13.9909 120.376
0.518262 18.8507 25.5392 183.02
0.322354 5.27262 10.2034 98.5154
0.483873 17.6946 27.3999 213.927
0.42087 20.1974 26.3419 201.193
0.644833 26.1935 37.3727 242.976
0.676599 21.225 37.3843 255.811
0.566047 18.0718 26.7288 199.62
0.466682 13.4675 19.4367 153.423
0.575509 56.8246 63.4341 363.072
0.490173 10.7502 19.2875 157.032
0.46843 14.1285 21.3701 160.803
0.264733 4.72696 9.06091 91.5895
0.454203 13.2799 18.7228 147.279
0.414557 12.9868 19.6499 152.68
0.519349 38.8332 46.8144 299.53
0.273108 11.1766 20.3477 180.494
0.157902 5.58776 9.38611 94.6303
0.437695 8.94008 16.2862 139.127
0.258294 5.00657 9.7263 97.57
0.344686 8.70925 14.1285 127.601
0.276703 6.12664 10.1478 97.2938
0.296171 8.22323 12.7372 113.314
0.39455 15.9428 21.7283 164.622
0.207272 8.52775 12.8096 116.616
0.406178 16.7715 22.6828 179.438
0.420121 72.7867 82.2817 487.509
0.305924 6.36071 10.5224 99.2638
0.622728 20.9901 35.9578 256.347
0.443998 23.7492 30.3382 211.273
0.33313 9.6143 14.6194 129.493
0.362015 12.7021 17.3671 141.567
0.382676 13.3512 18.7024 149.43
0.435912 20.0511 25.7522 186.558
0.671921 46.4119 54.6533 330.178
0.388541 18.4822 30.1042 245.344
0.474444 10.3607 17.127 139.492
0.542599 12.8965 20.4879 156.394
0.179226 4.5477 8.27832 86.209
0.417451 95.9898 110.766 694.098
0.544664 14.0666 24.951 190.76
0.269476 7.39649 11.6533 109.634
0.467722 8.54221 15.2367 128.031
0.194845 4.78391 9.33358 94.232
0.390258 12.2403 17.0662 137.739
0.213232 3.74183 7.72868 82.3397
0.711235 32.4402 45.8289 287.048
0.453367 13.9421 19.5172 155.033
0.438938 12.5211 18.852 154.254
0.451959 10.1833 16.9129 137.475
0.488666 23.8054 32.9002 242.802
0.420086 17.1408 22.5657 170.429
0.44072 13.1665 20.416 157.1
0.485327 22.2606 28.1426 200.614
0.344947 13.7818 21.2446 165.996
0.448422 23.4398 29.3956 203.093
0.417575 56.0023 63.2887 382.247
0.517736 29.9347 37.6923 260.223
0.197457 6.2396 10.493 102.641
0.571994 40.8827 49.7029 325.199
0.348536 9.11569 13.5919 118.335
0.402366 9.94341 14.7196 123.266
0.533152 18.287 24.4153 175.331
0.569409 14.4825 22.1076 161.866
0.37275 9.49661 14.1641 121.195
0.383413 21.6208 27.1376 194.548
0.508657 9.92612 17.9057 144.066
0.36978 7.92783 12.8537 112.993
0.355456 13.4291 20.72 161.606
0.59012 15.1646 25.6933 189.675
0.249955 8.13302 12.3483 113.121
0.387706 18.5429 24.2402 178.335
0.36435 7.22767 12.4476 111.182
0.50204 11.9936 18.3594 142.285
0.273488 8.05133 12.811 114.424
0.385769 10.8209 15.9543 130.214
0.24205 7.85267 12.3134 111.669
0.247123 4.66275 8.59971 87.966
0.388424 12.9879 19.6327 160.669
0.402058 25.8787 31.3028 219.993
0.243302 7.01254 11.8488 112.542
0.257519 8.04775 12.7286 113.616
0.330603 9.64706 15.3648 136.757
0.493687 64.3872 71.8555 415.382
0.317814 11.5252 19.3415 169.307
0.242911 8.84695 17.5352 158.78
0.445354 14.5091 20.4123 157.671
0.270924 5.14578 10.0709 100.041
0.185696 4.37907 8.8177 91.2669
0.356527 12.5994 19.2906 153.867
0.173721 12.4862 17.2713 145.24
0.389537 7.64493 13.3799 117.717
0.510995 96.2245 113.188 690.682
0.30088 6.52922 11.3147 106.247
0.540997 26.6271 35.925 239.122
0.470913 19.6485 24.7085 180.019
0.350567 15.288 20.0229 158.384
0.360488 7.17477 12.273 111.257
0.397066 14.9263 20.1939 159.663
0.235301 14.6181 20.768 170.026
0.292568 18.8493 24.706 192.841
0.289556 4.74067 9.45199 94.0756
0.338398 42.8208 53.7594 357.488
0.402576 10.7727 16.8551 143.484
0.317623 7.61219 12.4186 110.847
0.330492 9.76084 14.9572 128.637
0.244437 4.98546 10.2897 102.623
0.651543 25.3126 35.8736 231.019
0.137275 3.06148 6.65668 74.8178
0.39248 11.1964 16.4218 139.872
0.294678 17.2805 22.4402 170.969
0.491517 47.1438 56.0461 373.092
0.519248 19.6507 28.4643 200.032
0.338771 21.5328 27.1249 201.957
0.266118 6.60532 12.1962 114.541
0.358162 36.2772 43.866 298.607
0.166511 3.22869 7.00747 77.558
0.37736 19.0998 25.5911 198.245
0.315042 7.46901 12.4406 111.311
0.195133 5.01881 9.0155 90.4444
0.440439 17.7878 26.2307 189.581
0.451174 17.4907 22.4596 168.855
0.368912 10.3758 15.6148 128.428
0.456315 29.165 35.2976 246.322
0.534206 35.2765 41.8095 266.215
0.566741 26.8663 35.9282 251.861
0.662581 48.2661 55.4121 324.986
0.143998 9.20342 14.0986 127.462
0.469537 56.7915 89.973 651.503
0.374889 16.2419 21.3888 162.312
0.411146 17.5376 22.819 176.448
0.2503 24.0154 30.6008 223.087
0.543902 11.0077 19.7628 153.802
0.631137 63.7117 70.525 393.08
0.279244 7.16993 13.1552 123.767
0.267094 14.1021 18.5827 149.72
0.37666 25.7396 38.7248 305.553
0.520648 19.4186 26.0442 194.907
0.534487 14.0537 20.8567 158.253
0.686818 30.2942 43.0274 269.744
0.445741 30.4048 35.7028 235.888
0.198404 10.1645 15.6215 138.114
0.195813 3.87523 8.6972 91.1156
0.411874 9.99812 16.0038 131.347
0.467117 18.3692 24.2745 180.316
0.719231 103.429 111.813 593.996
0.455341 11.3403 16.6183 133.316
0.279477 5.89079 11.1904 108.623
0.284692 5.73227 9.89793 95.3601
0.614098 17.5907 26.7315 187.654
0.373765 23.6258 29.2469 213.681
0.346758 10.2511 16.3596 136.576
0.34037 7.32105 12.0913 110.662
