0.439758 17.9199 27.1533 198.389
0.214493 4.29113 8.41528 87.9195
0.293842 7.84407 12.4068 111.219
0.288276 10.3016 15.0337 126.872
0.410479 12.2985 18.7484 148.206
0.407978 9.44365 14.8848 126.562
0.352337 8.21874 13.2946 115.454
0.469219 32.7558 38.4878 251.089
0.316834 10.7454 15.4211 132.602
0.223458 9.37512 15.6576 143.62
0.408152 8.97408 16.8085 145.052
0.295547 7.6688 12.5736 113.675
0.249178 4.68412 8.77256 89.5081
0.501492 12.6182 19.5663 152.947
0.455208 10.9703 16.8235 137.583
0.504908 14.5241 20.1073 152.769
0.358754 10.9883 16.8322 144.462
0.442633 16.0255 30.0527 239.969
0.247489 5.11784 9.52722 94.1605
0.440637 11.151 17.2547 137.913
0.352151 17.6636 26.8318 221.876
0.39646 12.1669 16.7428 134.992
0.510978 18.2583 24.5869 177.56
0.232618 4.53774 8.73607 89.1721
0.499639 19.2353 26.0307 196.738
0.30807 18.7524 34.0752 283.722
0.352057 11.9114 16.746 135.212
0.576949 39.7382 45.6446 277.627
0.295994 7.59796 12.3079 110.693
0.548046 18.7256 27.2152 190.845
0.27007 9.41576 13.3561 117.109
0.420448 10.0291 15.8541 130.436
0.264668 5.86557 10.2208 98.3261
0.238433 5.61256 9.78602 95.3075
0.444926 35.5881 43.3363 279.546
0.340875 14.4996 19.7035 159.394
0.453994 9.84332 15.3233 127.079
0.235455 6.18833 10.8998 106.945
0.398105 30.4097 36.1366 243.144
0.506441 35.8862 41.9561 269.429
0.347265 29.7155 36.8421 258.561
0.24852 19.5729 25.2332 193.181
0.250045 5.75109 10.0881 97.0704
0.409972 122.708 143.63 830.198
0.536977 12.7258 21.5763 167.293
0.564682 30.4853 43.4815 280.109
0.623808 32.634 51.278 360.218
0.248914 6.67166 11.7682 112.254
0.296878 4.76675 9.49502 94.2144
0.477103 59.8009 68.0108 406.616
0.464873 10.0811 17.8552 148.753
0.382613 7.94722 15.2713 135.379
0.657925 31.3447 42.586 272.79
0.552732 16.0812 23.5277 169.929
0.34132 12.6902 17.4653 145.585
0.447589 13.3567 21.717 171.916
0.252666 9.39366 14.4075 130.612
0.30861 15.1318 21.3173 175.985
0.231659 4.69418 8.74628 88.7719
0.211257 5.27738 9.19903 93.1431
0.0983284 2.0754 5.82837 69.0193
0.171769 3.49155 8.34159 88.5605
0.414176 12.4663 20.193 169.355
0.365851 28.9007 35.1308 244.234
0.347216 9.77744 14.8052 131.139
0.342737 6.5076 11.529 106.873
0.284675 6.41134 10.9975 105.762
0.673814 78.0777 90.5446 492.386
0.225416 4.41581 8.57506 87.4475
0.180192 4.4187 8.35078 87.8841
0.568193 67.9583 91.3779 537.337
0.747152 56.3654 69.8959 422.583
0.55805 86.9582 97.7374 555.322
0.520579 256.983 284.111 1464
0.386762 7.66922 13.9442 124.022
0.28714 12.2053 18.7189 150.594
0.626818 102.591 114.966 628.045
0.415181 11.0478 17.3386 139.542
0.48366 16.2508 23.6363 182.481
0.401913 13.9873 20.0494 154.97
0.230464 8.72376 13.1125 119.414
0.240951 7.05804 11.6703 107.378
0.246115 12.7293 16.9812 141.058
0.310946 7.50415 12.4451 112.01
0.630433 25.2994 36.9579 259.303
0.318418 5.37453 10.1681 98.1534
0.409243 25.4722 30.6308 215.95
0.26055 9.64431 13.7716 120.955
0.293547 14.8611 20.2512 161.119
0.287432 12.2951 18.0622 152.669
0.298175 9.41041 14.66 132.039
0.349064 7.58619 12.0332 108.429
0.418675 14.9047 21.6247 167.478
0.4853 26.5875 32.1409 215.865
0.492004 15.5866 23.7055 175.107
0.510072 16.4479 23.2288 168.807
0.3043 21.0583 26.6052 194.515
0.592218 22.2139 30.7783 207.642
0.32921 6.72603 12.0584 110.169
0.36627 14.0841 24.0816 202.765
0.386294 6.84935 12.334 111.381
0.480393 10.5512 18.7163 153.317
0.392387 16.5563 23.4179 184.188
0.414587 16.5738 22.684 170.613
0.286267 7.9733 12.0378 108.817
0.294045 6.97505 12.3139 113.958
0.623222 114.802 126.54 705.814
0.549888 26.7173 33.4497 229.565
0.327368 38.4991 46.1623 305.972
0.622557 26.9034 39.1066 271.581
0.198214 6.3532 10.9354 106.762
0.223833 5.30509 9.25508 93.109
0.576435 19.6999 28.8636 201.624
0.576864 40.3304 46.9804 292.029
0.383008 9.13447 15.4497 134.316
0.503799 20.5906 30.5855 230.416
0.40811 19.0021 25.0701 184.633
0.414321 12.5661 19.6223 164.226
0.263069 10.6326 16.3843 139.385
0.770077 43.4735 60.5836 352.252
0.433519 18.578 24.7061 186.103
0.392584 9.13667 14.807 126.011
0.579704 29.0494 39.8246 279.001
0.382528 53.479 68.245 438.092
0.256587 5.10006 9.92116 97.967
0.472291 9.36054 15.6098 128.157
0.533814 20.999 27.3017 196.322
0.338936 15.4445 20.905 168.686
0.323692 13.1126 19.706 168.52
0.181386 4.72835 8.44122 87.0595
0.343923 12.0083 18.2824 145.342
0.494292 28.556 34.9108 240.951
0.410266 42.7007 49.5978 316.261
0.218951 4.97967 10.4593 104.801
0.398422 6.76196 12.3078 110.166
0.548515 25.922 38.0798 252.367
0.467683 13.4748 20.9542 163.996
0.631103 52.7717 61.7772 356.399
0.345541 8.38784 13.6148 117.707
0.464345 16.4372 25.4873 190.97
0.363638 7.04521 12.3479 110.533
0.612724 32.9037 41.0811 272.451
0.315882 13.3751 17.933 145.018
0.349373 13.2673 17.9227 143.257
0.412581 7.60537 14.2588 125.177
0.482055 25.3847 35.5307 255.958
0.262648 6.11969 10.0882 98.3292
0.396031 22.3646 27.6392 199.532
0.411413 13.4175 19.3221 158.497
0.46532 15.7415 21.6125 170.198
0.435116 19.6424 29.8196 226.065
0.559811 24.4126 34.6363 231.498
0.297888 5.4565 10.0531 98.324
0.471915 20.0219 26.8931 191.373
0.524629 45.6057 51.9774 314.587
0.346746 6.38167 11.6073 106.659
0.374413 8.79046 13.6422 120.142
0.362553 22.1283 27.4987 201.608
0.326214 17.8374 23.2006 181.804
0.394316 15.4257 24.4047 188.781
0.206238 4.65846 9.17997 94.1529
0.382343 9.86111 14.9697 126.61
0.388552 8.2511 13.9817 120.171
0.467955 15.6226 23.1316 171.205
0.327149 10.0891 15.1418 127.39
0.323497 25.4905 32.8459 239.179
0.27484 8.69757 13.7882 120
0.340668 6.60182 11.3129 105.156
0.236916 14.4642 19.0517 153.416
0.419262 19.9299 24.6469 181.529
0.424209 8.27325 14.0963 121.979
0.29936 5.89293 10.0536 96.6672
0.447783 8.04986 14.1103 120.169
0.263776 11.916 16.2246 136.429
0.650327 35.3532 46.3739 286.127
0.580412 159.082 174.557 924.45
0.443791 10.6994 16.658 134.973
0.516066 12.798 19.5402 151.907
0.496457 15.955 26.503 207.558
0.531548 60.2397 71.6585 454.767
0.294375 7.08931 11.1607 104.435
0.189284 3.64647 7.60886 81.4533
0.508224 10.0947 17.1918 137.953
0.397543 86.5474 101.183 608.338
0.238454 4.65666 8.60978 87.5715
0.182186 5.89909 9.97558 97.8323
0.404198 8.9355 16.157 139.843
0.443567 13.9687 21.2281 167.733
0.409731 18.2105 23.5876 174.831
0.44764 20.0446 27.2376 201.134
0.41671 10.548 15.395 127.436
0.511608 12.6575 18.7747 144.771
0.557148 46.2754 52.5126 315.639
0.220199 6.61561 11.7383 113.198
0.232219 9.95352 14.1496 124.612
0.356851 9.70643 15.1545 126.433
0.388229 7.65532 14.3999 128.073
0.254205 10.576 15.8528 141.161
0.385736 11.7109 17.4379 143.831
0.334848 12.189 17.0457 141.53
0.341652 18.683 24.3521 183.15
0.451515 9.25579 15.4386 127.935
0.401856 7.73845 13.5878 119.194
0.453501 35.3821 45.2175 322.912
0.527951 48.7328 67.6469 411.313
0.683181 29.9834 42.502 277.764
0.540656 12.3533 20.3664 157.275
0.524347 19.5914 26.7205 198.311
0.403669 11.1401 17.4613 142.211
0.435345 73.378 82.819 485.366
0.511375 11.5831 18.8426 146.908
0.195757 7.58911 12.3054 115.805
0.452225 12.8357 19.4975 150.674
0.4411 9.21525 15.9284 135.976
0.210383 6.28516 10.4515 99.8372
0.513834 23.3457 28.8835 199.281
0.498586 10.721 17.1855 136.323
0.394802 13.4656 20.3106 164.316
0.358819 9.25252 14.4204 123.138
0.270273 12.0403 17.4247 149.006
0.373039 17.5714 26.7335 219.594
0.28905 14.3649 19.0745 152.139
0.480179 10.5338 18.6131 153.02
0.277433 14.6546 20.5266 169.349
0.26937 8.2283 12.8065 115.685
0.243886 7.12567 13.6148 126.166
0.48915 14.7255 20.0264 152.446
0.426393 16.7929 22.3524 172.357
0.265597 5.67845 9.85475 95.204
0.342387 8.18974 12.7978 115.67
0.245311 9.19738 13.583 121.794
0.271851 4.99024 9.27796 92.6799
0.439345 22.568 28.9888 216.827
0.317818 9.77409 14.4837 123.752
0.520391 45.2292 51.2331 310.968
0.536949 23.9466 29.9349 207.156
0.500431 45.9839 56.8663 391.247
0.349732 17.255 22.0296 168.611
0.567781 23.4332 30.4369 212.581
0.399526 8.1787 13.9108 119.882
0.606682 102.813 114.205 622.899
0.516588 45.5346 56.8819 366.344
0.280486 7.87098 12.4279 114.056
0.357571 17.6689 29.4049 242.499
0.591452 48.3877 54.7232 332.395
0.430487 8.25552 14.3182 123.151
0.388561 35.231 40.9637 266.252
0.359407 75.6346 89.7351 559.034
0.259806 7.43845 13.1464 120.472
0.577978 14.1584 25.1687 189.008
0.536251 40.8462 46.8452 294.999
0.413215 18.6077 27.2824 195.276
0.265269 5.68475 9.64101 94.0943
0.502351 24.3238 34.4224 259.056
0.148894 2.82175 6.61745 74.7487
0.409812 10.9434 16.152 133.977
0.549669 12.2881 20.4823 157.431
0.438587 8.8039 14.287 120.295
0.300539 6.03164 10.8367 104.141
0.259327 6.89755 11.6608 111.157
0.290453 7.31949 11.5947 107.279
0.502544 12.5592 18.4482 143.521
0.522273 14.9243 23.2221 171.703
0.227419 6.86803 10.9845 105.231
0.484614 128.809 143.471 783.446
0.456809 20.835 34.9654 273.577
0.521109 17.0859 23.7107 172.116
0.372305 7.1306 12.6624 115.499
0.565815 21.602 31.7814 230.176
0.288919 12.0995 16.6799 137.006
0.293029 6.83775 11.2744 105.254
0.483849 28.7092 36.8358 262.854
0.206926 5.34578 8.98497 90.6556
0.465451 11.479 17.1219 135.8
0.351746 8.25397 14.0394 126.448
0.455797 11.8167 20.1001 163.832
0.44129 8.0688 15.0698 129.543
0.509296 27.4218 33.7816 234.074
0.331438 7.2816 12.2837 114.288
0.34039 11.1357 15.8041 131.346
0.580262 45.1278 52.2949 330.658
0.326733 8.78451 13.9403 120.335
0.526423 78.2987 87.0241 505.364
0.350643 10.0318 14.561 125.71
0.437716 8.0362 14.3605 122.966
0.287404 5.9158 10.3374 98.4635
0.259009 6.6212 11.1621 104.202
0.27871 8.51305 13.2147 121.071
0.407836 13.9205 18.895 149.268
0.473903 17.526 23.0608 171.496
0.350712 11.1974 15.6723 131.047
0.473357 13.4173 20.0088 161.956
0.51084 12.8085 19.4122 149.352
0.360775 12.5118 18.0423 149.055
0.36808 7.87093 14.8289 132.532
0.26347 4.84759 9.15967 92.177
0.359136 9.55844 14.3412 125.088
0.462401 70.7374 79.6782 464.071
0.291122 7.05162 11.3722 104.356
0.536298 16.6968 24.2052 177.423
0.262287 4.08839 8.40336 86.4911
0.526946 17.9327 24.6981 183.8
0.374708 14.2548 20.2653 159.041
0.366377 13.121 18.0458 146.963
0.561263 69.7695 77.1151 438.897
0.600775 24.0999 32.0369 212.804
0.262362 9.03434 14.9631 136.66
0.457143 40.9601 47.25 302.151
0.487514 12.7763 18.5481 143.958
0.404235 33.9661 39.7749 260.113
0.306027 10.274 17.0205 150.452
0.324964 6.61562 12.0368 113.036
0.414179 15.4924 21.7228 163.8
0.283734 7.86151 13.3846 123.448
0.299414 18.4057 26.2829 211.254
0.364419 6.57304 11.9737 110.441
0.435699 11.2896 17.9656 148.921
0.316847 8.43071 14.3467 130.55
0.273214 6.79405 11.0858 104.276
0.281954 7.78153 12.7906 114.909
0.267809 29.7703 37.3706 264.691
0.32944 6.06243 11.1803 105.896
0.244602 5.05566 9.19639 92.2403
0.413401 46.1272 52.8646 330.428
0.408586 17.4834 24.5191 181.04
0.482317 28.0159 39.7105 264.534
0.611287 20.733 29.0332 203.203
0.16569 3.08477 7.48564 81.8481
0.306041 5.73964 10.0673 96.5475
0.471972 13.5642 19.4639 148.819
0.4638 11.9429 20.6136 169.599
0.403835 14.7888 22.2002 181.936
0.434528 11.745 17.927 142.322
0.323663 5.86344 10.3096 97.6297
0.373303 17.1925 22.0695 166.96
0.460459 13.1946 21.473 171.412
0.409702 16.7099 22.9978 174.807
0.30373 6.71836 11.4677 105.023
0.505215 26.4974 32.1459 218.945
0.158953 2.84784 7.02938 78.2584
0.601583 25.8717 34.5792 229.033
0.321787 27.2028 36.3655 276.01
0.308493 8.30388 12.5612 111.594
0.302464 7.34331 12.9927 121.294
0.442829 27.9499 33.5586 228.826
0.456974 28.766 35.2011 237.526
0.465352 62.2638 70.3295 419.63
0.394 9.52083 15.3262 127.952
0.223843 7.31813 11.7892 112.302
0.352586 6.90868 12.3072 112.812
0.462298 14.6333 20.8076 165.469
0.35714 7.87753 13.4267 118.19
0.401798 8.46237 13.7158 118.571
0.393651 65.3417 75.4749 460.808
0.304569 6.52295 10.8018 101.486
0.333598 17.3436 24.9521 188.446
0.337918 16.1405 21.1769 162.329
0.167984 3.28526 7.44854 81.5506
0.206637 5.03195 8.86731 90.2945
0.469553 40.8426 50.5158 346.317
0.440639 8.81413 14.5005 122.611
0.328292 15.497 26.15 218.197
0.234317 16.1988 21.5693 172.169
0.320698 14.956 22.1668 178.633
0.476774 13.9457 20.7062 166.014
0.510304 11.9801 18.8921 147.167
0.349641 11.6277 16.5261 136.342
0.554252 17.5754 27.5828 200.901
0.293135 15.7855 25.5907 212.75
0.310299 23.9968 32.4474 242.731
0.362638 11.1128 15.68 133.145
0.368714 6.13314 11.2353 103.77
0.415032 9.90631 15.5473 128.557
0.368227 9.31929 13.7967 118.883
0.509614 12.6545 19.8884 154.299
0.354686 29.9273 35.747 245.096
0.263868 7.41923 11.4462 105.119
0.617627 135.333 145.96 762.721
0.547943 45.682 52.3789 321.204
0.283695 6.74311 11.2516 104.079
0.374797 7.661 12.8312 114.18
0.36862 19.2693 25.5146 197.783
0.471219 41.4819 47.7648 301.07
0.443212 21.4202 33.6387 265.347
0.264752 4.81231 9.8367 98.0818
0.502281 38.8969 45.7918 300.908
0.725763 30.5222 45.5344 290.387
0.527089 19.102 29.9966 227.096
0.410863 12.3038 19.3769 155.457
0.503886 21.4888 27.1981 189.091
0.499908 27.6508 33.9858 237.952
0.337586 7.9899 12.8604 113.75
0.449334 16.1868 21.3031 161.633
0.462929 16.2957 27.4557 218.795
0.488469 12.3878 18.7964 144.941
0.283307 128.463 151.022 900.883
0.351534 20.6607 29.8785 240.844
0.346173 11.577 16.7952 143.35
0.628534 121.682 130.667 674.393
0.522038 106.762 119.176 660.847
0.463757 19.107 23.9921 175.215
0.549987 22.2458 31.915 234.795
0.267884 5.49478 9.56585 93.8285
0.502574 13.7107 22.3252 172.559
0.668183 36.7416 54.0276 351.034
0.389156 11.8624 19.3754 157.471
0.314487 7.26522 14.4689 132.512
0.527826 79.2452 88.2165 504.65
0.3165 7.94131 12.7934 112.701
0.417234 9.88044 16.5088 140.498
0.439384 21.0836 26.5278 191.232
0.28205 9.3459 14.8961 129.779
0.407858 17.6936 23.2403 171.071
0.52132 20.7572 28.4383 209.8
0.379424 9.9311 16.8682 142.88
0.325882 11.9943 16.6659 139.468
0.65568 56.1014 65.3771 405.181
0.249503 16.145 21.367 167.515
0.300221 7.98921 12.2774 111.182
0.282602 11.3059 16.0904 139.109
0.475831 22.3626 30.6162 213.906
0.321386 12.1265 16.4409 133.8
0.319637 7.04341 11.2632 103.777
0.362848 7.64137 14.2593 128.49
0.505746 26.8277 32.7135 222.866
0.358844 10.7379 16.3166 134.824
0.39511 8.91168 14.1225 123.522
0.802038 66.8074 83.8458 478.311
0.572074 29.201 43.3649 285.794
0.55125 53.5891 97.1724 669.603
0.433595 8.59142 15.4642 132.505
0.270157 8.92982 12.9858 116.954
0.230195 10.5559 15.1759 132.101
0.542412 11.0043 18.7956 146.358
0.353623 28.5057 37.4066 265.148
0.361327 12.3615 17.7353 150.356
0.5523 15.2037 26.3694 201.166
0.732718 53.5347 65.494 372.836
0.451994 20.4541 28.8035 225.059
0.34146 16.0688 23.6522 180.041
0.354187 8.97797 14.7044 124.586
0.360411 11.4068 15.8906 133.95
0.369609 10.0338 16.5078 136.245
0.55128 26.0275 37.1747 270.811
0.179962 5.71184 10.2541 101.955
0.428502 14.9178 21.4451 162.565
0.211314 10.3412 14.6427 127.873
0.380326 17.7249 23.4572 175.968
0.370369 13.1207 18.4361 149.213
0.478852 12.1816 18.584 146.029
0.420988 14.6014 22.4745 168.749
0.516046 46.1018 53.9405 334.982
0.223309 3.79955 7.71992 81.8866
0.22045 4.71118 8.74001 88.4245
0.21477 4.55022 9.73378 99.148
0.34522 8.08437 13.0253 118.135
0.316014 11.458 15.943 135.419
0.442285 16.1811 24.4059 181.475
0.346713 18.5627 24.1642 186.899
0.202054 4.15707 8.34658 86.6919
0.344246 6.74175 12.5356 115.306
0.281568 4.97205 9.38226 93.0784
0.571936 14.5867 23.2948 170.781
0.554184 15.6484 25.5034 193.426
0.338627 14.3068 22.4502 187.989
0.424333 12.8542 20.1263 162.01
0.42371 15.5166 23.4545 173.889
0.279007 10.3822 19.9977 177.295
0.288606 13.2177 18.8021 150.292
0.363303 9.28254 14.8468 131.713
0.407912 15.0171 21.4552 163.998
0.682663 25.0541 37.7982 256.374
0.33636 9.12664 13.7278 121.574
0.311045 15.2235 23.8622 197.807
0.408831 10.9925 17.3538 146.369
0.38297 28.8677 34.4768 237.22
0.397769 27.921 35.2788 238.384
0.574773 26.5601 35.1806 246.902
0.442432 51.4127 58.378 355.838
0.559236 23.5032 30.0858 208.79
0.500041 22.9248 30.4051 216.035
0.417114 10.2835 16.0449 133.436
0.321421 9.53886 14.9613 126.327
0.276683 10.6607 16.1853 141.271
0.289061 11.7281 17.031 139.774
0.36603 9.80726 15.3443 129.724
0.194636 8.45319 13.4666 123.687
0.471887 24.329 29.5169 202.588
0.228018 7.18155 11.8961 109.568
0.333685 6.47548 12.2191 113.758
0.652103 78.9558 86.1968 461.458
0.411332 11.1816 16.3902 135.933
0.33601 6.28489 11.05 103.361
0.560351 25.7548 32.1319 215.159
0.370276 7.5086 12.4756 110.549
0.545538 26.3952 34.2609 231.542
0.32596 5.65564 10.2527 97.5406
0.385733 21.5695 31.3969 225.662
0.318757 12.0062 18.4552 158.45
0.439293 17.0999 24.1396 178.866
0.523439 18.8624 26.6034 190.045
0.539644 13.5357 20.2735 153.499
0.650021 19.4492 29.2588 198.947
0.309383 18.5986 24.3087 184.366
0.504172 12.3661 18.9534 150.207
0.450422 29.7402 35.2975 239.082
0.326224 18.0559 23.8862 185.244
0.287369 6.21174 10.5231 99.3794
0.44593 139.839 160.201 906.727
0.242175 5.77343 9.87335 95.9555
0.603537 40.7999 49.7625 328.466
0.15478 2.69599 6.49059 73.8136
0.470709 21.3919 26.6558 192.641
0.505597 18.5425 25.2439 183.99
0.440544 19.2023 24.8434 178.552
0.35196 10.3407 14.8188 126.781
0.355142 5.94146 11.3461 106.35
0.375602 10.7136 16.2122 134.161
0.295393 55.7227 70.3411 463.152
0.364599 9.461 14.6353 126.012
0.248823 4.73205 8.97512 90.1002
0.449203 11.2857 16.7563 134.132
0.3169 7.27361 12.6058 113.554
0.137731 3.20939 7.16102 79.4138
0.44545 29.9554 36.1558 244.665
0.415186 20.5445 28.3396 221.042
0.421258 8.95477 14.1836 119.838
0.375844 9.90909 16.1207 132.308
0.314854 9.84343 14.7389 125.216
0.650924 27.5497 37.0186 247.875
0.181445 3.95525 7.638 82.0089
0.389357 26.5386 32.7889 237.76
0.248481 5.96438 10.7655 103.751
0.312441 11.1767 15.2652 129.767
0.221631 9.40636 14.6312 133.37
0.552568 19.8661 25.9284 185.003
0.303051 5.09601 10.1244 99.0514
0.350497 6.9841 12.0622 109.808
0.341923 9.2139 14.1729 126.71
0.339809 8.55601 13.7184 118.503
0.340669 6.7864 11.4262 104.566
0.482572 14.5341 21.5573 171.65
0.587439 20.8305 32.7527 233.621
0.409289 12.6701 18.7875 148.622
0.34958 73.3955 85.1509 515.266
0.366449 7.70848 12.7362 112.218
0.420275 7.59792 13.4753 117.284
0.375552 7.46782 13.2484 118.679
0.280627 4.42919 9.15655 92.3962
0.254095 20.5086 26.0726 195.924
0.665743 22.0369 34.7885 237.48
0.57239 56.6266 63.7413 378.353
0.394967 99.2873 111.336 631.523
0.320523 7.79016 12.3327 111.165
0.265609 8.70674 13.9415 121.46
0.469811 12.5663 20.2351 164.483
0.362486 18.4717 24.0287 186.34
0.208424 3.69844 8.50393 88.9993
0.362502 7.04199 11.9848 107.541
0.579322 15.9186 23.5928 169.169
0.588408 23.7732 30.8606 213.389
0.226292 4.49513 8.60686 88.8617
0.342534 14.4273 21.4334 177.027
0.371208 7.87117 12.9442 116.229
0.310591 8.5113 13.2053 116.216
0.189177 3.28928 7.82681 84.1828
0.546489 19.2284 29.2055 215.301
0.291357 9.54064 14.141 121.812
0.485325 13.0509 20.5919 158.374
0.44425 12.9954 19.4704 154.672
0.360406 9.45018 14.1617 122.515
0.41955 13.1259 18.1007 145.307
0.475211 16.0658 23.563 173.012
0.375329 14.4373 19.7919 154.443
0.511761 19.9129 30.9244 237.908
0.417271 39.5287 46.0238 300.156
0.371449 9.21663 14.4817 126.543
0.286434 6.80667 12.051 112.405
0.538369 13.0486 20.6058 157.289
0.323891 6.88549 11.9884 112.296
0.341208 6.95297 12.2291 112.248
0.515982 15.9477 23.5432 171.58
0.207039 16.824 22.1606 174.885
0.371447 14.8839 19.7191 157.169
0.154967 4.14485 7.83717 83.4189
0.436886 36.549 44.4899 297.743
0.55227 109.724 123.61 699.254
0.315838 12.7006 19.6084 156.036
0.228766 4.73308 9.86597 99.1864
0.475335 16.0767 23.4858 176.223
0.346035 6.21105 11.1024 102.892
0.381707 16.2709 21.0676 164.319
0.366419 25.9218 31.571 226.316
0.596196 71.4403 82.8424 471.226
0.338803 22.1303 27.5529 204.548
0.477044 11.2965 17.4059 140.336
0.474994 13.1807 19.3165 150.46
0.47019 11.5845 18.3088 146.546
0.419708 14.4003 22.3548 170.035
0.402771 16.9479 21.9339 163.69
0.339205 5.92134 10.5448 99.2482
0.27819 6.02643 10.3149 98.048
0.334533 10.525 16.568 144.62
0.620648 73.9095 82.779 476.068
0.440352 13.7941 19.479 154.75
0.20248 4.02364 7.97106 84.2363
0.354062 11.1853 15.8191 134.163
0.355249 9.19982 13.8108 120.783
0.369374 11.5683 17.7558 146.342
0.371566 10.5826 15.7569 130.12
0.381328 15.4587 22.8501 181.041
0.714887 61.1386 68.7965 378.968
0.598503 25.2938 36.5451 259.148
0.412658 8.49697 13.7509 117.447
0.455106 12.7258 18.9509 150.934
0.454954 13.5979 20.332 161.572
0.54377 18.6699 24.6107 174.413
0.519576 11.9769 19.1717 151.353
0.412054 9.86953 16.5303 139.999
0.236911 6.51228 10.5865 100.718
0.592285 25.7429 33.0188 229.285
0.309673 11.4071 16.4196 141.211
0.377401 36.3784 45.4035 313.509
0.410877 18.7632 29.7755 225.885
0.348959 19.2481 24.7526 183.783
0.348849 28.017 38.1024 280.156
0.495473 10.1105 17.7006 143.854
0.438329 8.59398 15.518 132.827
0.213466 5.55406 9.64433 94.7673
0.41819 29.6377 35.5846 242.157
0.375489 13.6922 18.7362 150.026
0.364964 12.7605 18.1148 149.551
0.437489 15.3061 22.0774 167.178
0.379825 9.61531 14.8393 127.749
0.315346 6.91574 13.0587 120.606
0.281563 11.0641 16.4793 144.935
0.397498 16.1996 21.6401 171.293
0.525332 36.4889 42.0421 265.334
0.284834 7.52384 11.8052 110.013
0.378748 16.2946 21.3722 162.936
0.431457 9.81397 15.8101 132.509
0.447971 13.658 19.33 152.041
0.557089 16.6948 26.1519 197.826
0.465999 24.8811 31.091 224.335
0.231764 11.6984 16.8638 139.531
0.252233 7.24243 13.149 124.562
0.6065 69.8285 78.1115 458.8
0.611303 32.8888 41.264 261.699
0.363751 7.79282 15.5072 138.107
0.414054 36.7309 43.0283 280.206
0.398932 7.59185 13.2564 117.581
0.30103 6.78934 12.0233 111.637
0.373815 11.7056 16.3551 136.758
0.442682 30.8537 36.6302 246.262
0.379481 10.9352 18.8056 161.377
0.528133 16.131 23.7146 171.91
0.37306 23.6578 30.1506 216.469
0.44531 24.6798 32.8833 227.249
0.508991 15.9218 23.9412 185.856
0.442336 9.48301 15.9189 134.703
0.44991 16.1237 22.3225 167.084
0.424668 10.8562 17.3264 144.877
0.453204 24.2624 30.2362 207.311
0.315806 5.37045 10.0066 96.6996
0.215309 10.8306 15.2801 130.628
0.435681 53.1861 60.8699 373.22
0.224271 4.13327 7.99405 83.7417
0.416326 13.6445 20.6905 170.455
0.349698 12.9393 22.425 191.115
0.384303 15.0471 20.442 156.1
0.683968 624.257 652.22 2876.99
0.560804 62.6134 73.5299 425.776
0.272227 15.6384 21.3614 170.647
0.313238 5.09218 10.3192 100.346
0.286377 4.92929 10.2914 101.285
0.376003 6.38967 11.6209 106.25
0.539841 16.1069 24.2341 183.315
0.60244 17.5045 25.7551 183.997
0.626582 17.6486 28.326 202.69
0.340623 5.98767 11.0595 103.632
0.445356 32.9874 40.377 282.939
0.276242 20.0048 25.3964 188.912
0.601953 56.5874 66.3194 415.41
0.31573 8.86785 13.5569 122.335
0.263947 4.60124 9.21755 93.2124
0.623667 16.9682 28.5265 206.131
0.368739 10.2234 15.8131 130.711
0.440644 8.71713 14.276 120.517
0.431756 27.5525 34.2381 234.591
0.556741 16.9243 26.0326 191.043
0.401606 15.7812 21.8801 171.778
0.540681 22.4926 30.5484 221.404
0.345107 7.12837 12.2176 109.643
0.39298 13.9509 22.0327 178.056
0.38155 9.97502 15.0138 125.219
0.308906 40.4535 47.7237 313.944
0.40749 23.9443 30.5626 225.495
0.446219 9.75007 15.7628 129.28
0.638289 35.1144 47.6848 323.954
0.376338 93.8429 107.79 638.495
0.165985 5.83564 9.88696 98.6281
0.352961 5.68619 10.7076 100.799
0.235171 5.79958 9.86005 97.0628
0.533967 26.2954 35.7904 251.878
0.481401 22.7837 34.6305 263.615
0.37466 17.297 26.0894 198.536
0.598009 14.0105 22.6092 164.949
0.545341 24.8515 30.7486 205.967
0.282698 7.06362 12.1298 114.615
0.272427 6.13174 10.2061 97.7195
0.538817 32.5119 40.6424 283.052
0.602304 14.2839 25.7251 189.793
0.422349 18.8089 23.639 172.858
0.554935 41.0292 52.3458 324.72
0.406948 12.7096 19.0093 149.394
0.265464 4.1056 8.55348 87.7918
0.541435 10.9855 18.9845 147.542
0.256088 21.8532 31.3769 244.434
0.277883 10.2957 14.3228 122.598
0.50137 31.9687 37.7838 247.57
0.33393 11.1827 17.2129 148.371
0.446726 23.798 29.1521 205.67
0.394833 38.8478 60.5792 468.326
0.498646 24.3055 30.4047 214.041
0.5147 39.0012 45.4658 291.887
0.270972 6.63287 11.1505 103.732
0.426904 11.3332 16.8167 136.803
0.495661 27.3976 36.7666 266.424
0.569954 21.2601 29.0721 206.137
0.472446 43.9975 50.4707 317.314
0.472634 16.8783 22.423 164.764
0.274846 10.6529 14.8369 128.69
0.363855 9.19062 14.015 121.446
0.434351 10.5141 15.6845 129.005
0.542955 13.7769 21.2364 159.687
0.546136 27.6328 41.0826 303.652
0.599765 17.5245 26.6079 193.299
0.232775 11.3622 16.8936 146.583
0.55916 145.319 157.373 823.359
0.414382 13.7961 19.6666 155.288
0.596145 16.457 26.2804 193.801
0.413065 17.5978 23.9566 183.247
0.470008 22.6181 29.4885 221.19
0.274445 10.8262 14.9353 126.797
0.51188 12.3103 19.9328 158.86
0.339995 20.9107 27.7937 205.273
0.533272 21.9549 28.4724 205.536
0.293355 7.7863 11.9002 109.014
0.5555 24.3152 38.5431 281.117
0.257967 6.28943 10.6075 102.268
0.306544 40.9148 49.6465 326.471
0.526326 16.1638 24.0535 174.342
0.249826 5.50321 9.59557 94.5869
0.239198 4.46747 8.61369 88.7737
0.264315 8.9811 13.385 117.935
0.554119 16.4586 25.846 194.622
0.419568 15.0895 24.9815 203.832
0.367738 8.99204 14.1028 124.399
0.249421 12.8595 19.9369 174.197
0.494072 14.2244 21.0983 158.619
0.198467 5.52818 9.53039 95.4078
0.508001 17.9095 26.227 186.579
0.336544 8.27353 12.9268 116.794
0.471147 17.506 26.405 209.275
0.176205 5.33406 8.96003 90.8142
0.310953 6.8232 11.4122 106.922
0.283802 74.1263 93.8469 608.528
0.283714 6.64923 11.4199 105.719
0.365892 12.9544 18.0028 150.071
0.359927 9.30723 15.4772 130.981
0.257917 6.64864 11.3905 109.245
0.483033 10.8647 17.627 139.431
0.371433 6.7536 12.2707 111.751
0.396808 10.3149 16.4031 134.757
0.392177 9.14539 14.396 121.682
0.24826 6.16611 10.4976 102.687
0.460654 60.5041 77.9453 544.004
0.451949 16.1988 22.7028 169.262
0.771737 57.5855 76.8892 470.697
0.490634 13.7892 20.8027 159.341
0.262194 8.41358 12.5801 113.064
0.4319 214.755 244.33 1321.05
0.3687 10.8441 17.9441 155.218
0.261796 6.86504 11.515 107.99
0.323719 27.5049 34.5821 246.974
0.663185 17.0059 29.4722 203.674
0.361737 18.3483 24.963 186.834
0.640053 18.9268 28.2764 196.827
0.425097 8.73565 15.6329 134.253
0.327476 27.5635 34.4355 243.545
0.485844 35.2553 41.4926 266.068
0.276716 15.5292 20.3834 158.727
0.386632 15.7855 22.0326 167.756
0.369737 16.4087 20.9976 162.986
0.416507 14.5112 27.7944 226.772
0.513485 30.7428 43.1889 282.485
0.343494 11.3692 16.4125 134.592
0.350902 18.2437 30.5198 241.154
0.261767 4.24519 8.6279 88.2575
0.266583 8.04372 12.2814 111.359
0.404386 41.874 49.4118 320.687
0.361671 12.1656 18.1081 144.814
0.360502 5.88189 10.9119 101.865
0.37115 8.79397 13.6682 117.649
0.486691 13.5211 20.2775 161.985
0.233873 8.339 12.1687 110.701
0.555779 28.1067 37.8828 249.743
0.363702 11.2605 15.7327 132.774
0.39294 15.2318 21.075 162.926
0.541234 21.7364 28.5937 208.814
0.473149 29.6247 36.9763 263.8
0.231624 3.72016 7.76532 82.3266
0.364843 15.6204 21.1172 161.178
0.619566 55.6936 63.2837 380.131
0.256454 14.3162 19.7165 163.31
0.475199 10.9074 17.2604 139.578
0.519047 14.7627 22.5293 168.317
0.421599 13.4598 19.1643 154.784
0.419874 10.3151 16.3608 138.894
0.29498 10.1913 14.9524 132.465
0.424854 13.2214 18.5126 149.614
0.258601 7.80579 13.2588 124.129
0.540545 16.7806 23.5541 174.481
0.419304 9.36641 14.8126 126.279
0.403579 14.5714 20.707 158.953
0.384957 37.9303 49.7059 366.012
0.357097 7.64938 14.5935 131.495
0.605139 20.8539 30.6463 218.876
0.38817 33.3272 44.8062 302.114
0.382521 40.2206 48.6797 321.235
0.399375 17.9946 25.7002 205.862
0.356837 8.19518 13.2048 118.14
0.563813 18.9913 28.0306 195.617
0.34757 31.2162 40.196 283.928
0.567938 21.1971 28.174 199.266
0.374626 12.1534 17.406 140.494
0.343693 6.49117 11.558 107.688
0.425764 16.7395 21.9009 164.396
0.497736 15.285 21.5803 162.927
0.370542 12.7147 17.7236 148.052
0.351838 40.7133 48.38 315.365
0.540213 24.1343 38.9777 292.837
0.278933 30.109 37.0054 256.575
0.431073 9.85093 16.5205 138.546
0.341816 7.36079 12.0314 110.122
0.593476 21.3627 28.9945 197.868
0.407524 47.0199 59.5732 413.403
0.304773 9.14551 13.9959 120.41
0.518238 18.8603 25.5438 183.034
0.322351 5.27296 10.2044 98.5236
0.48392 17.7339 27.4401 214.205
0.420842 20.1791 26.3219 201.07
0.644866 26.2427 37.4149 243.208
0.676646 21.2555 37.4104 255.979
0.566039 18.0599 26.7246 199.604
0.46672 13.463 19.4356 153.421
0.575527 56.9298 63.5338 363.544
0.490192 10.7448 19.3009 157.134
0.468435 14.1299 21.3701 160.81
0.264738 4.73517 9.06562 91.628
0.4542 13.2584 18.709 147.194
0.414513 12.9818 19.6432 152.639
0.519371 38.859 46.8455 299.69
0.273059 11.0979 20.2699 179.927
0.157927 5.58995 9.38846 94.6482
0.437686 8.94461 16.2862 139.128
0.258274 5.00577 9.72539 97.5632
0.344706 8.71092 14.1301 127.614
0.276655 6.1284 10.1482 97.2931
0.29623 8.22764 12.7408 113.341
0.394559 15.9406 21.7282 164.619
0.207217 8.52456 12.8059 116.587
0.406129 16.7556 22.6631 179.298
0.420126 72.7795 82.2745 487.477
0.305905 6.34836 10.5151 99.2069
0.622731 21.0037 35.9658 256.413
0.443924 23.728 30.3117 211.088
0.333182 9.62708 14.6325 129.587
0.362005 12.7073 17.3721 141.595
0.382709 13.3474 18.698 149.404
0.435907 20.0504 25.7532 186.568
0.671901 46.4557 54.6909 330.313
0.388535 18.507 30.095 245.24
0.474464 10.3571 17.1244 139.471
0.542629 12.8901 20.4888 156.405
0.1793 4.55006 8.28045 86.2264
0.417481 96.5676 111.384 697.285
0.544684 14.0664 24.9512 190.768
0.269459 7.39607 11.6534 109.637
0.467701 8.5337 15.2356 128.028
0.195064 4.78402 9.34358 94.3347
0.390245 12.2119 17.043 137.601
0.213303 3.74308 7.73115 82.363
0.71124 32.4825 45.8375 287.101
0.453315 13.9325 19.5075 154.965
0.438965 12.529 18.8546 154.268
0.451923 10.1689 16.9075 137.438
0.488658 23.8381 32.9243 242.934
0.42013 17.1558 22.583 170.54
0.440692 13.1651 20.4118 157.069
0.485291 22.2143 28.102 200.395
0.344955 13.7921 21.2483 166.022
0.448408 23.4734 29.424 203.244
0.417565 55.9367 63.2163 381.889
0.517809 30.0302 37.7859 260.746
0.197505 6.23715 10.4935 102.659
0.571937 40.7542 49.5701 324.531
0.348494 9.10798 13.5863 118.296
0.402402 9.95023 14.7241 123.291
0.533183 18.3031 24.4284 175.409
0.569465 14.4736 22.1106 161.885
0.372772 9.49796 14.1672 121.22
0.383431 21.6546 27.1693 194.725
0.508657 9.9366 17.9095 144.096
0.369765 7.92793 12.8526 112.986
0.355423 13.4421 20.722 161.617
0.590103 15.1844 25.6902 189.651
0.249941 8.13043 12.3453 113.099
0.387713 18.5295 24.2271 178.256
0.364311 7.22811 12.4449 111.164
0.501996 11.9715 18.3441 142.193
0.273502 8.05443 12.8135 114.442
0.385728 10.8141 15.9491 130.185
0.242101 7.84916 12.3113 111.655
0.247066 4.65621 8.59365 87.9215
0.388423 12.9966 19.6367 160.7
0.402028 25.8408 31.2624 219.777
0.243336 6.99196 11.833 112.425
0.257481 8.0471 12.7277 113.611
0.330563 9.63376 15.3537 136.679
0.493715 64.3129 71.7789 415.007
0.317779 11.4876 19.3088 169.081
0.242849 8.84865 17.51 158.567
0.445318 14.4947 20.4027 157.611
0.270859 5.14581 10.0666 99.9999
0.1857 4.37747 8.8152 91.2455
0.356561 12.6277 19.3073 153.976
0.173793 12.4861 17.2715 145.243
0.389561 7.62864 13.3793 117.711
0.510965 95.4334 112.304 686.193
0.300896 6.52964 11.3154 106.252
0.541021 26.6714 35.9514 239.282
0.470987 19.6491 24.7088 180.02
0.350559 15.2786 20.0144 158.336
0.360461 7.17123 12.2719 111.25
0.397084 14.9382 20.2042 159.725
0.235326 14.5994 20.744 169.873
0.292584 18.887 24.748 193.078
0.289578 4.73151 9.4498 94.0552
0.33836 42.7342 53.6518 356.859
0.402577 10.7736 16.8566 143.488
0.317661 7.62467 12.4261 110.899
0.330501 9.76482 14.9608 128.672
0.244453 4.9865 10.2896 102.62
0.651534 25.2464 35.8415 230.862
0.13744 3.05967 6.65634 74.8155
0.392464 11.1864 16.4138 139.818
0.294683 17.2745 22.4358 170.939
0.491469 46.9316 55.8229 371.893
0.519249 19.6847 28.4801 200.128
0.338717 21.5457 27.1406 202.043
0.266142 6.61092 12.2 114.571
0.358119 36.238 43.8211 298.345
0.166632 3.22922 7.00939 77.5766
0.377284 19.0423 25.5319 197.901
0.31503 7.46684 12.4393 111.302
0.195128 5.01875 9.01564 90.4454
0.440404 17.7455 26.2123 189.474
0.451136 17.4703 22.4411 168.749
0.368898 10.3771 15.6161 128.433
0.456321 29.0197 35.1414 245.479
0.534213 35.3222 41.859 266.453
0.566701 26.8415 35.9001 251.688
0.662574 48.3169 55.4522 325.136
0.143815 9.0917 13.9638 126.566
0.469459 56.6385 89.4668 647.808
0.374873 16.232 21.38 162.26
0.411138 17.5521 22.8328 176.52
0.250438 24.0407 30.6289 223.25
0.543902 11.0283 19.7626 153.799
0.631135 63.4993 70.3129 392.119
0.279232 7.16328 13.1489 123.717
0.267046 14.1103 18.5911 149.768
0.376648 25.7569 38.73 305.548
0.52063 19.3553 25.9908 194.607
0.534453 14.0677 20.8578 158.256
0.686845 30.3571 43.068 269.942
0.445732 30.3691 35.6647 235.691
0.198361 10.168 15.6262 138.145
0.195769 3.87286 8.69344 91.0825
0.411889 9.97948 15.9958 131.285
0.4671 18.3798 24.2858 180.384
0.719219 102.923 111.304 591.818
0.455332 11.3324 16.6135 133.28
0.279444 5.88869 11.1884 108.608
0.284659 5.73335 9.89793 95.3597
0.614103 17.5616 26.7119 187.526
0.373719 23.6049 29.2246 213.546
0.346757 10.2619 16.365 136.613
0.340363 7.31903 12.0899 110.65
