0.490509 16.3107 23.7831 179.893
0.30985 3.96252 6.85636 70.7065
0.331748 7.5137 10.8637 96.7635
0.279564 5.18128 7.838 77.49
0.199252 4.78569 7.30331 74.4296
0.340683 9.21231 12.1823 106.044
0.517225 7.41298 11.5365 99.586
0.414826 14.2459 17.3588 138.674
0.33457 7.78659 10.6753 96.1431
0.482077 28.5769 32.7617 231.908
0.267945 4.37228 7.09585 72.3888
0.18734 5.26112 7.81772 78.3681
0.507139 21.0333 26.5869 195.977
0.427287 7.12303 10.2926 93.2416
0.23537 6.0326 8.62614 83.42
0.209826 2.86905 5.48836 61.2112
0.337714 5.37712 8.0229 78.1935
0.629947 22.7976 28.2266 198.239
0.407188 5.29705 8.91531 84.8634
0.485305 11.9348 14.922 120.577
0.309498 4.85173 8.441 84.3733
0.426052 11.8497 14.8359 123.584
0.327849 10.9223 14.0537 118.779
0.473231 6.77902 10.3761 92.3372
0.370497 5.88491 9.05851 84.9808
0.418318 16.4106 23.7989 205.451
0.593962 20.8658 27.0243 210.73
0.40845 5.61009 8.85002 83.1994
0.671807 167.819 176.541 985.206
0.179168 2.35867 5.13491 58.866
0.547636 17.1662 20.652 156.492
0.595735 22.5946 29.5947 210.195
0.300403 15.6056 19.1021 153.914
0.490669 8.7813 12.4522 107.767
0.676137 36.1431 40.2005 258.138
0.216297 3.55008 6.11178 65.7313
0.427483 9.63852 13.1258 115.483
0.359044 7.72906 10.6465 97.7031
0.259768 7.62051 10.3077 94.6748
0.362262 7.09297 9.90117 91.1932
0.303285 5.55557 8.65053 82.7294
0.144102 2.56888 5.09717 58.4902
0.300228 20.9034 25.7548 200.546
0.690872 23.4684 32.6881 224.096
0.29895 3.76531 7.07538 73.2538
0.494273 8.55931 12.1647 105.206
0.364389 6.1363 9.04617 84.561
0.277758 23.7824 28.8544 220.511
0.299312 5.30022 7.84444 77.4173
0.449335 8.09216 11.6663 100.795
0.445129 8.33169 13.6228 122.635
0.377639 5.64325 8.75605 82.7576
0.442851 6.90084 10.2475 92.5068
0.796386 24.18 33.742 228.153
0.49456 7.97974 11.7516 100.625
0.311809 3.76067 6.70824 69.6579
0.453707 7.32007 10.8496 97.2368
0.208929 3.14438 5.65545 62.4399
0.339756 4.96013 7.90614 77.1057
0.318632 13.8403 17.0765 139.632
0.215117 3.56973 6.15247 66.3314
0.232087 5.39025 7.9442 79.0189
0.111752 2.1224 4.67694 55.3958
0.150474 3.72255 6.23013 67.1906
0.152769 3.2906 5.84793 64.2949
0.432721 8.17837 11.7029 101.377
0.354761 23.5053 32.346 261.544
0.498917 25.2866 30.6907 236.033
0.342243 10.2024 14.0245 124.738
0.29631 3.56885 6.62104 69.3459
0.271399 5.48333 8.77999 87.1185
0.607116 23.4764 27.6402 192.958
0.359607 4.44389 7.53535 74.825
0.311221 7.01283 10.3407 93.8179
0.154079 2.32635 4.87814 56.8318
0.48091 51.515 58.5369 383.183
0.800223 45.6618 62.9182 391.384
0.525839 10.8462 15.0177 121.038
0.44028 12.1018 15.8071 134.813
0.522882 216.965 241.31 1465.45
0.349943 5.07654 9.17149 89.5293
0.652453 14.3561 20.0967 149.359
0.160532 3.36764 5.85156 63.9298
0.58682 22.2459 25.8346 185.81
0.348529 8.07715 10.9856 98.1392
0.438306 7.52816 12.1626 110.42
0.67386 30.1939 34.2351 226.372
0.200811 4.0072 7.14057 74.7485
0.303144 9.58693 12.4422 109.419
0.15056 3.21604 5.69441 62.9986
0.15163 2.6734 5.19557 59.2651
0.319737 5.67077 8.53183 81.8426
0.410826 11.4502 14.455 119.82
0.363247 6.78611 10.1735 92.6087
0.331216 4.23978 7.33759 74.4114
0.338712 4.39334 7.31804 73.4
0.374413 9.33093 12.2304 107.653
0.29843 19.5574 26.7759 216.031
0.395378 14.9305 18.4394 145.661
0.24313 3.85381 7.12322 74.5867
0.376991 5.75643 8.67713 82.0242
0.418102 8.22606 11.7903 106.547
0.531813 8.54508 12.6706 106.252
0.284099 4.4054 7.59707 77.6953
0.43685 14.4388 18.9606 149.023
0.257945 6.67594 9.27641 88.0998
0.328987 5.13772 8.00233 79.208
0.247709 5.05257 7.67604 76.2853
0.515474 18.5505 21.685 161.54
0.68531 25.0453 30.104 214.335
0.472461 38.3144 43.0241 292.402
0.363726 10.6186 13.5522 114.767
0.243371 4.12538 6.8583 70.6753
0.233636 3.21901 6.32729 68.1764
0.169376 2.54505 5.0964 58.3963
0.54428 13.0855 17.3445 136.647
0.539288 24.0853 29.282 225.911
0.665966 30.5083 34.9402 232.463
0.33346 4.69614 8.16355 81.3685
0.483683 13.6939 16.6103 130.755
0.337135 6.31951 9.11783 86.8544
0.385024 5.68784 9.25312 88.5319
0.244267 5.81903 8.41313 81.844
0.342642 9.52562 13.1424 111.811
0.744476 31.6427 37.5413 244.002
0.427058 15.8053 19.7191 160.804
0.293455 3.71223 6.68627 69.8894
0.621057 18.0327 25.3655 182.576
0.624725 24.4955 34.2403 238.45
0.286163 18.8676 23.5876 187.509
0.231276 4.14895 6.74628 70.1961
0.404421 7.23784 10.7674 95.703
0.575767 10.8572 15.0201 119.558
0.470347 12.0744 15.1962 124.832
0.395098 14.5161 17.7091 143.952
0.294483 6.85533 9.43711 88.8095
0.379336 12.6487 15.9868 129.71
0.23066 4.93849 7.53048 75.6619
0.374236 13.5712 17.8357 142.676
0.446988 8.69947 12.2378 105.03
0.570676 41.7763 46.0048 301.126
0.325626 5.07404 9.06782 89.3617
0.14581 2.11842 4.71895 55.6293
0.462531 8.52103 12.0007 105.382
0.48256 13.2321 16.4299 131.116
0.452515 10.9117 14.2553 117.78
0.565591 48.1472 52.7909 341.142
0.387921 38.1045 43.1894 297.321
0.516904 8.55627 13.0948 112.804
0.410146 12.0455 15.4767 131.035
0.376187 8.63932 13.3765 122.735
0.505283 12.0024 15.0971 121.19
0.407042 6.68648 10.0824 91.2046
0.307959 9.01828 11.8469 105.643
0.394506 7.89133 11.0379 97.6474
0.482944 37.1101 41.5553 284.752
0.311932 5.79943 8.49096 82.3639
0.507596 34.3916 39.9887 288.786
0.183239 2.80873 5.38208 60.6704
0.578464 22.1029 25.829 189.202
0.468118 17.6187 21.3826 168.503
0.425792 14.6544 21.0248 162.709
0.230901 3.70181 6.20621 66.392
0.190574 2.60946 5.19932 59.1485
0.527322 9.63778 13.4965 112.809
0.35621 6.172 9.43346 87.5033
0.489837 12.6338 15.9002 128.637
0.351391 5.76683 8.93889 86.401
0.235234 4.48228 6.98073 72.1631
0.322908 23.0881 27.9606 213.542
0.44189 8.69048 12.6228 107.41
0.194712 3.01507 5.58743 62.0385
0.32687 7.64794 10.6819 99.5235
0.197951 3.58578 6.20667 66.134
0.351026 4.26357 7.39894 74.0381
0.385475 4.90881 8.24258 80.0525
0.367158 14.7058 18.0508 146.646
0.363894 5.27051 8.29971 79.8237
0.5543 21.8537 25.0928 179.722
0.227561 10.0892 13.2529 117.15
0.793974 32.7529 41.5723 269.149
0.551782 13.652 17.6197 141.083
0.475784 7.50479 11.0938 97.1522
0.390134 5.24537 8.37038 79.9014
0.506163 10.5996 14.2411 116.703
0.519018 13.9159 17.2995 135.721
0.506596 11.7556 15.2559 123.15
0.415469 5.26345 8.69852 82.4162
0.318522 5.50252 8.55883 82.0015
0.139544 2.6688 5.1664 59.0709
0.531093 8.20181 12.5264 106.505
0.329902 5.46387 8.09498 78.8544
0.33918 69.5817 83.3163 577.564
0.225324 8.71578 11.7096 106.463
0.123867 2.61785 5.37816 60.9314
0.363059 5.88478 9.43144 90.7453
0.49688 12.0224 15.2236 122.076
0.346982 4.96311 7.74842 75.9585
0.334175 13.1914 20.7262 183.982
0.678944 19.9569 25.6728 189.326
0.496286 18.5736 22.5516 169.128
0.400899 6.56597 9.93188 90.2057
0.47201 6.53071 10.6305 95.7067
0.3976 5.69705 8.86125 84.1122
0.478199 10.7103 14.9055 121.753
0.508207 37.8961 55.3639 381.923
0.658334 13.494 19.2545 145.566
0.656897 17.1988 21.6672 156.635
0.54759 10.3883 14.8451 119.36
0.501026 8.02125 12.7759 111.589
0.362868 6.87805 10.2922 93.3447
0.60026 71.3417 77.1167 470.623
0.271769 4.87693 7.49279 75.5705
0.343684 8.48262 12.1741 106.006
0.250035 7.50626 10.7694 100.613
0.618814 12.5089 17.7876 136.067
0.387541 4.96415 8.10473 78.2617
0.431548 6.1889 9.55808 87.5258
0.135498 3.27696 5.76107 63.5219
0.51964 19.9724 23.6974 175.071
0.445603 6.06365 9.57841 87.8149
0.320697 5.46446 8.48676 81.3826
0.50779 8.92905 12.7625 107.689
0.34293 10.6579 13.6565 115.36
0.241881 3.26481 5.90668 64.0537
0.386285 15.8299 19.1845 152.872
0.207465 3.68116 6.15748 66.139
0.519861 20.6258 23.89 174.619
0.490074 21.2413 24.6389 181.35
0.344798 13.8649 18.3931 155.234
0.364624 8.15169 11.204 99.2779
0.165404 2.87554 5.40414 60.6619
0.343989 9.44952 13.0621 111.942
0.536819 9.45476 13.4895 113.053
0.370083 5.15492 8.95258 86.817
0.199665 3.42593 5.9558 64.644
0.524093 9.12328 13.1807 109.955
0.342864 4.87564 7.82565 77.0654
0.17498 2.70312 5.45341 61.479
0.225171 2.81686 5.51043 61.2539
0.417305 18.815 22.3322 171.373
0.248479 4.31763 6.91102 71.2554
0.374269 4.80917 8.06302 78.9457
0.533708 39.0613 43.488 290.062
0.499016 7.24369 11.2148 98.0709
0.622843 43.4785 51.8653 377.889
0.363264 7.28129 10.4932 94.9062
0.753255 28.3569 37.2864 246.65
0.404854 5.09443 8.6473 82.6103
0.344604 6.00982 8.81229 83.7198
0.642138 37.7432 41.8913 279.652
0.600328 16.3538 20.6667 158.744
0.109451 2.3972 4.92818 57.4008
0.382939 5.60054 8.70521 82.3113
0.470354 19.6396 23.2395 177.964
0.111666 2.00198 4.56796 54.4611
0.35856 4.78271 7.83984 77.2137
0.383269 4.85621 8.40175 81.5304
0.421643 5.58346 8.98494 84.3066
0.523439 8.13156 11.9929 101.778
0.271803 3.97978 6.54767 68.6092
0.256387 7.7376 10.4455 96.1193
0.275163 7.89468 10.7045 98.5519
0.378535 5.02362 8.023 77.7049
0.572479 11.3036 15.1551 119.88
0.505146 11.3456 16.341 130.83
0.408947 23.3631 27.7594 201.853
0.29874 4.06021 6.77212 69.7782
0.452924 104.504 117.098 748.091
0.414997 14.3274 20.2058 174.208
0.465009 9.08957 12.0776 103.142
0.535987 8.59259 12.7726 106.977
0.347467 5.84201 9.3746 90.7758
0.656575 16.0905 22.0928 161.066
0.344713 11.5135 14.8124 122.465
0.245134 5.44385 7.9758 79.1599
0.464945 8.58127 12.9573 115.298
0.324096 6.35087 9.06069 86.0554
0.203445 3.56597 6.13551 65.7168
0.43435 9.10815 12.0897 103.723
0.340613 5.01123 8.31395 82.307
0.523983 10.3768 14.4144 121.562
0.418379 11.6471 17.0779 150.834
0.489945 8.35094 11.9409 103.403
0.465243 7.24436 11.2077 100.685
0.314087 6.12917 9.61801 93.4548
0.268289 4.66625 7.28192 73.947
0.527623 12.6943 16.2463 131.859
0.516692 9.79248 13.6226 115.127
0.246721 4.17741 6.81069 70.2398
0.4647 9.89286 13.3364 111.633
0.331754 4.42421 7.33683 73.7409
0.558869 11.7572 16.761 131.329
0.373142 6.4457 9.34653 87.6499
0.312591 5.28639 8.28189 80.1162
0.317168 6.41864 9.72132 89.5364
0.248892 3.18275 5.85872 63.638
0.345182 7.49279 12.6918 119.432
0.537183 18.465 21.8351 163.377
0.437193 6.619 10.0459 90.7533
0.220862 2.84835 5.7218 63.2593
0.421751 5.74485 9.11692 85.4241
0.433698 5.67294 9.53077 88.7735
0.321748 14.0474 17.2387 138.843
0.323833 4.42411 7.48934 75.7135
0.517256 8.69009 12.7232 106.595
0.577801 11.512 15.9058 126.573
0.569155 9.606 14.1347 115.135
0.371831 10.2324 14.9727 123.477
0.40004 32.4403 37.138 263.986
0.499127 10.7216 14.1481 116.553
0.241873 3.69672 6.33686 67.1238
0.326771 6.07126 9.0695 85.4812
0.394165 9.2944 12.9606 110.982
0.321179 4.45812 7.63089 77.1111
0.599795 15.2947 20.1817 150.865
0.188089 2.70649 5.28912 59.7486
0.282926 4.942 7.78218 78.445
0.288089 8.97568 11.9814 107.975
0.374925 4.66229 7.98299 78.2981
0.387928 7.25655 10.1768 93.5902
0.284112 3.92881 6.61763 68.9753
0.476173 17.6535 21.0101 162.361
0.242666 5.27131 8.30149 83.1533
0.401364 7.73416 11.4132 100.321
0.178335 2.45923 5.12606 58.7582
0.371768 4.86502 7.96833 77.7275
0.215548 7.04037 9.77138 92.5418
0.432146 11.4779 14.4834 120.876
0.32108 5.54092 8.41647 80.9139
0.677455 17.4807 23.1468 168.515
0.199016 18.2997 23.0563 184.915
0.580635 11.3794 16.8829 137.593
0.362041 8.1249 11.7454 102.609
0.166384 2.79903 5.97559 65.8004
0.392316 5.4611 8.61696 81.969
0.250188 8.85039 11.7717 106.203
0.441201 7.48254 10.7448 95.5918
0.465617 6.54511 10.3748 93.8254
0.355788 7.09293 10.702 101.004
0.424476 9.76308 13.8384 115.661
0.281389 4.40526 7.07694 72.4978
0.42404 15.1139 18.3084 145.396
0.319567 31.5516 37.6527 277.825
0.432365 10.5767 13.3845 112.03
0.341015 12.9952 16.1333 132.231
0.446975 10.7946 14.5323 125.559
0.284509 5.80652 8.73437 82.9479
0.237784 3.64048 6.30283 66.8634
0.141872 2.62299 5.17189 59.1102
0.443636 12.1382 15.2119 125.419
0.256403 4.60747 7.22751 73.9914
0.379559 6.39879 9.12842 85.3377
0.570975 11.1885 15.5356 123.09
0.490848 61.7161 68.6249 445.242
0.245093 3.52987 6.22017 66.7377
0.222695 4.17315 6.73668 70.1886
0.305683 7.94374 10.716 96.864
0.627447 17.7227 21.9928 162.97
0.148968 2.5048 5.0175 57.9677
0.229978 4.81446 7.3642 74.406
0.292932 5.53155 8.19987 80.6827
0.502705 13.0068 17.9726 141.675
0.39169 8.0312 10.9186 97.7648
0.325072 12.839 21.487 191.965
0.254561 15.0917 18.6737 151.645
0.26421 5.13731 9.72155 96.1411
0.666211 35.6025 42.7643 280.858
0.494866 10.916 14.337 116.419
0.513499 10.0365 14.3646 117.144
0.279959 4.29601 6.9765 71.8677
0.661757 18.1644 25.8264 196.078
0.260883 8.11396 10.8576 99.1247
0.354014 60.7994 69.3982 469.652
0.296651 4.76685 7.44137 74.6483
0.406995 10.0238 13.2182 115.996
0.379726 10.2741 13.1805 113.175
0.37595 5.02738 8.02124 77.9365
0.386316 5.18686 8.3429 80.3744
0.452451 8.74965 11.9034 102.48
0.589194 11.5666 16.4261 128.238
0.248751 4.20858 6.88149 70.9301
0.405243 8.23233 11.4531 103.367
0.323546 7.4581 11.0249 98.2019
0.731186 124.518 131.106 752.005
0.726055 43.9397 48.4623 306.149
0.223126 5.01307 7.54956 75.9515
0.510937 13.7139 16.9072 132.608
0.452011 22.836 26.901 196.59
0.356915 5.05957 8.05425 78.1454
0.503787 36.3057 41.0071 281.449
0.560073 62.3188 69.396 443.839
0.424475 26.2508 35.5887 292.325
0.253383 3.39051 6.12366 65.8683
0.549496 34.3702 38.9712 271.464
0.716848 21.9682 28.2606 202.511
0.531423 11.3218 14.6539 117.967
0.274896 4.01427 6.71582 69.7089
0.680409 27.2877 32.014 219.64
0.530548 18.5816 22.5815 166.363
0.553594 17.7308 21.1841 159.108
0.427809 6.44952 9.52135 87.0376
0.530899 21.7174 25.1211 181.728
0.27242 11.1345 14.2479 122.912
0.621327 12.9306 19.7788 156.213
0.635913 28.8677 32.7107 221.752
0.359206 29.0792 33.6232 242.138
0.273468 4.2412 7.01664 71.6682
0.362284 7.84969 10.9099 97.2246
0.48765 6.84397 10.7776 95.4479
0.239203 4.63645 7.29038 73.8917
0.535233 12.8545 17.6377 137.456
0.344646 5.07555 8.04473 78.3494
0.415994 18.1823 22.1681 168.982
0.375106 9.30212 12.9256 110.266
0.620414 17.5851 21.7484 158.274
0.306291 7.60856 10.3271 94.3739
0.403899 6.07019 9.16992 85.1591
0.48852 50.8189 56.411 368.596
0.279412 3.70091 6.62734 69.6534
0.672279 47.0711 52.8189 356.385
0.191221 13.5772 17.5884 147.493
0.501178 16.899 20.7603 156.559
0.228698 3.14758 6.32692 68.2573
0.292768 10.4462 13.3647 116.299
0.51634 20.1145 26.4398 193.175
0.350543 162.761 185.527 1201.71
0.415777 12.5301 15.6742 127.386
0.289749 5.78961 8.32144 81.1848
0.393899 6.15555 9.40259 86.7068
0.462365 7.61883 11.0462 97.9343
0.575315 10.4298 14.902 120.545
0.232984 14.0442 17.9224 149.175
0.453525 7.67494 11.0423 98.0349
0.80104 56.6383 63.6615 398.89
0.519885 21.0122 24.5896 184.23
0.470456 23.1172 29.6404 238.653
0.538139 34.5455 38.7543 261.53
0.424483 6.53442 9.61142 87.7936
0.252757 7.78842 10.518 97.2799
0.278794 10.413 13.3252 115.152
0.376321 7.68166 11.2927 99.4579
0.750254 34.1999 43.2758 282.728
0.26534 4.51886 7.84063 80.1179
0.308174 4.98147 7.87847 78.8859
0.585157 12.1702 17.2994 134.544
0.669786 19.3459 28.6009 216.161
0.451488 10.6122 14.0432 116.344
0.474803 41.613 46.6837 316.431
0.257947 9.09843 12.0299 107.335
0.698104 14.6349 21.2141 156.312
0.162569 4.22726 6.7239 70.7041
0.420391 10.9603 14.0788 120.016
0.17373 2.37415 5.06379 58.2966
0.153075 2.88757 5.40643 60.7067
0.206134 4.23837 6.79157 71.1969
0.221451 2.80982 5.46986 60.9987
0.306969 13.597 17.3612 145.005
0.402341 6.31624 9.40886 87.485
0.370085 7.88088 10.7144 97.2756
0.312898 3.90514 6.76865 69.7696
0.322867 12.4033 15.5643 127.852
0.421925 135.686 153.784 991.616
0.27623 4.39695 7.63827 78.2435
0.355864 4.79058 7.79114 76.5857
0.671776 13.4284 19.9649 151.05
0.598051 14.2564 19.7173 149.781
0.275686 3.65871 6.40872 67.7619
0.409051 8.85599 13.0379 111.203
0.369509 6.06346 9.65842 92.3832
0.698849 15.5145 22.1459 161.354
0.206771 9.12274 12.1882 109.76
0.330541 10.186 13.5167 114.25
0.325197 5.47844 9.13074 89.7139
0.336647 7.69158 10.9754 102
0.323557 6.53069 9.85139 90.4188
0.524732 17.6908 21.0824 157.594
0.388005 7.65011 11.1578 98.6849
0.413376 7.87517 11.1541 98.0407
0.262154 6.83824 10.7783 102.949
0.366824 8.8363 11.6889 103.941
0.315765 5.24313 8.23059 79.7956
0.499458 7.7531 11.7156 102.318
0.383942 11.7993 17.016 137.7
0.546593 10.5013 15.5565 130.131
0.683596 51.0868 55.2899 342.385
0.349147 7.05313 10.2086 92.4803
0.482037 8.36305 13.6916 120.553
0.561877 36.2186 41.128 276.196
0.391967 6.26759 9.40425 88.6317
0.258982 6.47807 9.17751 86.983
0.303473 4.91152 7.63364 75.7924
0.384738 14.5854 18.3228 145.504
0.117779 1.81839 4.49275 53.9923
0.554942 9.73944 14.1191 117.322
0.161225 2.57124 5.10036 58.4127
0.576129 22.8181 26.393 192.144
0.241054 4.56781 7.23328 73.3534
0.320882 6.21355 9.50258 88.0353
0.37658 6.06074 9.04975 84.4244
0.639765 17.6284 23.4028 168.998
0.553356 18.219 21.7653 165.707
0.635635 29.026 33.0836 229.594
0.531943 11.3194 14.6835 117.967
0.212888 5.22319 7.82999 78.9068
0.497756 10.3241 13.7961 114.286
0.477842 6.57663 10.54 94.3604
0.298236 4.98504 8.92815 88.8437
0.379883 7.10417 9.8191 90.0347
0.227374 4.00729 6.49522 68.4585
0.403858 5.16334 8.42209 80.344
0.33277 4.23653 7.10183 72.0321
0.296278 6.10357 9.10293 85.5886
0.460506 6.77465 10.3347 92.6879
0.166281 2.30408 4.95089 57.3802
0.436721 17.4095 20.8184 162.702
0.439222 8.46153 11.7983 104.684
0.450319 26.7825 31.0707 221.05
0.340786 6.79865 9.99553 91.4783
0.480371 10.0826 13.3647 113.593
0.323907 4.62299 8.13958 81.7067
0.354928 8.91052 12.1812 105.608
0.250637 4.32748 6.82528 70.8178
0.301864 4.2545 6.93367 70.9533
0.519617 9.3108 13.2814 112.285
0.247153 3.94953 6.65947 69.3949
0.668127 31.6959 36.4762 252.715
0.427901 8.82312 11.6207 100.814
0.297689 5.55019 8.63035 82.4808
0.12338 2.9787 5.46261 61.3742
0.674082 29.6956 34.0849 231.598
0.278943 6.54754 9.49748 91.0738
0.40577 5.57258 8.82268 83.2238
0.247245 3.85537 6.51008 68.2243
0.60213 9.90738 14.9704 119.965
0.484981 9.80776 13.5104 112.351
0.332886 9.66205 12.7018 109.818
0.173234 3.69307 6.17774 66.6091
0.266487 4.51904 7.17124 72.9409
0.370394 22.5711 26.5557 199.365
0.188986 3.93259 6.44887 68.2408
0.382052 5.38191 8.49189 80.9396
0.253877 3.17394 6.25801 67.2949
0.234842 33.7524 41.2955 308.634
0.50276 7.31244 11.3006 98.4214
0.290954 4.00993 6.72058 69.3558
0.294481 3.92517 6.6374 68.9311
0.300197 3.89411 7.28432 75.0003
0.396877 8.5452 11.7271 105.858
0.270439 5.93872 8.53592 82.8321
0.676739 18.3196 25.5873 182.593
0.589872 10.9867 15.3481 121.129
0.674703 15.4835 21.7515 159.872
0.287759 5.12029 8.00392 78.2882
0.341951 7.10275 10.1974 92.6247
0.429212 8.70238 12.7693 108.889
0.239274 4.65895 7.34578 73.9883
0.45574 16.8984 20.8026 166.058
0.168653 2.77655 5.51827 61.9452
0.236636 3.41437 6.86299 72.8028
0.309631 4.55564 7.23845 72.8042
0.36583 4.87074 7.86532 76.747
0.646944 25.67 29.6768 207.849
0.504235 7.03046 11.0827 96.7792
0.206876 3.78451 6.66642 70.8981
0.339482 12.2021 17.4801 153.877
0.504548 25.0895 28.9059 210.98
0.329613 4.38096 7.43652 75.1246
0.419031 16.1957 21.4912 165.473
0.207864 3.0398 5.61528 61.9382
0.533446 16.1216 20.9201 168.943
0.201185 3.66147 6.28369 66.6869
0.713935 60.2793 64.6362 384.54
0.396653 5.87242 9.07034 84.6284
0.39689 10.1947 13.079 111.036
0.326212 4.57732 7.45005 74.3564
0.394054 10.991 13.7501 115.648
0.288619 3.65143 6.92977 72.3632
0.661508 20.3854 25.3892 179.406
0.311352 6.11572 8.80379 83.9667
0.542687 13.7706 18.0985 139.712
0.559501 38.301 42.3407 279.052
0.297024 4.51185 8.10964 82.0982
0.506879 9.17239 12.8474 108.721
0.232277 4.64867 7.19442 73.416
0.608298 11.7544 16.6732 129.333
0.369367 5.96263 9.0464 84.7707
0.456686 16.5598 20.5274 156.739
0.392127 9.54563 12.7722 112.645
0.447966 7.85759 11.2176 97.6824
0.223081 15.508 19.5894 160.461
0.292145 4.52692 7.30088 73.6924
0.269003 4.67413 7.26692 73.7074
0.1084 2.52264 5.02167 58.1031
0.494635 34.1635 38.7168 267.009
0.480734 84.3406 93.4351 585.72
0.791962 79.2942 84.3776 491.218
0.164998 2.53188 5.13464 58.8161
0.257413 4.32149 6.95137 71.4484
0.585565 15.1924 20.5862 154.719
0.311119 4.56339 7.2757 73.2603
0.496206 6.83971 10.9475 96.7543
0.234291 17.6992 22.388 180.073
0.403375 29.7058 34.1583 246.268
0.603484 60.7526 67.3624 442.781
0.386336 5.12529 8.78731 84.8264
0.210459 6.09803 8.99252 87.7823
0.308535 7.43723 10.1956 94.4509
0.390628 10.0197 13.324 117.152
0.460615 8.86749 12.1008 104.729
0.464768 11.2152 15.3218 124.227
0.293707 4.6481 7.27845 73.4734
0.282475 4.93326 7.5997 75.7606
0.504294 15.3227 19.5596 149.837
0.787122 53.4357 58.5203 349.577
0.581121 21.0897 28.2759 223.216
0.28796 5.04349 7.57429 75.716
0.349211 9.37358 12.2459 107.663
0.488112 8.36868 12.2598 103.864
0.42706 11.0775 14.1474 117.69
0.571134 16.0088 19.8124 148.881
0.496489 7.22111 11.1695 97.9484
0.499746 9.50179 13.5516 112.305
0.39678 5.25074 9.00388 86.1656
0.161895 2.84416 5.40495 60.6471
0.596837 21.6114 25.3586 183.068
0.310059 29.7819 35.3124 259.386
0.539576 38.9681 43.6441 291.837
0.334761 5.67881 8.41272 80.9319
0.502343 18.2243 25.4647 189.626
0.402923 17.8585 21.9457 167.494
0.275772 4.33136 6.98487 71.489
0.344801 13.6303 16.7821 137.542
0.500474 8.27062 12.0672 104.315
0.405702 5.88131 9.33193 88.0942
0.319435 5.54026 8.49565 81.5156
0.321101 7.023 10.4801 94.7893
0.214183 3.30347 5.91551 64.1685
0.396492 24.4702 34.0486 282.779
0.398455 11.8441 14.9369 122.555
0.466724 13.5831 18.7663 147.3
0.404756 5.1007 8.5287 81.5788
0.329279 5.87114 9.82598 95.3098
0.338871 4.96748 7.94732 78.8368
0.25457 9.64234 12.8033 113.804
0.533076 15.7067 19.7044 157.029
0.328352 5.00226 7.65769 75.7532
0.575504 10.0991 14.7113 117.918
0.320104 4.40366 7.55345 76.4564
0.559881 16.1611 19.8301 149.916
0.465528 6.92439 11.0187 99.4018
0.330277 6.14461 9.26687 86.7408
0.317855 3.99213 6.83488 70.0274
0.355588 9.94807 17.8875 162.664
0.376321 6.74654 10.1771 92.204
0.439778 10.0182 16.2148 144.099
0.38627 7.50959 11.0724 97.9964
0.336748 16.4189 20.1584 161.414
0.479559 19.1613 23.1176 171.924
0.361553 11.6643 15.1151 125.403
0.514294 10.2125 13.5032 111.144
0.467091 8.22819 11.8426 104.539
0.400592 6.32437 9.38928 86.7631
0.427603 8.62089 11.5279 100.389
0.384071 5.2972 9.10899 87.5546
0.4372 20.3667 24.6641 184.256
0.306365 4.47997 7.3187 73.5561
0.326738 4.17813 7.6285 77.1528
0.100296 2.10316 4.64776 55.12
0.59091 51.8033 56.4416 358.782
0.312083 4.0619 6.82486 70.2121
0.214603 3.55212 6.11763 65.7191
0.431754 21.4079 25.0648 188.077
0.33516 9.34509 13.5253 123.068
0.295457 5.53982 8.44253 81.2928
0.833048 578.347 590.14 2863.65
0.481187 19.4977 23.8976 176.453
0.256792 3.14694 5.9875 64.8097
0.29096 14.6355 18.113 147.8
0.278832 4.00002 7.14517 74.2052
0.274383 4.1594 8.12722 82.6987
0.406787 5.96825 9.21486 85.5626
0.394677 7.10466 10.0958 91.9617
0.518453 7.42053 11.6846 101.114
0.602032 14.4205 18.9888 142.98
0.632198 14.7016 20.3322 152.44
0.318123 8.91291 11.7171 104.6
0.466772 8.20499 12.2021 108.43
0.601796 32.6048 36.3997 246.714
0.217629 16.0554 20.3982 167.111
0.635176 48.8589 53.1363 333.323
0.404491 6.68214 9.59156 87.8067
0.244036 4.03777 7.40374 77.0714
0.357732 16.7667 21.1759 171.512
0.641415 14.5096 19.8986 153.076
0.31848 6.26345 9.29253 86.7809
0.375793 4.66378 7.94213 77.6461
0.591235 11.6377 16.1748 127.443
0.245459 6.1768 8.7847 84.1325
0.540506 13.0527 17.024 138.237
0.118433 2.01245 4.5821 54.5949
0.522249 9.89387 13.3187 109.679
0.196258 2.93844 5.46325 61.0745
0.401947 7.14559 10.6877 95.4014
0.715968 25.4372 33.1304 237.531
0.474029 19.1321 22.2224 166.726
0.322846 27.6175 34.7351 261.231
0.661218 19.3011 23.8544 169.764
0.599494 11.0531 15.9395 124.851
0.483625 7.77901 11.5255 99.4761
0.295554 6.36309 8.90692 84.9596
0.310403 5.05471 7.78084 77.2066
0.221676 20.424 25.7344 202.362
0.67319 14.6628 21.9891 166.98
0.633601 12.5369 17.9309 136.664
0.342943 5.35122 8.2478 79.5785
0.415655 7.42353 10.9922 97.3243
0.861211 47.6794 64.6088 399.573
0.328954 16.4855 20.5985 165.491
0.237665 3.0833 5.76137 63.0763
0.564392 9.08576 13.4733 110.751
0.314151 21.8034 26.2859 202.5
0.242255 6.25022 8.8625 84.9532
0.421859 10.764 13.7794 117.051
0.434046 7.14158 10.3659 93.7371
0.494182 11.0896 15.8301 135.512
0.201023 4.30122 6.84448 71.4987
0.411875 9.71502 12.474 107.217
0.342033 31.702 39.8692 295.689
0.442303 6.78679 10.5718 96.4824
0.587195 35.4525 39.3211 261.556
0.496995 7.30894 11.1482 96.9152
0.222258 4.87019 7.4248 75.3493
0.381144 8.45284 11.3655 101.656
0.448275 9.37023 15.6238 138.756
0.548784 17.1676 20.8457 155.901
0.6206 42.1072 47.2288 321.646
0.440016 15.1278 19.973 167.677
0.515545 7.7704 11.7591 100.752
0.201662 2.56092 5.30613 60.0015
0.381702 8.24774 11.4447 100.674
0.395908 25.4015 31.2639 238.894
0.566956 18.5139 21.7216 158.799
0.475975 10.9518 14.9387 128.661
0.581462 17.4982 23.1012 170.316
0.583897 14.2656 18.2246 140.81
0.267634 4.7575 7.61714 75.9069
0.349784 11.6677 15.0939 129.62
0.599509 12.9297 17.6731 135.665
0.341025 6.09115 9.2833 86.7135
0.217774 31.0356 38.4314 289.224
0.485733 18.2769 21.6914 163.921
0.350816 7.69738 11.4732 101.259
0.22071 3.13713 5.78578 63.5134
0.311941 4.34534 7.25528 73.9473
0.414833 8.97981 12.2026 105.272
0.256857 5.50658 8.22161 80.0528
0.354572 4.43753 7.57424 75.4526
0.341819 11.7084 15.1415 129.311
0.457491 8.50736 12.3085 109.469
0.401957 12.8517 18.4435 161.675
0.176271 3.24197 5.76551 63.3286
0.380644 11.9103 16.6879 135.368
0.329511 5.57856 10.3343 100.029
0.61944 16.4948 23.3069 170.965
0.390548 7.70841 10.4301 93.6931
0.412032 7.03625 10.1438 91.2693
0.189374 3.54987 6.07555 65.4497
0.256767 5.30791 7.81468 78.0626
0.291181 4.03296 6.76173 69.8306
0.264952 66.4282 79.4985 561.462
0.426466 5.43048 8.98566 84.3011
0.227348 7.56075 10.2593 94.8761
0.352372 7.11299 9.73137 90.0381
0.28914 6.03933 8.89919 84.5746
0.293492 6.33449 8.89658 84.855
0.313243 6.28064 9.38616 87.515
0.415964 6.34873 9.61849 88.1499
0.281032 3.92405 6.54304 68.4821
0.589739 10.2275 15.118 122.057
0.327008 4.72858 7.62699 75.5654
0.356822 5.80272 8.87275 84.0679
0.246755 6.32869 9.00938 87.0751
0.461348 23.878 27.395 198.204
0.594341 15.633 20.5296 153.239
0.77728 47.0922 53.0364 339.794
0.473318 10.1536 13.9712 115.515
0.532642 17.2291 20.3686 152.536
0.180619 3.2236 5.73322 63.1431
0.555599 208.726 223.638 1301.46
0.325736 6.97206 10.0781 95.4491
0.193904 3.81916 6.37024 67.3959
0.341557 6.18108 8.79332 83.6177
0.394875 27.0279 31.267 228.447
0.705697 15.3551 22.9534 169.427
0.437072 17.173 22.3525 171.311
0.60039 10.0396 14.9622 119.63
0.425524 8.11269 10.9623 96.8566
0.492881 8.79994 12.8151 107.791
0.262269 3.78958 6.81246 71.5884
0.332852 4.06929 7.33775 74.4954
0.414304 15.1168 19.6129 151.882
0.393638 5.79896 9.47053 90.2432
0.452438 8.5022 12.0133 103.622
0.371328 7.5626 10.8524 96.7748
0.481389 7.35933 11.0712 96.8631
0.302248 41.5421 48.6993 348.231
0.328108 4.7795 7.6376 75.698
0.35518 10.5499 13.5744 117.221
0.468229 10.7768 14.0099 118.375
0.323761 6.74674 10.1256 92.4807
0.555998 15.2291 18.4764 140.467
0.583146 28.2 32.249 219.989
0.584941 10.4405 16.2738 132.987
0.202824 2.84184 5.40501 60.5169
0.277553 5.59621 8.4016 81.1386
0.60312 26.7318 30.0928 204.83
0.387293 7.21436 10.6969 95.8954
0.182235 3.32009 5.82517 63.8351
0.43803 8.55546 11.9396 106.282
0.473883 10.9665 14.2751 119.859
0.496022 9.03994 12.4109 104.754
0.396076 11.6933 14.7525 124.578
0.40391 13.3924 16.4861 134.669
0.268342 3.75533 6.34844 67.0914
0.401613 5.80127 8.86428 83.1694
0.389251 40.6307 46.0922 316.609
0.242222 3.44376 6.02003 64.9173
0.557006 8.83313 13.8307 115.657
0.422656 8.09795 11.3163 99.5318
0.339686 7.30911 10.6255 95.3435
0.478385 17.9013 21.2392 163.6
0.229819 5.77389 8.33114 81.7199
0.649765 27.4922 31.2059 210.129
0.63995 18.1379 24.701 189.092
0.501745 32.4818 41.6146 290.164
0.388739 35.0648 40.144 281.396
0.335177 5.02476 7.94377 77.5236
0.484536 17.2337 20.7475 157.795
0.3158 3.82757 6.97494 71.9265
0.508768 13.8269 17.3846 135.839
0.323117 22.7573 30.4654 240.777
0.398742 21.8653 25.6033 191.239
0.56194 17.6958 21.2606 157.856
0.312507 9.51476 12.3343 108.16
0.327733 5.45915 8.0771 78.7827
0.376947 5.77658 8.61465 81.6935
0.471389 11.5555 15.9897 129.277
0.475841 12.3623 15.469 124.673
0.352375 4.74363 7.59571 75.183
0.44654 14.1644 17.475 142.948
0.549022 12.8901 18.1113 141.02
0.392129 5.77644 8.87716 83.8739
0.768083 23.8966 32.1873 217.877
0.653455 16.3908 24.4986 188.74
0.546631 14.7608 20.1463 164.872
0.594829 12.9832 17.3129 135.787
0.398964 5.46313 9.24591 88.2153
0.743077 54.1697 58.9432 352.291
0.495231 8.69342 12.5103 106.105
0.427823 10.2059 13.821 115.245
0.257323 3.59161 6.51517 69.2151
0.268517 4.40398 7.02567 71.7524
0.508657 15.4279 19.2962 148.023
0.33147 6.29998 9.43561 87.7183
0.477799 31.5479 36.4492 260.957
0.284192 9.99173 15.6302 141.755
0.292345 3.63069 6.82812 71.3775
0.151646 4.59716 7.22471 74.753
0.454193 7.74606 11.2691 100.851
0.289289 4.63466 7.64247 77.7321
0.263686 3.58143 6.35389 67.5744
0.364868 25.4323 30.1305 224.66
0.197648 2.78988 5.53202 61.9132
0.4657 8.21152 11.6007 100.852
0.620475 15.9119 20.3637 152.013
0.148819 2.35864 5.28056 60.2454
0.29461 7.44308 10.2075 93.2816
0.378115 5.75072 9.99764 95.5991
0.371379 58.3938 67.0266 459.446
0.240152 3.10492 5.7863 63.148
0.396114 13.8392 16.923 135.678
0.387326 7.03114 10.2511 95.3446
0.239395 4.2629 6.85166 70.9757
0.280783 4.04507 7.11957 73.9513
0.386994 11.545 14.6936 121.636
0.479536 6.90548 10.5178 92.9625
0.344089 31.8926 37.1683 268.454
0.401581 7.18274 10.667 95.0612
0.683999 38.7488 43.4898 277.032
0.380183 13.1308 16.406 136.345
0.465706 18.3038 21.7279 166.994
0.366707 4.86609 8.28963 81.1184
0.477512 7.0477 10.798 96.0055
0.153216 3.85592 6.43391 68.667
0.36081 76.3696 86.0755 566.096
0.518488 11.7398 16.0568 127.421
0.303879 9.06477 11.8551 105.289
0.354008 7.15037 10.5307 98.8431
0.439748 6.06888 9.55397 87.7099
0.416596 7.11087 10.6364 94.9193
0.331983 7.39096 10.4142 94.0297
0.426508 5.85975 9.1275 84.4563
0.174369 6.12625 8.85022 86.5062
0.689725 55.9194 60.214 369.969
0.466466 8.46746 13.3011 117.999
0.194266 2.75606 5.72155 63.5726
0.635854 25.9875 30.2637 207.885
0.403022 29.753 34.3493 247.614
0.281291 3.6821 6.45342 67.8677
0.335884 4.45947 7.38108 73.8556
0.596439 16.2912 20.3047 154.454
0.482028 11.8187 15.0006 122.977
0.651979 12.7656 18.8218 144.59
0.319016 4.62079 7.44015 74.2365
0.292545 6.50489 9.1913 86.4357
0.557047 11.9702 15.9905 126.091
0.390002 6.65109 9.87216 90.0486
0.455909 9.59919 14.0312 124.032
0.2781 9.63794 12.6269 111.784
0.605312 12.6922 18.9656 151.484
0.216003 6.89756 9.54675 90.3485
0.517562 13.5836 16.6304 130.235
0.304523 14.2713 17.6211 143.684
0.331836 5.27038 8.27796 79.9663
0.527253 10.0671 14.2324 116.684
0.225782 5.80615 8.36855 82.1195
0.349273 9.31135 12.3024 107.347
0.263684 5.06966 7.94575 78.031
0.379759 7.84678 11.1538 99.1203
0.193466 2.50348 5.24362 59.6929
0.254002 3.40338 6.73551 71.436
0.413483 6.67069 9.93044 90.0763
0.438678 22.7293 29.4023 237.113
0.186384 4.03803 6.53644 68.8768
0.189578 4.62623 7.13582 73.4637
0.446144 9.39665 13.9978 124.325
0.331274 5.70166 8.76616 83.1565
0.311387 7.64368 11.7712 110.594
0.293688 7.03087 10.2294 96.9458
0.203895 6.91128 10.2187 97.4063
0.381856 6.45276 9.77611 89.4695
0.2971 3.71853 6.85762 71.3352
0.260327 4.4054 8.14875 82.9334
0.174051 3.92601 6.4126 68.0304
0.422146 11.9286 17.1228 137.543
0.0984657 2.03459 4.5875 54.7613
0.361826 6.2414 8.96523 84.121
0.369674 12.8602 16.2431 135.883
0.488861 78.6966 90.0038 591.981
0.445748 9.67873 14.0206 124.55
0.358965 4.48601 7.52471 74.5486
0.197981 2.61327 5.50223 61.7205
0.431228 8.56925 12.2796 105.5
0.239982 4.23856 6.75332 70.2778
0.614575 19.045 22.8431 163.656
0.0991657 2.10133 4.64406 55.1876
0.36021 10.0404 15.042 136.074
0.461041 15.2575 18.4486 147.334
0.369613 16.6648 20.3779 157.341
0.438356 12.6102 15.6364 127.396
0.699696 18.5151 25.5735 180.265
0.362313 4.96643 8.0738 79.1814
0.3296 9.46607 12.1833 107.388
0.232177 5.21356 7.79434 77.3498
0.356971 32.0214 37.3722 270.234
0.188726 3.52349 6.01994 65.3172
0.292439 4.18445 6.81238 70.0911
0.183746 4.4944 7.02251 72.8566
0.499606 7.4558 11.3385 98.8575
0.114987 2.33261 4.85319 56.7605
0.34264 8.00017 11.8748 103.96
0.706004 17.4867 24.4498 174.007
0.389882 13.8901 16.8362 135.947
0.374558 8.84688 12.5066 107.341
0.441636 24.3946 29.2065 221.316
0.485217 51.7585 69.0711 548.921
0.560913 36.7496 40.7614 271.328
0.692427 24.7047 30.4166 210.803
0.618109 12.2996 17.4105 134.063
0.0805506 1.94573 4.5233 54.2998
0.230385 11.4408 14.8325 127.788
0.259606 7.36808 10.3699 97.2824
0.461263 6.4913 10.7994 97.8372
0.419372 15.4388 18.5996 147.016
0.138212 5.998 8.73696 85.5902
0.494294 8.88337 12.6386 106.554
0.48897 7.79124 11.4956 100.616
0.383906 10.2138 13.4778 113.431
0.279621 5.08269 7.71702 76.7813
0.437287 14.089 17.165 137.136
0.199447 12.6065 16.2584 138.221
0.384883 6.70088 9.88734 92.7262
0.601448 10.248 15.1992 121.188
0.512435 11.3548 14.4859 117.297
0.649995 15.125 20.4729 152.005
0.340371 5.46214 8.18649 79.073
0.333873 15.3824 18.6709 147.136
0.183947 2.84273 5.40532 60.7231
0.213564 3.73453 6.23515 66.8011
