4.38488 42.3857
2.45568 27.857
2.57373 28.7117
2.51193 28.3722
3.45359 35.2967
14.7574 124.495
2.11444 25.5486
7.23816 64.6744
2.19281 26.0866
2.17873 25.9489
2.23569 26.3221
24.5057 202.931
8.03735 71.0129
3.66735 36.918
3.93844 39.273
3.05966 32.338
2.24949 26.4834
15.7077 132.948
3.61049 36.4867
3.46556 35.5945
2.02204 25.0322
11.1773 95.9468
2.88201 31.008
6.03738 55.2011
7.31937 65.3182
2.20704 26.1856
2.02452 25.0476
9.98241 87.4087
6.88993 62.7618
9.88914 86.6664
2.36329 27.2934
2.48257 28.0494
2.97588 31.8255
3.04303 32.3375
2.15423 25.8218
2.9776 31.7243
2.00348 24.9801
5.12829 48.1166
2.68946 29.679
8.69093 76.1951
2.11705 25.5781
2.9097 31.3244
2.08902 25.4001
2.03922 25.1141
2.37233 27.3587
10.3476 90.3162
4.93731 47.1927
2.12788 25.6298
2.00006 24.9938
2.60418 29.0465
2.72528 29.9458
3.18701 33.4415
8.19732 72.2822
3.02171 32.1745
13.3477 114.188
2.02828 25.0659
32.6368 267.098
2.39147 27.4972
3.45134 35.2795
6.73126 60.665
3.01123 32.0945
4.65845 44.9718
2.93518 31.5168
2.20087 26.1427
2.67439 29.4561
38.7851 316.11
2.81035 30.5797
2.05558 25.2115
2.11704 25.5641
3.00475 32.0449
2.39443 27.4223
8.51072 74.7669
6.40321 58.0766
5.25509 49.1005
2.26035 26.5599
5.07027 48.2532
6.73671 60.7078
2.56777 28.7799
68.8744 555.867
2.23678 26.3295
2.73076 29.9865
3.42412 35.0736
3.46012 35.346
2.1421 25.7411
2.13202 25.6751
5.80163 54.0891
2.01092 24.9911
2.03648 25.0998
4.93021 46.5848
3.3816 34.752
2.84289 30.7151
3.58408 36.2861
2.0024 24.9779
2.59657 28.8791
2.11405 25.5587
2.06886 25.2851
3.27659 33.9602
28.8458 236.875
2 24.9987
6.4283 59.0857
2.26456 26.5896
2.00321 24.98
3.74053 37.4726
2.2268 26.3244
3.42105 35.2501
4.3344 42.4027
6.39716 58.0284
7.64701 68.7909
3.28461 34.1944
4.90077 46.9016
2.12995 25.6616
2.58047 28.7611
2.07931 25.344
2.11241 25.5481
2.02938 25.0715
2.01413 25.0062
8.75937 76.7375
3.48888 35.5638
3.38229 34.7573
2.79395 30.4572
4.08091 40.0626
2.01131 24.9973
2.02746 25.0618
4.75032 45.1951
8.31247 74.0973
2.24772 26.471
3.6627 36.883
3.03868 32.1811
2.00874 24.9901
4.61532 44.154
2.95571 31.5604
2.09865 25.4599
2.28507 26.6581
2.31793 26.8847
13.4798 114.307
2.00624 24.9801
2.3103 26.8316
3.94946 39.3598
2.14748 25.7767
39.1091 319.289
2.0559 25.2048
3.10974 32.7121
2.65104 29.3941
4.11163 40.2972
3.03178 32.1294
10.6408 91.6753
5.91459 54.2406
2.0525 25.1945
3.83206 38.1673
2.09512 25.4377
2.02714 25.0601
2.21184 26.2193
3.07911 32.4834
2.04305 25.1345
2.32565 27.0227
9.02338 78.8291
2.0013 24.9808
2.07385 25.3077
9.89128 86.6829
2.29329 26.7145
3.40494 35.1255
7.77911 68.9645
2.42575 27.7448
2.03392 25.0865
2.46861 27.9493
2.00125 24.9823
2 24.9975
2.13247 25.6781
2.06306 25.2529
2.7374 29.9264
2.61919 29.0453
2.71625 29.8785
2.88385 31.1295
2.20614 26.1263
2.25836 26.5459
4.24665 41.7065
3.0141 32.1164
7.6266 67.755
3.33335 34.5718
2.21212 26.1654
2.34171 27.1375
2.00209 24.9785
2.09729 25.448
2.00448 24.9811
2.46725 28.0458
13.4756 114.275
2.08266 25.361
3.74785 37.5283
2.54362 28.4911
2.78133 30.3632
5.09127 47.8303
2.10226 25.4771
2.08857 25.3972
3.37472 34.7001
5.19326 49.2333
2.02193 25.0364
2.26496 26.5208
3.96306 39.4663
4.00975 39.5198
2.15939 25.8564
2.37771 27.3045
3.07272 32.5645
2.48546 28.1788
2.3224 26.9995
2.04124 25.1328
2.04466 25.1513
3.71898 37.3092
2.13347 25.6846
2.02458 25.0433
3.63186 36.8797
3.10124 32.7828
2.60441 29.0482
2.07425 25.3101
5.37893 50.0633
2.00736 24.9821
8.39288 73.8326
2.01787 25.0151
7.40611 66.0048
3.83889 38.2196
7.38781 66.7256
2.05302 25.1884
2.81074 30.4746
2.02677 25.0529
2.40425 27.4915
2.0489 25.1659
9.93654 86.073
3.75532 37.5849
2.09987 25.4631
2.26485 26.5916
2.27019 26.6294
2.0802 25.3459
2.43742 27.7271
3.11916 32.7824
8.49137 75.5239
3.04706 32.2438
2.09263 25.4209
2.71046 29.8355
3.58158 36.2667
2.08774 25.3923
2.21014 26.1524
2.52575 28.4729
5.83863 53.6467
2.00009 24.9925
2.15953 25.8573
6.7621 61.7435
2.27548 26.5925
2.06671 25.2666
2.03659 25.1004
2.00065 24.9845
2.83118 30.7351
4.38488 42.3857
5.14969 48.8863
8.9975 79.5601
2.20329 26.1595
4.39529 42.4653
2.00882 24.9852
2.4761 28.1105
2.65481 29.422
2.49799 28.2704
2.00684 24.9855
2.03643 25.1075
4.24634 41.3271
3.92725 38.892
3.40729 35.1438
2.00578 24.9793
9.45134 83.1789
4.0234 39.6238
2.01247 25.0008
20.007 166.371
2.5914 28.8412
2.01206 24.9946
2.02519 25.0459
2.8011 30.5106
2.04315 25.1432
2.06776 25.279
2.03944 25.1232
2.17858 25.9479
3.96667 39.4947
3.71464 37.5226
2.13648 25.6825
2.00557 24.979
19.2209 160.883
5.49886 50.996
2.5453 28.6159
2.13433 25.6902
3.77046 37.6998
7.08898 63.4929
2.70785 29.816
2.09635 25.4425
2.00049 24.9859
5.15462 48.3204
2.10437 25.4894
2.00818 24.9887
2.88254 31.1197
2.08099 25.3536
2.4088 27.5237
4.28184 41.5981
3.05335 32.2908
7.14597 63.9448
3.72242 37.3354
2.20714 26.1863
2.07137 25.2991
5.409 50.2966
4.59976 44.0337
2.65407 29.3042
23.6672 195.581
2.17406 25.9566
3.08633 32.6687
4.80457 45.6137
4.05803 39.888
2.03101 25.0725
4.47628 43.0845
9.90028 86.755
13.499 114.461
2.32626 27.0271
2.85637 30.9234
4.70293 44.8293
2.61369 29.1168
2.55068 28.6552
4.76161 45.282
5.63034 52.7216
3.4045 34.9253
15.3046 129.743
2.36321 27.2024
8.7857 76.9459
3.27518 33.9497
3.38145 34.751
2.01148 24.9928
5.1865 48.5676
3.13827 33.0662
5.85171 53.7489
3.87178 38.7504
2.13352 25.6643
2.13201 25.6751
13.1266 111.491
4.00186 39.7711
17.946 150.745
4.64746 44.8846
3.42228 35.2598
6.17608 56.289
2.33942 27.0351
5.21847 49.4345
4.86451 46.6125
2.37396 27.278
2.36581 27.3115
3.41578 35.2095
2.10531 25.5022
2.00312 24.9772
3.70567 37.4529
2.98475 31.8927
2.43894 27.8402
2.76415 30.1263
4.81214 46.1952
2.10354 25.4908
2.4436 27.8739
2.10551 25.5035
2.90936 31.213
2.00235 24.978
6.76321 60.9178
2.04972 25.1703
2.86641 30.8911
4.53016 43.4988
2.58867 28.9322
4.48552 43.1558
2.03612 25.1058
3.79982 38.1875
2.25837 26.4757
2.00822 24.9839
2.02626 25.0507
4.09469 40.5019
2.01958 25.022
2.33289 26.9895
3.0649 32.3772
2.76164 30.2165
2.07605 25.3206
3.41675 35.0178
10.073 88.1303
6.0092 55.7468
2.0613 25.2357
8.73896 76.5752
22.3039 184.705
3.00377 31.9201
2.06567 25.2674
7.15471 64.014
2.46575 27.9288
2.13174 25.6533
12.3381 105.199
2.50558 28.2144
3.21572 33.5038
2.1497 25.7915
2.00827 24.9889
2.37538 27.3807
3.35431 34.5464
6.41553 58.9843
2.68067 29.5031
2.05713 25.2201
2.59419 28.9727
3.49297 35.8065
2.86615 30.9967
2.79763 30.4848
2.43438 27.8071
3.60517 36.6734
7.02223 63.8143
2.39137 27.4964
2.01156 24.9981
7.58749 67.4444
2.01862 25.0227
2.34458 27.0713
3.35934 34.773
2.71828 29.8937
2.42809 27.7617
3.90044 38.9748
2.07202 25.3027
3.17752 33.3684
4.36527 42.236
3.45687 35.5274
2.92919 31.3617
2.81114 30.5855
2.6578 29.4442
2.00078 24.9845
2.09522 25.4382
2.22384 26.2428
2.63935 29.1942
2.0561 25.2059
3.19753 33.3672
2.62337 29.1886
12.5426 106.832
2.00125 24.9823
5.87973 54.7125
2.52934 28.4992
2.42274 27.7231
2.14605 25.7672
2.20891 26.1443
2.04864 25.1644
6.6073 60.5113
9.498 82.591
5.26055 49.7697
2.34818 27.1841
4.65778 44.4811
3.23875 33.676
3.03536 32.2788
5.51727 51.139
5.16895 49.0397
3.9045 39.0067
2.06537 25.2589
2.00084 24.9832
2.72855 29.9701
2.46235 28.0101
2.49072 28.2175
2.58493 28.7937
2.34668 27.1732
2.85864 30.9405
8.40325 74.8212
2.04052 25.121
2.77637 30.2175
2.12999 25.6619
2.11488 25.564
2.47662 28.1142
2.20272 26.1041
5.66642 52.3019
2.05303 25.1974
2.63192 29.2521
3.14528 32.9774
2.28058 26.7023
2.21957 26.2736
2.17625 25.9717
2.432 27.7899
2.53178 28.5171
2.26885 26.6199
2.62263 29.1831
2.03051 25.0772
2.56042 28.7262
2.02428 25.0419
2.00585 24.9835
2.07834 25.3384
2.09061 25.4091
2.02258 25.0392
2.07808 25.337
2.9459 31.5979
3.99606 39.4154
8.051 71.1211
2.88391 31.1299
3.14701 33.1334
5.28118 49.3027
2.65629 29.3208
2.19232 26.0833
3.26218 33.8519
2.10678 25.5035
3.40667 35.139
6.07202 56.2467
2.27051 26.6316
2.00215 24.9805
2.64614 29.3577
2.38596 27.3626
2.91 31.3265
2.39284 27.4111
2.01136 24.9925
8.3399 74.3163
2.39998 27.4614
2.00131 24.9808
2.23817 26.4041
2.18129 25.9654
2.13845 25.6946
4.97474 46.9293
2.03772 25.1062
2.47533 27.9976
2.33873 27.0302
137.918 1105.66
2.22902 26.34
5.98535 54.7939
2.19693 26.0666
2.00116 24.9814
2.12173 25.6083
2.97478 31.817
5.29341 50.032
2.15736 25.8132
5.21092 48.7574
4.65706 44.475
4.71926 44.956
3.34015 34.4399
2.07049 25.2882
2.34378 27.0657
9.49792 82.5898
2.11466 25.5499
3.32326 34.3122
6.6351 60.7326
2.00227 24.9804
2.20335 26.1081
2.7197 29.9042
28.1425 231.886
2.12846 25.6333
2.1246 25.6098
2.00001 24.9968
7.26359 65.7361
5.465 51.4018
3.38118 34.7487
2.00005 24.9939
9.94433 87.1053
2.22307 26.2982
2.39869 27.5495
4.29988 42.1286
3.58778 36.3143
8.90171 77.8653
2.07403 25.314
3.54248 35.9702
2.92859 31.3573
9.45315 83.1927
2.24401 26.445
2.79794 30.3788
7.49467 66.7078
2.86434 30.9832
2.00902 24.9856
3.23023 33.7743
3.78121 38.0422
2.14468 25.7581
2.07123 25.2983
2.22078 26.2821
2.05323 25.1896
2.30884 26.9024
3.44106 35.2016
3.10533 32.814
2.39018 27.4878
2.07371 25.3122
8.36421 73.6047
2.05383 25.2018
4.76702 45.3236
17.4856 147.085
5.60238 52.4983
5.51373 51.1116
2.00096 24.9834
2.40185 27.5723
2.42088 27.6095
2.06211 25.2477
7.10208 63.5974
2.01512 25.0097
2.00004 24.9947
10.0331 87.8122
3.79333 37.8732
4.49213 43.6521
4.02843 39.6619
2.31876 26.9734
3.12244 32.807
2.67509 29.4613
3.83743 38.2083
2.17733 25.9792
2.3386 27.0295
3.53148 35.887
2.18114 26.0054
2.01193 24.9992
2.17123 25.9372
8.34335 73.4392
2.29704 26.8184
2.96398 31.6224
3.85221 38.5975
2.19583 26.0595
2.89284 31.0892
6.64648 60.8234
2.03232 25.0787
3.35146 34.7121
4.20804 41.4003
2.99845 31.9971
2.01402 25.0059
2.06488 25.263
2.07458 25.3119
86.9615 700.394
2.25885 26.5493
2.21183 26.1634
21.5484 179.402
2.04143 25.1339
9.28803 81.8766
2.40011 27.4623
3.40355 34.918
2.06533 25.2655
2.00421 24.9807
3.15597 33.2024
3.83411 38.1832
3.27882 34.1496
2.04872 25.1737
4.50115 43.2757
2.07188 25.3019
2.30724 26.891
2.19957 26.0837
4.65287 44.4427
5.79774 53.3273
4.5203 43.4229
2.36773 27.3254
2.00038 24.9878
2.42246 27.7211
2.36505 27.3061
2.31825 26.887
3.18136 33.398
3.38755 34.7968
7.35447 65.5959
2.42805 27.6605
5.19849 49.2751
2.89304 31.1987
2.06795 25.28
2.17585 25.9689
101.614 816.591
2.14015 25.7283
2.69993 29.6468
3.86342 38.6851
2.06825 25.2754
3.15637 33.2054
2.10999 25.5223
5.41162 50.9755
6.26833 57.0138
2.0463 25.1603
2.14704 25.7483
2.18875 26.0583
2.4317 27.7878
2.97253 31.7998
2.93501 31.5153
9.27178 81.7472
8.58799 76.2947
2.61652 29.1378
3.58797 36.5406
2.02413 25.0413
2.52897 28.4965
22.5005 186.272
3.6428 36.7318
2.03182 25.0839
6.05218 56.0887
3.28687 34.0377
4.58656 44.4009
2.57543 28.8357
3.69837 37.1529
2.0039 24.9804
2.21237 26.167
2.00001 24.9963
2.15901 25.8537
2.00054 24.9862
3.17459 33.3457
2.90027 31.1448
2.02787 25.0579
2.07733 25.3327
8.40003 73.8893
2.14549 25.7385
2.07097 25.2969
2.16621 25.9028
2.14508 25.736
7.26717 65.7645
2.28352 26.6475
2.16138 25.8699
3.83341 38.4502
2.03491 25.0997
2.20681 26.184
3.85186 38.5947
3.60446 36.441
2.00003 24.9952
2.26437 26.5167
3.19508 33.5037
2.04869 25.1647
2.0032 24.98
3.03906 32.184
2.50167 28.1863
2.1569 25.8396
2.27408 26.6567
8.56248 76.0915
2.01009 24.9938
4.74824 45.6868
2.57165 28.8082
2.37734 27.3019
2.49594 28.2554
2.00283 24.9774
2.00041 24.9869
2.03404 25.0952
2.00109 24.9817
2.01836 25.0171
2.31096 26.8362
2.72711 29.8497
4.46161 43.4105
3.63235 36.6524
2.62861 29.1148
2.38883 27.3828
3.34877 34.6911
3.80948 37.9962
2.16691 25.9076
28.1174 231.067
2.50614 28.2184
2.51921 28.4253
3.42942 35.1138
2.1717 25.9037
7.61373 67.6521
4.33532 42.4096
3.90965 38.758
2.0476 25.1675
3.18555 33.4303
2.84721 30.7473
70.8102 571.284
2.00202 24.9786
2.0152 25.01
2.00703 24.9859
6.78309 61.9108
2.51805 28.4169
3.65914 37.0914
3.81843 38.0639
3.41821 35.029
14.333 122.02
2.2438 26.3767
2.20017 26.1379
2.30266 26.7791
3.64982 36.785
2.04209 25.1375
8.05408 71.1455
2.8486 30.8651
2.43272 27.6937
2.38798 27.3769
9.5464 82.9747
3.50938 35.7192
2.84746 30.8566
2.15775 25.8156
2.8028 30.4153
2.05703 25.2112
2.01263 25.0013
4.88355 46.2242
3.03261 32.1356
2.39498 27.4262
3.25412 33.9586
2.95383 31.6579
4.98878 47.6034
2.66757 29.4051
2.24047 26.3542
10.0683 88.0923
2.03351 25.0926
2.01063 24.9903
12.6974 108.067
2.18596 25.9956
3.36397 34.6192
2.00938 24.9918
27.592 227.499
2.07649 25.3232
3.45806 35.5367
5.97481 54.7111
3.14688 33.1324
2.6494 29.2693
2.61411 29.1199
2.2965 26.8146
3.1672 33.1407
6.68823 60.3254
2.02613 25.055
10.1906 88.0926
2.60634 28.9507
2.22491 26.2499
3.81463 38.035
4.03056 39.6783
36.2184 296.251
15.2606 129.393
3.22283 33.5569
4.31306 42.2332
5.4325 51.142
2.03137 25.0816
2.2452 26.4533
3.10082 32.7795
2.07137 25.2991
2.43504 27.8119
2.35211 27.2126
3.03162 32.1281
2.59321 28.9656
2.06515 25.2645
2.31432 26.8595
2.04594 25.1583
2.50328 28.1979
2.04379 25.1466
2.12475 25.6278
4.82087 45.7394
2.42459 27.7364
2.02361 25.0435
2.29857 26.7508
22.4329 186.44
2.45965 27.8853
2.4529 27.9413
4.64093 44.8325
2.04972 25.1703
2.11882 25.5747
4.63597 44.313
2.03805 25.1159
2.00304 24.98
2.0451 25.1537
2.35119 27.1179
2.6051 28.9417
2.35811 27.1666
2.21695 26.1971
3.94434 39.3195
2.0904 25.4079
3.99708 39.4233
2.57307 28.8186
2.00029 24.9889
2.13091 25.6678
2.05187 25.191
2.73915 29.9393
2.25526 26.4545
2.04595 25.15
7.16596 64.1025
2.13182 25.6538
2.29285 26.7114
20.4933 170.253
4.58943 43.954
2.18783 26.0077
4.56123 44.1999
5.28987 50.0035
2.58004 28.8694
10.5003 91.5329
2.0056 24.983
2.1969 26.1152
2.13219 25.6762
3.03941 32.3098
2.02212 25.0372
2.68166 29.5104
3.15012 33.0132
3.24943 33.9224
9.11617 80.5065
2.17122 25.9372
2.49826 28.2725
5.39609 50.1962
2.64433 29.3443
4.84201 46.4333
2.27908 26.6918
2.0086 24.9898
23.8514 197.05
2.01839 25.0218
4.03715 40.0482
2.04751 25.1583
2.04967 25.1789
29.2237 239.887
2.01639 25.0095
81.3315 655.563
2.18052 26.0011
2.27849 26.6877
2.75976 30.2025
6.1689 56.2327
2.22499 26.2505
4.15808 41.004
2.40768 27.6145
3.42635 35.2912
2.01023 24.9891
2.94006 31.5537
2.03848 25.1102
2.68687 29.5493
2.54239 28.5946
4.83429 46.3716
2.96428 31.6247
3.12893 32.8553
3.1666 33.1362
18.1106 151.241
7.40265 66.8433
4.89483 46.8542
2.95497 31.5549
3.07431 32.4479
2.00015 24.9909
2.18995 26.0215
2.00204 24.9806
2.62013 29.1646
2.75699 30.1819
2.21429 26.2365
2.001 24.9822
2.58387 28.786
2.05677 25.2097
3.26168 33.8479
2.05799 25.2249
2.4514 27.9304
4.64001 44.8253
5.492 51.6174
2.03924 25.1142
2.01076 24.9957
2.18828 26.0551
3.78603 37.8177
16.4589 138.062
2.02953 25.0723
2.19834 26.0757
16.1074 135.259
2.15514 25.8278
2.40106 27.469
4.48431 43.5904
2.00522 24.9785
2.04139 25.1257
2.53846 28.5659
2.2336 26.308
2.02379 25.0444
2.03592 25.1049
6.81026 62.1271
2.93493 31.4047
2 24.9986
2.20448 26.1154
2.69074 29.5783
2.18184 25.9689
2.35613 27.2416
2.41341 27.6558
13.3905 114.528
2.05449 25.2055
2.56537 28.7623
9.17064 79.9955
4.49892 43.2585
3.12983 32.8621
2.32119 26.9909
2.79319 30.4517
4.38626 42.3965
3.04501 32.3526
3.1785 33.225
18.0896 151.887
5.72439 53.4726
2.34489 27.1604
2.67346 29.5602
2.32372 26.9253
6.83516 61.4854
2.54395 28.606
2.35837 27.2578
3.43477 35.3566
2.59297 28.8527
4.79539 46.0617
3.36278 34.6104
3.0278 32.2211
6.27843 57.8923
2.01233 25.0004
2.57539 28.7239
2.24072 26.422
2.05342 25.1907
4.2818 41.9852
2.3253 26.9364
2.47074 27.9646
2.70182 29.7711
2.64605 29.2442
7.09395 63.5324
2.24177 26.4293
3.42377 35.2713
2.00766 24.9874
3.3865 34.9829
10.9397 95.0286
2.2319 26.3602
2.01212 24.9948
2.89387 31.2049
4.59468 43.9945
3.37699 34.7173
2.01499 25.0044
2.0244 25.0425
9.45051 83.1716
2.66399 29.49
3.80958 37.9968
2.04366 25.1459
2.47515 27.9963
3.64669 36.7614
2.60496 29.0522
2.01897 25.0195
3.12026 32.7907
10.0732 87.1583
3.13309 33.0264
2.8902 31.1773
2.27626 26.672
2.35544 27.1478
3.09022 32.5664
7.6583 68.006
2.04627 25.1516
5.08174 48.3447
2.8014 30.5129
3.88917 38.8865
2.00569 24.9832
2.43595 27.8185
2.25061 26.4229
4.6366 44.3173
2.87094 30.9251
