0.365851 23.1902 40.9122 284.647
0.286602 11.2498 27.0491 225.529
0.287848 15.4828 31.2887 235.407
0.47652 58.1138 76.1348 437.028
0.375386 42.3686 55.392 338.584
0.244338 13.056 24.3182 204.823
0.454602 34.5777 59.9886 382.555
0.260956 21.4968 32.5058 238.973
0.461207 33.9324 52.2389 331.829
0.479713 25.1866 46.0217 310.601
0.393801 72.8526 93.4845 519.109
0.393291 37.4253 51.915 314.298
0.427849 27.5264 57.9437 386.959
0.440263 79.701 101.281 561.905
0.366313 219.125 253.366 1138.2
0.532992 38.0572 69.992 432.763
0.294659 23.65 41.0218 310.432
0.368542 47.9773 61.4999 360.502
0.430169 22.8946 42.8523 294.694
0.346183 23.5462 37.1526 255.871
0.265758 22.1953 38.4497 282.845
0.482102 89.3578 124.63 630.198
0.398498 51.0585 70.122 433.971
0.304821 36.1101 50.8622 329.916
0.384599 42.9786 63.0801 404.977
0.400584 47.2251 88.5354 567.812
0.249343 24.2621 36.1745 264.873
0.49003 25.0002 47.7221 310.24
0.556323 55.7678 95.1824 553.195
0.345995 34.8051 48.3497 311.756
0.348983 110.933 142 728.752
0.366577 26.5229 39.6877 277.154
0.462098 55.3901 80.6941 467.956
0.544226 154.071 173.271 775.361
0.400654 34.8797 52.3903 340.079
0.651049 74.8761 119.329 650.379
0.609318 48.2405 96.5484 560.603
0.465665 32.8638 52.6542 326.166
0.503478 24.0402 48.3112 322.865
0.467879 34.3066 50.7324 318.268
0.227337 22.7573 39.2529 279.2
0.386193 31.4265 56.1775 378.067
0.42545 81.5631 124.301 749.844
0.581601 73.2184 130.833 740.002
0.424074 121.527 146.843 742.736
0.315746 12.5235 26.9887 215.785
0.396649 22.7636 44.7635 302.787
0.342753 18.3998 35.1421 267.086
0.385214 18.3619 43.4713 320.659
0.354432 27.581 40.0499 268.212
0.44065 24.7031 41.9844 286.18
0.592246 47.3979 82.1644 451.433
0.337173 11.3536 24.5408 197.889
0.319055 16.2188 30.3231 230.847
0.318736 20.9714 37.9848 280.303
0.270043 21.7296 35.263 268.813
0.184556 10.6009 23.1846 203.136
0.26252 13.7296 30.5269 251.616
0.377145 41.3919 72.6293 495.159
0.364192 17.1666 33.5023 251.94
0.399487 33.1481 47.3988 299.185
0.356101 83.9097 102.395 551.949
0.266991 60.7803 82.4989 471.642
0.606044 71.8459 115.101 596.003
0.50597 369.751 422.097 1631.98
0.482467 49.0109 68.623 401.457
0.382636 122.11 144.766 698.563
0.425503 44.9824 63.5621 390.443
0.40192 43.3925 64.2274 381.456
0.265016 15.7779 27.5397 211.558
0.282862 18.8044 33.8773 260.273
0.434089 49.2908 73.6525 447.027
0.393803 16.0921 36.1353 274.233
0.301173 32.8316 48.1299 331.535
0.348706 22.4496 45.2497 324.899
0.338869 18.4289 38.818 300.828
0.445963 23.1872 41.514 273.306
0.430237 26.4117 45.8729 309.705
0.481398 23.3225 47.9446 326.621
0.322777 23.6675 39.1342 274.645
0.381638 22.2594 36.366 250.528
0.388962 69.5889 87.9361 479.94
0.424987 38.0633 55.8509 337.02
0.532741 38.681 58.4282 354.256
0.387598 73.5074 94.5681 518.238
0.425377 796.315 885.717 3299.43
0.366812 12.9615 26.37 204.009
0.406989 68.9437 90.5665 480.52
0.405306 24.5701 41.2146 285.467
0.295194 16.2386 30.559 235.882
0.410431 57.3849 86.6115 487.009
0.463034 100.198 121.362 580.391
0.408088 27.5885 43.8597 281.141
0.433706 63.049 85.2595 473.584
0.437301 21.1342 43.5763 306.627
0.45336 154.56 193.405 883.917
0.339052 24.9374 41.8934 291.745
0.381559 23.8052 42.6051 298.389
0.546223 292.003 324.635 1251.05
0.31296 31.0805 47.896 315.328
0.434527 28.4068 43.8332 292.3
0.398045 24.319 37.9512 261.492
0.339109 42.4068 60.5597 376.772
0.332129 18.5423 34.9233 257.293
0.61909 105.221 147.092 741.637
0.380677 57.8426 73.5921 433.535
0.272368 14.8903 26.7612 213.706
0.329635 17.9258 31.2275 232.664
0.598974 70.4705 129.058 736.554
0.429906 26.7686 48.031 333.97
0.4077 26.6904 42.5426 289.044
0.339738 37.7736 52.1447 320.183
0.451682 42.1804 66.8735 419.209
0.439158 29.8792 50.7048 320.227
0.454675 87.6621 119.05 623.29
0.342425 17.9851 32.247 235.065
0.539102 31.7824 57.1473 359.358
0.344177 21.9567 35.2733 259.273
0.3107 24.2521 39.7392 273.423
0.408182 40.0949 60.5765 358.226
0.397971 60.7405 76.977 448.421
0.270724 11.9901 23.3156 191.444
0.50791 50.2035 73.5964 433.07
0.478261 84.0066 125.314 679.181
0.492275 34.826 58.5124 366.524
0.465962 42.0828 61.8927 373.869
0.391933 21.2209 40.2086 281.393
0.405184 34.1582 49.3059 305.145
0.381069 32.5264 63.7744 442.3
0.33453 45.7723 70.341 462.126
0.455213 28.3443 50.7268 334.61
0.551569 63.3175 83.9235 475.378
0.365707 26.6285 40.6497 277.054
0.374289 28.3694 45.832 313.561
0.400079 40.9786 60.9728 367.475
0.204827 11.216 23.4752 201.641
0.242849 14.271 27.5039 223.694
0.423379 34.734 51.6223 323.6
0.335358 14.9308 27.9536 217.012
0.335346 13.8958 26.9175 210.488
0.414912 35.485 59.235 372.982
0.410313 52.2733 74.957 476.719
0.56707 37.6049 65.1174 384.198
0.538425 59.0052 88.8684 470.798
0.478327 71.3012 93.6035 501.177
0.413153 85.246 105.011 541.848
0.409192 24.801 44.9939 309.779
0.336768 12.8614 28.9547 224.56
0.520964 30.0931 52.109 321.151
0.306121 13.1502 27.0515 217.368
0.443407 28.8061 50.8258 342.015
0.396034 27.1861 44.8352 293.142
0.465885 63.4038 77.7935 417.32
0.415281 54.2294 69.4428 406.055
0.366059 31.1096 50.0191 332.985
0.405556 29.7157 51.9568 340.349
0.267292 9.90709 22.1373 193.453
0.474436 32.8544 52.6572 330.166
0.444573 29.9969 50.9727 338.149
0.305747 34.8599 50.6133 336.204
0.252244 10.7657 23.9839 202.348
0.285301 20.6521 35.617 276.344
0.412892 13.7596 30.8438 231.788
0.38878 25.1864 39.8717 277.395
0.35701 30.756 46.8742 320.619
0.491302 43.3098 67.711 411.895
0.461492 20.1573 41.0737 286.476
0.485495 24.4801 49.0592 326.956
0.488956 84.4247 103.561 540.661
0.237676 8.12156 18.3798 164.48
0.458747 56.9475 75.0029 439.323
0.329234 116.626 145.196 724.264
0.236605 12.9542 24.9431 207.4
0.432146 26.6343 45.5224 314.451
0.454195 31.8503 63.926 410.017
0.446248 17.0053 36.0401 255.235
0.416451 60.3061 74.2984 412.588
0.265305 16.2911 33.7933 276.326
0.397369 123.024 140.83 664.433
0.301175 16.1037 30.3555 236.457
0.338251 16.9948 33.1162 245.321
0.318803 18.7516 35.3056 261.136
0.442504 38.7521 62.2664 380.594
0.48562 50.0832 75.013 452.802
0.341476 15.3854 28.4418 222.32
0.217941 7.75847 18.1272 167.286
0.568983 83.0307 120.872 575.452
0.49464 68.0026 86.3843 471.31
0.337682 15.8214 31.4959 238.098
0.468196 29.8013 54.4366 344.263
0.311336 19.1211 35.5749 263.913
0.33588 20.3085 36.0328 252.557
0.398865 95.9054 115.69 593.698
0.541778 48.1885 78.4089 486.488
0.343633 34.3181 57.2938 392.614
0.575754 60.9823 95.894 518.567
0.386265 18.1946 34.9287 252.843
0.336399 39.6719 55.0431 352.6
0.397819 23.3726 40.1123 286.05
0.375902 45.7166 61.1083 380.711
0.367666 26.0819 44.234 310.537
0.399013 12.7111 28.8328 220.17
0.518979 98.0281 148.397 729.88
0.683754 47.2347 87.2023 479.02
0.560005 45.2398 73.1732 438.167
0.463022 109.484 126.967 604.443
0.333848 18.4119 33.2682 237.126
0.399427 27.3167 44.7912 289.777
0.444131 26.3359 44.3139 302.788
0.330582 58.3295 76.6948 423.597
0.415906 28.6875 44.4085 299.476
0.434258 46.2085 64.5687 398.795
0.325561 22.8343 41.1335 290.687
0.328797 32.429 52.6573 336.042
0.337321 30.0819 58.5963 409.988
0.223942 20.5546 33.7714 248.152
0.385635 20.6271 37.8257 266.061
0.339872 71.6857 92.1474 530.283
0.366812 26.1476 39.7045 274.366
0.255998 27.8616 41.2716 287.532
0.361434 28.995 47.9669 321.83
0.46436 61.517 87.7349 527.081
0.558831 72.252 93.6955 500.157
0.417908 36.7057 56.2899 346.311
0.381698 17.2644 31.4782 229.246
0.42193 123.498 146.575 705.989
0.417931 35.6289 54.6145 344.042
0.384226 24.2731 43.2521 311.697
0.421229 33.5765 50.96 336.722
0.344051 108.535 130.173 653.494
0.352558 18.9027 38.7206 277.583
0.428805 27.0454 48.9713 339.287
0.325223 109.778 129.736 636.876
0.371063 28.9598 45.3731 297.883
0.478468 89.1375 108.405 549.787
0.333655 48.9739 70.8343 442.066
0.466967 59.4583 84.7995 473.593
0.394524 97.7235 125.188 697.27
0.340271 58.8246 99.2538 613.368
0.458113 56.9239 80.9431 474.165
0.366032 46.8634 65.9035 416.306
0.473783 50.8987 77.0315 476.846
0.348504 28.8238 45.7306 318.323
0.565039 75.454 94.5398 507.408
0.411951 32.9926 53.0019 339.835
0.404518 49.6536 72.6452 459.761
0.36326 39.6437 59.8466 357.768
0.502837 27.4392 49.3055 314.721
0.506613 32.6969 57.069 365.368
0.329833 35.6109 55.4077 385.467
0.586764 75.7037 110.783 553.529
0.264778 38.6542 50.0362 313.309
0.257417 24.9521 45.2904 331.9
0.41754 22.3962 39.1772 278.796
0.503215 28.1094 51.3309 330.261
0.297564 13.5971 28.9824 229.739
0.35848 19.717 34.708 253.358
0.561015 51.0349 71.3061 391.477
0.342632 34.7951 52.8454 334.094
0.427168 170.778 208.579 1015.14
0.530974 60.6671 79.8826 446.041
0.46111 28.2315 49.8376 330.947
0.299301 17.2854 31.1289 237.255
0.423643 38.934 54.2974 339.229
0.347296 26.6431 40.8647 288.692
0.408446 19.9647 37.6653 269.572
0.472045 25.5505 49.6811 331.747
0.399516 28.9674 45.1567 308.052
0.41301 34.0826 54.905 352.413
0.414467 41.0385 58.2621 370.697
0.402452 96.0794 115.931 600.271
0.490062 96.1503 112.202 539.556
0.301858 19.5193 33.7231 262.551
0.347677 37.913 70.8561 471.461
0.519356 52.3807 75.1222 425.001
0.412678 19.6127 40.5601 286.798
0.528038 34.0803 55.1844 335.934
0.39367 23.2982 45.3777 328.296
0.344856 24.6719 37.7419 272.14
0.448047 100.997 127.052 680.081
0.334821 16.0143 31.0611 235.07
0.30136 23.1006 38.4894 288.851
0.412015 20.8405 41.3676 291.494
0.30987 21.2115 35.713 266.296
0.330137 16.0377 29.2181 223.157
0.337839 19.4719 32.2727 236.851
0.322103 15.9575 31.5641 238.083
0.390227 56.3473 79.8268 489
0.425191 46.9222 70.5816 435.047
0.530853 38.1473 59.0977 349.443
0.380348 19.1092 36.126 264.146
0.460411 29.5173 46.4511 314.746
0.342495 17.2432 31.6677 233.359
0.438392 19.4942 37.7266 258.086
0.542263 57.3557 86.1881 468.564
0.409023 40.1652 62.4401 392.609
0.510421 67.6207 87.9987 466.755
0.458238 59.0675 87.7062 494.594
0.567506 85.2597 135.854 738.184
0.414506 21.0097 41.4067 284.187
0.339673 20.6834 34.0125 254.873
0.391455 25.633 42.8154 284.256
0.446906 30.3199 51.3219 337.349
0.531004 33.0776 52.2994 320.721
0.400322 108.753 140.361 758.091
0.398269 46.8709 61.8502 381.761
0.422716 79.0538 98.9855 548.002
0.359288 20.499 35.1388 251.223
0.276938 13.833 28.0386 232.952
0.349294 15.5464 30.2428 234.112
0.381609 21.1983 38.0892 276.204
0.296054 53.1355 74.1521 466.88
0.306174 22.2562 34.8238 249.945
0.30053 13.1203 25.466 204.506
0.422022 65.702 83.1659 467.065
0.406856 40.2474 61.827 376.328
0.495087 31.4701 59.3317 368.344
0.236221 14.3002 24.6405 204.937
0.371095 22.1935 38.0535 262.871
0.421694 22.4394 43.4238 310.121
0.368024 28.3863 42.8392 286.834
0.386008 56.309 80.9078 517.472
0.42343 82.5254 101.445 532.945
0.390277 23.3155 41.6978 283.241
0.235695 9.43068 20.4859 179.344
0.51126 34.668 62.1647 386.386
0.312083 26.1722 42.7006 319.364
0.351198 31.7347 46.6236 314.826
0.434488 39.7235 62.5698 404.734
0.459465 43.0759 58.7084 345.114
0.252706 42.6934 61.7776 406.041
0.343638 24.4315 39.4335 282.144
0.477592 75.2706 101.086 581.578
0.324064 27.0844 41.1885 295.732
0.468084 41.0157 68.2471 445.843
0.399641 23.0432 44.6626 312.034
0.428865 33.2629 51.7294 324.21
0.412287 21.2465 37.3423 264.569
0.266725 15.0733 30.1029 239.036
0.378049 49.8572 68.005 413.166
0.449682 84.5141 105.808 566.969
0.340136 26.4921 45.7991 327.384
0.473846 29.8625 56.2587 365.7
0.488467 23.7727 45.2341 300.908
0.278691 16.2486 31.9442 242.06
0.480859 50.8056 77.342 475.026
0.306258 14.4843 25.8563 206.192
0.308178 25.4524 38.2813 276.276
0.418386 30.8508 64.7625 449.96
0.308915 29.71 45.5829 302.272
0.363819 18.5927 32.1221 238.516
0.482047 19.0165 39.3761 265.412
0.368196 87.2056 113.919 626.55
0.312313 23.4629 37.6406 261.76
0.303147 92.481 112.682 576.192
0.325872 41.3051 69.0229 472.789
0.443864 61.2716 81.1721 465.823
0.2399 21.2414 43.9638 350.669
0.422932 66.7496 101.471 568.594
0.504964 34.6483 56.5553 368.929
0.461891 27.5397 51.7952 329.769
0.367475 101.372 126.258 649.73
0.340546 15.299 29.7013 232.079
0.373582 18.786 35.9389 270.277
0.451725 144.79 164.777 741.132
0.428674 24.8093 43.9624 287.052
0.372847 30.0282 44.4405 298.158
0.685105 224.684 272.276 1208.85
0.387492 75.4284 107.148 654.282
0.400407 39.2963 74.6402 487.998
0.479253 95.356 136.045 768.36
0.336107 38.934 56.3541 372.496
0.621617 68.7923 116.998 627.748
0.433467 25.8307 50.0374 340.289
0.496492 40.9111 64.3259 387.244
0.450064 39.4102 58.5586 350.938
0.457975 41.042 62.9454 398.913
0.460812 73.558 90.898 492.926
0.36875 192.252 266.53 1462.98
0.324313 27.0371 45.9813 341.232
0.573374 172.004 267.41 1309.02
0.54949 136.946 185.031 970.967
0.458917 108.065 135.872 674.615
0.434125 32.7091 53.7819 336.852
0.285752 116.056 143.991 713.166
0.414225 67.4845 86.5202 481.648
0.362252 31.9815 48.4102 329.583
0.341962 26.322 42.3329 310.43
0.38693 19.6488 42.1783 300.68
0.172053 7.19122 17.2527 163.898
0.447452 211.23 249.429 1091.62
0.322538 16.1487 28.9595 220.391
0.407798 20.4789 42.002 293.96
0.441453 109.634 127.226 614.935
0.509708 78.1662 98.3914 540.055
0.328094 25.8155 42.8011 294.436
0.277114 22.8658 34.7122 248.476
0.494318 210.097 233.694 946.379
0.358731 12.4356 26.9717 213.363
0.337133 15.2792 29.5814 228.461
0.518278 31.5492 54.4958 338.352
0.36813 30.8423 55.0461 376.064
0.57517 49.5974 74.1251 436.443
0.361626 46.7917 63.1714 388.939
0.452311 111.148 128.54 624.137
0.396657 22.8219 40.4111 269.086
0.340604 25.6262 37.2588 259.512
0.490579 29.4333 58.2686 360.284
0.376281 25.5513 41.6217 291.619
0.394781 74.9901 95.59 521.551
0.385838 67.8593 90.8136 533.55
0.351912 24.3763 38.6521 265.96
0.375394 28.7026 47.8804 323.337
0.350531 252.385 298.858 1344.15
0.370703 18.5225 32.8457 244.116
0.542734 41.6676 67.238 405.551
0.362191 41.4865 65.5145 388.553
0.625509 88.6973 116.432 590.848
0.53548 88.1259 148.832 809.484
0.343652 19.067 37.3752 281.542
0.342933 18.88 35.775 262.325
0.392313 44.1993 64.2555 379.265
0.427835 24.3135 41.9937 287.472
0.587 87.6612 134.839 715.866
0.404362 66.9758 108.26 652.338
0.353925 18.4832 34.2185 247.347
0.49032 43.7887 76.0739 452.307
0.255484 18.2736 29.5104 231.295
0.299963 33.3911 48.6876 312.801
0.429473 27.5874 47.9171 309.482
0.420196 21.0926 38.9156 269.447
0.491322 37.5195 57.03 352.456
0.375219 23.1418 43.3578 301.615
0.331887 145.126 174.435 852.209
0.317032 21.72 37.5809 275.153
0.464543 30.6179 52.1988 337.501
0.434203 27.5278 50.1261 341.475
0.269245 16.1477 26.991 217.482
0.377998 25.7955 43.4491 294.499
0.512736 31.7015 58.6858 374.087
0.262533 177.827 227.845 1161.62
0.395212 26.4258 43.2139 282.751
0.432291 35.4249 57.1744 342.606
0.309143 23.067 36.3266 255.964
0.468615 26.025 50.7148 325.857
0.373028 55.9753 69.9811 404.781
0.336769 16.4719 29.954 228.237
0.371687 25.549 39.2265 278.445
0.491958 53.9927 82.2016 510.323
0.467497 52.5683 72.4248 413.497
0.382693 21.7417 40.5294 270.661
0.316001 21.0926 38.5543 285.272
0.235533 19.6241 34.4689 268.653
0.307912 20.9294 36.4106 280.713
0.432411 23.8688 41.4011 279.11
0.306025 28.7025 47.8203 313.66
0.346388 206.003 252.962 1139.75
0.51227 25.0635 46.9258 293.129
0.435943 22.7429 44.3215 300.214
0.4095 22.373 41.6764 286.375
0.311677 18.057 42.0507 311.595
0.309433 19.1443 35.7405 261.195
0.322849 17.5906 31.3602 233.084
0.463697 30.1772 50.6601 322.925
0.337204 23.2674 45.213 329.221
0.386859 34.3896 49.34 318.326
0.451367 42.9558 60.4538 351.007
0.561466 82.9524 105.123 566.494
0.439331 30.8381 48.3135 312.291
0.469864 56.0401 89.1772 527.396
0.330314 34.4823 53.376 359.446
0.264943 20.11 41.8326 318.154
0.273456 15.7968 29.5168 230.246
0.389547 33.6524 47.9007 297.291
0.283163 8.9037 22.593 193.369
0.542685 119.22 178.589 902.612
0.388778 19.1013 32.6635 233.996
0.403008 32.0276 53.534 350.167
0.445573 38.7635 63.0917 378.78
0.40581 30.9634 56.2345 373.215
0.33281 17.7485 35.7884 266.987
0.368579 23.5296 40.57 287.173
0.338062 51.7462 86.0487 532.747
0.268248 23.1394 39.6075 299.685
0.531128 45.1897 75.339 469.527
0.4156 28.2538 43.9008 288.304
0.355337 22.9844 35.0754 252.277
0.430416 16.3045 34.616 247.389
0.447609 47.5885 64.6556 392.425
0.458203 22.1193 45.715 307.62
0.387921 18.3045 35.4207 256.819
0.348619 27.3024 42.0231 291.906
0.492666 35.1133 63.0775 397.209
0.599064 80.0025 102.946 543.712
0.381622 15.8049 33.3804 255.507
0.544387 53.0282 96.4345 580.78
0.466914 30.4674 51.8472 327.72
0.378309 28.7584 47.7962 323.833
0.28096 10.9574 24.0239 199.473
0.421509 60.1792 84.612 494.014
0.527684 32.0388 62.2469 401.462
0.603156 50.6354 75.0578 411.682
0.33142 15.3164 30.3991 228.665
0.381168 37.7335 50.7384 321.215
0.331097 16.9022 30.4034 237.116
0.415223 196.826 232.122 1083.45
0.417124 51.5715 68.1372 407.593
0.259057 22.9108 35.3615 266.811
0.465147 46.8576 69.422 392.873
0.401581 16.745 35.4335 256.012
0.337054 14.31 26.8288 207.942
0.34828 86.4934 117.097 711.157
0.373284 19.4541 37.8289 271.026
0.496345 47.3386 65.0654 386.065
0.187012 6.83519 16.559 157.357
0.451793 46.9486 77.0874 457.603
0.340907 12.2237 26.0626 204.682
0.543883 22.9443 47.3048 299.612
0.294762 28.098 42.2924 289.638
0.322369 34.5887 47.5755 317.641
0.28631 13.23 24.8007 199.433
0.283771 53.0272 71.3325 418.933
0.336503 13.5662 26.848 209.845
0.349936 24.023 37.1909 271.813
0.338797 15.3455 31.4221 242.428
0.413759 40.3151 57.1032 368.072
0.553522 31.448 63.9585 401.268
0.34482 50.2717 70.5923 422.37
0.375841 23.8554 40.2927 290.298
0.428064 21.4575 38.3699 265.846
0.352269 30.3895 48.7794 333.285
0.257173 16.3665 32.3459 263.141
0.398643 34.6235 57.8641 380.746
0.297099 17.2314 33.2512 253.37
0.435757 27.7083 58.209 378.406
0.342141 50.2802 72.1163 457.345
0.493587 59.8998 77.51 418.053
0.52979 61.5701 107.841 572.73
0.331162 20.0806 33.4168 251.767
0.312794 52.1208 71.4352 452.18
0.432731 56.9047 81.6577 492.656
0.483109 69.8944 88.8476 468.117
0.511868 40.3824 64.1477 386.264
0.527705 38.928 64.8987 400.809
0.342713 17.2205 33.295 249.144
0.445694 53.4104 69.7431 395.104
0.513214 44.9311 71.7284 421.463
0.27635 81.1787 101.653 542.117
0.607523 37.2532 74.8988 441.459
0.302464 13.0413 25.7627 205.21
0.642801 49.4071 82.2659 449.767
0.457115 154.606 172.749 739.664
0.431797 30.8151 54.3174 342.834
0.380272 27.7785 47.9354 320.729
0.275588 83.8852 116.076 636.991
0.370796 15.4958 30.124 232.47
0.581451 63.4744 89.9078 468.637
0.323987 22.0235 46.657 333.589
0.446763 41.0069 70.4904 438.085
0.263206 18.9816 39.087 293.868
0.385582 24.6622 42.325 287.922
0.547983 95.7336 115.126 571.304
0.41547 65.2527 89.8153 542.387
0.37664 117.167 144.646 735.295
0.480299 33.1319 56.5062 340.795
0.537556 65.9544 93.573 550.912
0.393682 30.2238 44.4624 302.829
0.330279 29.6701 44.2272 308.654
0.412846 46.5021 65.5725 405.198
0.43412 59.7642 75.3271 416.314
0.268009 28.9382 50.4878 363.91
0.214177 7.76458 18.2299 165.908
0.489404 151.811 223.228 1181.06
0.356082 96.2942 115.035 581.155
0.385867 22.5278 39.9959 276.803
0.337344 21.223 33.1041 245.227
0.397652 117.91 145.212 776.039
0.446971 92.2257 123.381 672.912
0.511538 26.5955 49.277 318.532
0.465315 32.6544 57.767 374.377
0.350448 18.6829 34.52 242.853
0.29428 17.3127 32.0503 245.648
0.493857 36.0917 61.7268 390.377
0.289096 17.0866 35.4107 272.808
0.530781 45.3477 69.56 416.502
0.389335 15.0789 36.3494 272.698
0.514329 102.148 120.967 597.548
0.316625 15.5993 31.2469 245.82
0.368885 28.5 45.9899 309.655
0.411912 23.0786 44.643 310.579
0.431476 25.1559 46.5151 318.606
0.358121 105.111 132.027 682.383
0.556731 35.4636 69.0521 407.029
0.464616 81.3006 103.828 554.148
0.369271 35.3363 48.9298 324.214
0.278306 33.5976 49.4922 340.31
0.373396 77.1957 110.87 653.147
0.470233 57.9314 75.0758 422.706
0.477841 29.0352 54.7864 352.755
0.242596 15.2001 29.2999 237.537
0.391937 18.5404 32.981 242.68
0.326009 45.6514 71.7353 477.342
0.501842 97.0457 127.518 682.242
0.284459 13.5918 27.3069 216.572
0.418696 30.5742 49.2809 321.466
0.405124 34.5414 49.1898 313.578
0.342393 20.1971 34.2209 253.413
0.643501 86.7431 114.374 590.348
0.335756 15.7138 31.8758 244.048
0.48388 32.1335 53.6098 347.317
0.560778 29.881 56.5902 349.294
0.458562 24.088 43.0478 289.412
0.376456 31.1391 48.9711 320.693
0.384875 54.4088 94.1846 585.169
0.427078 29.2765 47.8654 311.263
0.366018 28.7854 47.3932 309.807
0.433735 25.998 43.1569 288.167
0.387755 72.0112 92.6788 536.378
0.313512 36.0659 48.9484 318.424
0.386991 41.8449 63.3577 417.749
0.415598 42.29 61.6771 396.319
0.349329 12.6811 27.6126 218.51
0.398904 74.7624 93.3104 493.25
0.448401 49.5409 65.8627 393.92
0.315417 19.9219 33.5124 254.394
0.448259 24.012 43.0944 290.27
0.581561 69.0354 105.365 584.956
0.419989 37.0271 54.4108 334.185
0.233692 10.4256 23.3799 200.183
0.513251 43.2532 70.653 423.654
0.347832 13.8855 29.3156 228.976
0.348457 25.2875 40.7758 268.583
0.449868 37.7543 55.0284 336.37
0.302991 130.403 175.222 869.523
0.326716 20.7 41.7598 310.411
0.359168 21.9887 48.904 348.447
0.554253 65.8662 84.0674 437.017
0.344012 724.672 916.581 3765.55
0.261135 20.2768 33.0995 254.646
0.321766 90.1403 112.807 599.1
0.248702 26.9114 42.3089 293.41
0.323883 12.4929 27.6135 223.403
0.389224 28.6659 45.1139 289.328
0.35825 20.6787 37.9287 267.111
0.345727 29.274 44.2133 311.092
0.367863 14.6815 31.1722 236.498
0.650602 68.977 99.7339 517.592
0.459416 22.8221 44.9052 295.933
0.415313 35.7509 58.399 365.472
0.373651 58.4581 74.1895 430.844
0.380803 30.793 42.8687 280.857
0.36572 18.424 41.3819 302.824
0.429539 31.6543 51.3536 332.504
0.401627 32.0817 51.9167 328.748
0.428093 38.5699 60.5262 353.585
0.529453 61.045 81.1281 463.643
0.444686 23.3059 39.7646 273.653
0.410488 73.9796 97.3762 512.679
0.36286 18.3616 34.2146 255.249
0.286981 64.3169 82.2651 457.978
0.309027 14.5091 29.5289 233.345
0.376374 33.0935 54.2269 377.931
0.468789 765 837.172 2989.05
0.389957 70.9274 98.6008 569.468
0.314927 25.6729 44.8415 305.482
0.330046 10.3211 24.0517 198.144
0.497512 98.9933 116.398 577.767
0.630142 62.2024 85.1553 445.297
0.387169 16.0892 32.1044 241.994
0.40474 54.5055 83.667 468.5
0.496181 76.2894 100.793 567.374
0.327692 42.6768 64.7224 396.111
0.501844 87.5069 107.005 558.416
0.487722 37.8665 56.1466 341.475
0.41357 21.8656 46.9241 317.934
0.438741 28.272 53.2521 357.912
0.404568 50.3862 66.8107 405.476
0.418753 56.0327 72.5044 401.079
0.367443 77.2689 119.89 747.494
0.402253 34.9963 48.2372 315.783
0.439662 141.269 177.926 933.838
0.394763 36.3944 56.8753 351.854
0.300328 21.265 34.6419 257.679
0.362782 58.7994 90.1509 548.041
0.359091 26.5732 44.4723 306.667
0.344178 24.4671 40.8454 287.322
0.386718 37.9797 55.2663 333.924
0.517709 25.7927 47.6349 309.688
0.444314 47.0909 60.2622 350.234
0.481832 23.3345 45.8507 307.914
0.28085 17.6816 29.9841 236.949
0.451911 51.1947 69.4843 386.258
0.378129 21.8796 35.7633 257.339
0.461934 33.8284 57.4833 365.632
0.296564 43.2542 59.5595 375.92
0.345938 15.0038 30.6499 226.924
0.469237 22.6747 43.9915 292.092
0.375602 43.3707 59.5599 373.869
0.409139 94.4128 145.871 889.129
0.483384 39.1695 64.8254 397.95
0.262151 13.4009 25.2042 199.729
0.321011 23.0971 34.0056 243.131
0.509654 37.0876 73.9315 465.399
0.462859 59.272 81.5474 449.76
0.571099 38.4961 66.01 385.834
0.325256 24.0585 36.8167 265.677
0.345624 39.1533 55.723 370.133
0.496618 21.6386 46.8532 303.925
0.617041 75.5686 118.428 585.259
0.324131 25.7642 50.0634 365.636
0.303009 34.0513 49.1081 335.931
0.371864 30.1983 50.6844 333.717
0.452897 30.4518 48.9366 323.704
0.336585 29.3965 47.5503 341.655
0.378362 56.3678 80.4258 504.038
0.570735 71.4887 117.413 631.23
0.353687 50.5398 84.7544 537.65
0.523294 47.8413 78.7715 468.266
0.486345 66.2852 93.1645 565.736
0.361056 69.8989 87.0519 495.024
0.385487 43.4168 58.9838 372.252
0.542937 52.0566 78.8048 469.503
0.570514 32.3758 66.3983 409.594
0.290842 17.7995 31.5829 246.857
0.49568 113.997 131.01 615.522
0.521771 118.174 139.453 661.726
0.376438 29.8286 56.1528 377.942
0.488138 36.7351 59.4442 359.388
0.414681 79.1846 99.1308 528.914
0.366249 12.9538 28.9829 223.096
0.393887 37.0334 66.9573 430.363
0.466427 63.086 82.7929 441.922
0.526495 67.3821 98.9961 529.185
0.313654 22.1777 36.5465 275.394
0.374089 31.2444 45.1708 304.223
0.332171 29.1291 49.8067 344.459
0.35996 27.6403 51.3334 348.884
0.339147 26.2492 43.7975 316.078
0.442768 38.6747 60.0386 380.208
0.311461 46.0766 64.1377 415.72
0.363163 45.0726 79.765 517.371
0.423068 26.7446 47.7228 324.137
0.469079 42.2669 68.1211 413.034
0.350122 19.0155 41.891 312.314
0.404965 22.8183 42.7702 298.519
0.410085 28.3889 54.6387 384.211
0.296203 17.2336 33.9688 269.122
0.445204 36.5543 58.9827 369.637
0.402574 42.2563 67.641 424.978
0.339198 42.1001 56.3353 359.208
0.365045 62.7324 84.1718 470.229
0.319829 46.7361 66.0396 423.136
0.411526 90.3274 113.19 604.597
0.326202 18.4348 33.4347 249.923
0.420796 22.7479 41.8051 288.962
0.295863 18.9154 31.8877 244.027
0.310289 16.9132 31.274 240.362
0.448509 24.4693 43.5239 292.818
0.343029 22.7842 40.1447 293.501
0.327677 17.0221 31.1208 239.992
0.362081 117.653 142.385 695.692
0.316526 21.5229 39.6398 285.515
0.327084 19.6926 33.7703 246.491
0.405832 28.1661 46.9199 311.617
0.386507 26.7662 41.4095 277.861
0.406955 284.135 332.921 1401.74
0.370568 78.0752 110.587 687.564
0.69282 209.715 244.391 1040.71
0.531098 32.2403 54.7566 330.027
0.360416 285.941 342.423 1526.5
0.307678 66.2446 84.9509 485.271
0.410026 45.0066 61.8289 364.532
0.391548 26.5647 49.3878 342.195
0.509081 24.7621 46.7586 300.031
0.393652 44.0027 61.3552 381.707
0.341909 43.9285 59.6487 373.752
0.406624 23.0996 41.4463 278.362
0.340937 17.8942 33.3392 253.913
0.460211 117.004 143.434 714.537
0.385694 30.1218 54.3013 357.872
0.311492 12.4176 26.9797 219.696
0.249262 15.0783 31.3076 252.656
0.284329 22.1138 38.3971 284.6
0.430558 27.0943 51.9135 352.055
0.399252 34.1991 53.4007 327.98
0.359863 29.3322 45.8867 307.063
0.387134 36.8035 54.145 364.964
0.628161 120.395 181.574 941.404
0.489427 67.6304 93.8383 542.494
0.277084 20.431 34.437 249.232
0.447456 55.6593 73.2376 414.328
0.361853 15.706 33.1624 246.741
0.335963 14.4162 28.2291 217.48
0.373626 45.1297 64.1451 386.441
0.274455 31.6443 42.0625 277.641
0.484202 100.826 123.173 621.317
0.399919 43.8528 67.411 440.069
0.37923 19.0404 41.0355 303.373
0.560299 233.818 261.954 1107
0.44413 29.733 48.9343 309.41
0.385719 60.6107 77.9349 425.458
0.434551 15.3017 32.4897 233.526
0.391048 21.802 36.2461 258.733
0.350155 70.3698 97.3327 580.351
0.430964 26.6478 46.497 310.119
0.446675 27.116 48.4479 308.074
0.51372 45.9653 64.3963 387.082
0.247998 9.13945 19.792 174.555
0.50569 71.7137 105.747 555.201
0.325609 38.0246 50.8147 327.726
0.518712 33.614 56.3276 343.854
0.443717 26.6248 50.2386 340.849
0.368208 14.2679 30.1995 233.072
0.336586 56.2639 85.3693 505.277
0.498535 59.7079 74.8658 416.614
0.414237 36.5932 62.3548 417.403
0.342051 35.2095 49.9311 325.493
0.396424 45.7465 74.2072 477.096
0.348286 49.9413 68.1463 404.688
0.423203 26.9533 44.4698 301.722
0.397146 45.153 64.766 392.52
0.47616 41.0528 65.0214 397.968
0.32637 18.4871 33.7882 252.849
0.39044 22.1238 41.7181 296.441
0.429171 20.8012 42.2133 298.399
0.433094 66.7417 86.0176 484.831
0.298807 41.9101 53.3885 324.681
0.41488 17.3689 37.2201 267.862
0.509201 62.4458 82.5619 461.808
0.343953 18.8009 35.8293 259.326
0.469478 47.254 69.8892 406.531
0.372855 40.1333 63.3002 412.16
0.272651 22.2954 32.8512 242.984
0.313558 27.1425 39.8857 286.865
0.499723 75.9926 93.3596 478.488
0.352607 27.8134 50.283 348.67
0.412094 94.3003 121.577 632.931
0.463167 36.78 57.6065 355.247
0.46053 47.7353 68.1243 403.75
0.547837 29.7239 53.0813 320.676
0.289537 16.6434 37.6018 298.414
0.31014 33.7704 45.6312 297.377
0.535626 272.573 301.096 1200.59
0.524267 34.4963 64.9001 384.27
0.592636 52.7344 85.2846 479.218
0.27736 135.942 170.93 884.393
0.363111 23.4255 42.4326 289.257
0.428758 40.39 63.1447 384.691
0.436235 118.406 147.641 766.242
0.325778 15.1224 33.284 257.401
0.490056 30.1036 57.2652 370.207
0.547288 37.5003 64.9545 373.033
0.5948 38.6823 69.2885 409.308
0.499923 25.3348 48.6828 321.451
0.529333 78.2757 99.6517 511.796
0.364154 16.9448 33.9185 252.759
0.402263 24.7345 39.6789 262.128
0.422143 51.911 66.9479 382.723
0.281834 16.4126 32.9898 263.846
0.279112 20.433 32.9999 245.899
0.320625 15.8829 28.156 220.355
0.258388 33.8276 47.9056 324.538
0.559607 89.3211 106.899 535.633
0.276378 23.4033 43.964 333.159
0.385471 96.1829 116.086 598.188
0.329647 33.1775 51.6049 337.717
0.349456 28.6992 44.3743 304.724
0.371933 28.364 51.8461 352.427
0.438431 58.6189 78.4311 453.869
0.556799 63.7875 88.107 469.497
0.422486 29.6945 58.7088 399.459
0.460606 26.0393 44.3652 299.81
0.287947 115.694 137.869 665.428
0.419435 47.4456 65.1443 403.748
0.419494 14.4784 33.5914 249.097
0.270061 15.2029 31.2725 247.126
0.28881 16.6759 29.4814 235.787
0.564086 67.1748 99.4002 517.14
0.509919 55.1729 87.7016 509.496
0.498747 43.1543 84.5556 541.445
0.509975 100.708 119.343 575.179
0.398015 34.4977 53.903 350.862
0.403335 22.6415 39.0101 269.507
0.415709 103.92 124.002 613.236
0.26189 37.9377 57.0338 378.498
0.282963 18.9239 30.6511 236.349
0.318877 13.7445 27.1638 219.143
0.342608 18.3091 36.181 265.236
0.332768 32.3681 51.594 355.28
0.310764 12.4718 28.213 225.729
0.328588 12.9476 27.0477 214.102
0.377603 36.0312 67.0857 452.323
0.330773 43.3897 64.7434 444.69
0.243877 13.1644 26.9607 224.42
0.329083 35.3032 47.3021 309.18
0.272821 14.1389 30.2193 244.7
0.380697 15.1542 36.1955 275.138
0.444773 48.7947 70.929 412.214
0.54453 102.749 157.385 813.004
0.415927 28.624 47.223 315.453
0.416058 30.9955 55.0904 355.054
0.30783 28.1391 39.2026 261.266
0.481181 80.9601 99.0316 529.385
0.309144 31.7952 47.2184 320.563
0.375821 45.9783 65.213 421.641
0.475654 91.2361 110.188 555.049
0.528548 27.6852 54.4663 353.704
0.311785 15.7296 28.4435 222.443
0.45043 19.5827 38.3454 262.39
0.408611 36.0584 65.1945 424.01
0.374568 18.0486 37.4656 270.519
0.408176 26.703 46.6555 314.187
0.428829 16.4408 35.6606 254.063
0.283648 13.7791 28.0089 225.818
0.364656 29.3004 51.1051 332.963
0.282477 20.6746 34.1444 258.517
0.387283 35.9807 51.3059 340.043
0.204321 7.63742 17.6123 161.62
0.41153 47.2864 62.7276 384.629
0.367239 68.0614 93.6566 525.312
0.272023 13.9038 30.1671 243.786
0.324759 21.5947 37.6918 279.238
0.282027 17.1275 29.3752 218.692
0.225166 17.2354 29.0359 237.453
0.467976 131.307 168.517 872.343
0.373046 30.4751 45.5687 301.939
0.438116 27.5757 48.1829 323.258
0.416214 22.9907 39.1165 273.942
0.336612 19.2472 34.516 257.208
0.303827 25.8405 60.7867 461.882
0.324868 18.2107 30.5978 237.551
0.381698 24 42.0103 293.353
0.346226 20.517 35.5936 260.995
0.539162 94.7984 111.783 544.06
0.401952 36.5253 56.4378 348.476
0.383361 23.4786 35.9772 252.585
0.35789 52.8421 83.8628 541.185
0.356653 18.8002 34.2249 255.384
0.45886 35.337 53.2937 337.733
0.320888 24.8833 41.8089 284.976
0.561556 45.7624 78.3944 457.502
0.404306 172.948 206.662 957.714
0.335656 51.9086 93.9449 534.094
0.324916 31.1425 44.2472 302.03
0.418045 24.8602 41.8834 290.232
0.345673 14.1547 28.3471 221.056
0.334052 13.2157 28.6273 229.563
0.289857 33.5729 45.8606 306.279
0.461985 33.2147 60.1842 372.724
0.411801 26.0187 40.3826 270.417
0.448744 37.3207 64.1362 408.025
0.32076 26.7238 39.6355 269.292
0.329992 39.1518 58.3718 387.4
0.211364 12.8907 25.2587 211.756
0.35303 43.1431 67.8752 460.017
0.568896 78.5146 101.576 546.328
0.371089 31.6909 49.069 333.981
0.337177 54.5283 89.0151 496.773
0.276463 12.57 22.9711 187.531
0.332088 45.6689 58.4609 352.821
0.251954 33.1482 44.7666 294.483
0.481509 27.2704 51.1798 330.326
0.403941 41.804 71.0442 462.686
0.511187 95.5276 143.092 828.303
0.685813 378.532 411.882 1549.88
0.208908 16.7406 36.2856 287.313
0.368002 23.8244 39.5843 270.185
0.29372 74.3577 92.5504 495.462
0.520695 25.1591 47.4348 306.663
0.383747 37.7174 54.9395 347.44
0.312562 39.0808 66.1135 436.801
0.496227 28.113 47.1609 305.542
0.511196 23.6124 47.5482 310.269
0.35786 40.9828 59.5846 380.716
0.223392 8.74229 20.8484 189.081
0.351769 22.0129 36.7643 267.644
0.504976 126.944 155.633 782.912
0.358809 65.079 82.5098 464.01
0.389028 74.8223 92.5475 521.233
0.449106 38.0645 55.499 354.022
0.38299 19.6499 40.5143 285.302
0.349274 16.2587 31.3006 237.205
0.428232 16.4695 34.4393 248.318
0.481461 91.4809 121.893 637.007
0.219586 58.8752 84.9213 514.763
0.43542 29.9802 54.243 359.555
0.500078 37.2128 69.7084 444.976
0.528877 62.7039 98.4275 551.601
0.446396 213.264 293.876 1480.61
0.384025 39.4114 52.9417 330.646
0.436706 30.1737 51.5408 325.688
0.455646 25.7764 43.16 279.528
0.386963 28.5374 46.6904 309.359
0.540736 39.6309 63.2233 365.696
0.574488 34.0186 62.9184 362.914
0.339337 13.0348 29.3622 226.046
0.459966 55.1344 86.3046 495.449
0.43074 27.1844 50.5114 336.105
0.366573 25.9714 41.8598 295.066
0.696218 514.719 546.019 1842.22
